Time(ms),Dir,ID,Len,B0,B1,B2,B3,B4,B5,B6,B7,Decoded
2800,TX,0x201,3,0x3D,0x3D,0x40,0x64,,,,,"Request register 0x40"
2807,TX,0x201,3,0x3D,0x3D,0x30,0x64,,,,,"Request register 0x30"
2813,TX,0x201,3,0x3D,0x3D,0x40,0x00,,,,,"Request register 0x40"
2819,RX,0x181,6,0x40,0x40,0x10,0x03,0x80,0x00,0x00,,"Status word = 0x0310"
2826,RX,0x181,4,0x30,0x30,0x00,0x00,0x01,,,,"Speed feedback = 0 rpm"
2832,RX,0x181,6,0x40,0x40,0x10,0x03,0x80,0x00,0x0B,,"Status word = 0x0310"
2838,RX,0x181,6,0x40,0x40,0x10,0x03,0x80,0x00,0x0B,,"Status word = 0x0310"
2944,TX,0x201,3,0x3D,0x3D,0xEB,0x00,,,,,"Request register 0xEB"
3150,TX,0x201,3,0x8E,0x8E,0x00,0x00,,,,,"Clear all error flags"
3357,TX,0x201,3,0xD0,0xD0,0xD0,0x07,,,,,"Set CAN timeout = 2000 ms"
3613,TX,0x201,3,0x8E,0x8E,0x00,0x00,,,,,"Clear all error flags"
3720,TX,0x201,3,0x51,0x51,0x04,0x00,,,,,"Lock/Disable drive"
3826,TX,0x201,3,0x51,0x51,0x00,0x00,,,,,"Enable drive"
3832,TX,0x201,3,0x3D,0x3D,0x40,0x00,,,,,"Request register 0x40"
4339,TX,0x201,3,0x90,0x90,0x00,0x00,,,,,"Set torque = 0"
5066,RX,0x181,6,0x40,0x40,0x11,0x43,0x80,0x00,0x0B,,"Status word = 0x4311"
5072,RX,0x181,4,0x30,0x30,0x00,0x00,0x01,,,,"Speed feedback = 0 rpm"
5078,RX,0x181,6,0x40,0x40,0x11,0x43,0x80,0x00,0x0B,,"Status word = 0x4311"
5084,RX,0x181,4,0x30,0x30,0x00,0x00,0x01,,,,"Speed feedback = 0 rpm"
5091,TX,0x201,3,0x90,0x90,0x00,0x00,,,,,"Set torque = 0"
5097,RX,0x181,6,0x40,0x40,0x11,0x43,0x80,0x00,0x0B,,"Status word = 0x4311"
5103,RX,0x181,4,0x30,0x30,0x00,0x00,0x01,,,,"Speed feedback = 0 rpm"
5117,TX,0x201,3,0x90,0x90,0x00,0x00,,,,,"Set torque = 0"
5143,TX,0x201,3,0x90,0x90,0x00,0x00,,,,,"Set torque = 0"
5169,TX,0x201,3,0x90,0x90,0x00,0x00,,,,,"Set torque = 0"
5195,TX,0x201,3,0x90,0x90,0x00,0x00,,,,,"Set torque = 0"
5201,RX,0x181,6,0x40,0x40,0x11,0x43,0x80,0x00,0x0B,,"Status word = 0x4311"
5207,RX,0x181,4,0x30,0x30,0x00,0x00,0x01,,,,"Speed feedback = 0 rpm"
5221,TX,0x201,3,0x90,0x90,0x00,0x00,,,,,"Set torque = 0"
5247,TX,0x201,3,0x90,0x90,0x00,0x00,,,,,"Set torque = 0"
5273,TX,0x201,3,0x90,0x90,0x00,0x00,,,,,"Set torque = 0"
5296,RX,0x181,6,0x40,0x40,0x11,0x43,0x80,0x00,0x0B,,"Status word = 0x4311"
5302,TX,0x201,3,0x90,0x90,0x00,0x00,,,,,"Set torque = 0"
5308,RX,0x181,4,0x30,0x30,0x00,0x00,0x01,,,,"Speed feedback = 0 rpm"
5396,TX,0x201,3,0x90,0x90,0x00,0x00,,,,,"Set torque = 0"
5402,RX,0x181,6,0x40,0x40,0x11,0x43,0x80,0x00,0x0B,,"Status word = 0x4311"
5408,RX,0x181,4,0x30,0x30,0x00,0x00,0x01,,,,"Speed feedback = 0 rpm"
5422,TX,0x201,3,0x90,0x90,0x00,0x00,,,,,"Set torque = 0"
5448,TX,0x201,3,0x90,0x90,0x00,0x00,,,,,"Set torque = 0"
5474,TX,0x201,3,0x90,0x90,0x00,0x00,,,,,"Set torque = 0"
5496,RX,0x181,6,0x40,0x40,0x11,0x43,0x80,0x00,0x0B,,"Status word = 0x4311"
5502,TX,0x201,3,0x90,0x90,0x00,0x00,,,,,"Set torque = 0"
5508,RX,0x181,4,0x30,0x30,0x00,0x00,0x01,,,,"Speed feedback = 0 rpm"
5528,TX,0x201,3,0x90,0x90,0x00,0x00,,,,,"Set torque = 0"
5554,TX,0x201,3,0x90,0x90,0x00,0x00,,,,,"Set torque = 0"
5580,TX,0x201,3,0x90,0x90,0x00,0x00,,,,,"Set torque = 0"
5596,RX,0x181,6,0x40,0x40,0x11,0x43,0x80,0x00,0x0B,,"Status word = 0x4311"
5603,RX,0x181,4,0x30,0x30,0x00,0x00,0x01,,,,"Speed feedback = 0 rpm"
5609,TX,0x201,3,0x90,0x90,0x00,0x00,,,,,"Set torque = 0"
5635,TX,0x201,3,0x90,0x90,0x00,0x00,,,,,"Set torque = 0"
5661,TX,0x201,3,0x90,0x90,0x00,0x00,,,,,"Set torque = 0"
5687,TX,0x201,3,0x90,0x90,0x00,0x00,,,,,"Set torque = 0"
5695,RX,0x181,6,0x40,0x40,0x11,0x43,0x80,0x00,0x0B,,"Status word = 0x4311"
5702,RX,0x181,4,0x30,0x30,0x00,0x00,0x01,,,,"Speed feedback = 0 rpm"
5713,TX,0x201,3,0x90,0x90,0x00,0x00,,,,,"Set torque = 0"
5739,TX,0x201,3,0x90,0x90,0x00,0x00,,,,,"Set torque = 0"
5765,TX,0x201,3,0x90,0x90,0x00,0x00,,,,,"Set torque = 0"
5791,TX,0x201,3,0x90,0x90,0x00,0x00,,,,,"Set torque = 0"
5886,RX,0x181,6,0x40,0x40,0x11,0x43,0x80,0x00,0x0B,,"Status word = 0x4311"
5892,RX,0x181,4,0x30,0x30,0x00,0x00,0x01,,,,"Speed feedback = 0 rpm"
5898,RX,0x181,6,0x40,0x40,0x11,0x43,0x80,0x00,0x0B,,"Status word = 0x4311"
5905,RX,0x181,4,0x30,0x30,0x00,0x00,0x01,,,,"Speed feedback = 0 rpm"
5911,TX,0x201,3,0x90,0x90,0x00,0x00,,,,,"Set torque = 0"
5937,TX,0x201,3,0x90,0x90,0x00,0x00,,,,,"Set torque = 0"
5963,TX,0x201,3,0x90,0x90,0x00,0x00,,,,,"Set torque = 0"
5989,TX,0x201,3,0x90,0x90,0x00,0x00,,,,,"Set torque = 0"
5995,RX,0x181,6,0x40,0x40,0x11,0x43,0x80,0x00,0x0B,,"Status word = 0x4311"
6002,RX,0x181,4,0x30,0x30,0x00,0x00,0x01,,,,"Speed feedback = 0 rpm"
6015,TX,0x201,3,0x90,0x90,0x00,0x00,,,,,"Set torque = 0"
6041,TX,0x201,3,0x90,0x90,0x00,0x00,,,,,"Set torque = 0"
6067,TX,0x201,3,0x90,0x90,0x00,0x00,,,,,"Set torque = 0"
6093,TX,0x201,3,0x90,0x90,0x00,0x00,,,,,"Set torque = 0"
6099,RX,0x181,6,0x40,0x40,0x11,0x43,0x80,0x00,0x0B,,"Status word = 0x4311"
6105,RX,0x181,4,0x30,0x30,0x00,0x00,0x01,,,,"Speed feedback = 0 rpm"
6119,TX,0x201,3,0x90,0x90,0x00,0x00,,,,,"Set torque = 0"
6145,TX,0x201,3,0x90,0x90,0x00,0x00,,,,,"Set torque = 0"
6171,TX,0x201,3,0x90,0x90,0x00,0x00,,,,,"Set torque = 0"
6195,RX,0x181,6,0x40,0x40,0x11,0x43,0x80,0x00,0x0B,,"Status word = 0x4311"
6201,TX,0x201,3,0x90,0x90,0x00,0x00,,,,,"Set torque = 0"
6207,RX,0x181,4,0x30,0x30,0x00,0x00,0x01,,,,"Speed feedback = 0 rpm"
6227,TX,0x201,3,0x90,0x90,0x00,0x00,,,,,"Set torque = 0"
6253,TX,0x201,3,0x90,0x90,0x00,0x00,,,,,"Set torque = 0"
6348,RX,0x181,6,0x40,0x40,0x11,0x43,0x80,0x00,0x0B,,"Status word = 0x4311"
6354,RX,0x181,4,0x30,0x30,0x00,0x00,0x01,,,,"Speed feedback = 0 rpm"
6368,TX,0x201,3,0x90,0x90,0x00,0x00,,,,,"Set torque = 0"
6394,TX,0x201,3,0x90,0x90,0x00,0x00,,,,,"Set torque = 0"
6400,RX,0x181,6,0x40,0x40,0x11,0x43,0x80,0x00,0x0B,,"Status word = 0x4311"
6406,RX,0x181,4,0x30,0x30,0x00,0x00,0x01,,,,"Speed feedback = 0 rpm"
6420,TX,0x201,3,0x90,0x90,0x00,0x00,,,,,"Set torque = 0"
6446,TX,0x201,3,0x90,0x90,0x00,0x00,,,,,"Set torque = 0"
6472,TX,0x201,3,0x90,0x90,0x00,0x00,,,,,"Set torque = 0"
6494,RX,0x181,6,0x40,0x40,0x11,0x43,0x80,0x00,0x0B,,"Status word = 0x4311"
6500,TX,0x201,3,0x90,0x90,0x00,0x00,,,,,"Set torque = 0"
6507,RX,0x181,4,0x30,0x30,0x00,0x00,0x01,,,,"Speed feedback = 0 rpm"
6527,TX,0x201,3,0x90,0x90,0x00,0x00,,,,,"Set torque = 0"
6553,TX,0x201,3,0x90,0x90,0x00,0x00,,,,,"Set torque = 0"
6579,TX,0x201,3,0x90,0x90,0x00,0x00,,,,,"Set torque = 0"
6594,RX,0x181,6,0x40,0x40,0x11,0x43,0x80,0x00,0x0B,,"Status word = 0x4311"
6601,RX,0x181,4,0x30,0x30,0x00,0x00,0x01,,,,"Speed feedback = 0 rpm"
6607,TX,0x201,3,0x90,0x90,0x00,0x00,,,,,"Set torque = 0"
6633,TX,0x201,3,0x90,0x90,0x00,0x00,,,,,"Set torque = 0"
6659,TX,0x201,3,0x90,0x90,0x00,0x00,,,,,"Set torque = 0"
6685,TX,0x201,3,0x90,0x90,0x00,0x00,,,,,"Set torque = 0"
6694,RX,0x181,6,0x40,0x40,0x11,0x43,0x80,0x00,0x0B,,"Status word = 0x4311"
6701,RX,0x181,4,0x30,0x30,0x00,0x00,0x01,,,,"Speed feedback = 0 rpm"
6711,TX,0x201,3,0x90,0x90,0x00,0x00,,,,,"Set torque = 0"
6797,RX,0x181,6,0x40,0x40,0x11,0x43,0x80,0x00,0x0B,,"Status word = 0x4311"
6804,RX,0x181,4,0x30,0x30,0x00,0x00,0x01,,,,"Speed feedback = 0 rpm"
6817,TX,0x201,3,0x90,0x90,0x00,0x00,,,,,"Set torque = 0"
6843,TX,0x201,3,0x90,0x90,0x00,0x00,,,,,"Set torque = 0"
6869,TX,0x201,3,0x90,0x90,0x00,0x00,,,,,"Set torque = 0"
6894,RX,0x181,6,0x40,0x40,0x11,0x43,0x80,0x00,0x0B,,"Status word = 0x4311"
6900,TX,0x201,3,0x90,0x90,0x00,0x00,,,,,"Set torque = 0"
6906,RX,0x181,4,0x30,0x30,0x00,0x00,0x01,,,,"Speed feedback = 0 rpm"
6926,TX,0x201,3,0x90,0x90,0x00,0x00,,,,,"Set torque = 0"
6952,TX,0x201,3,0x90,0x90,0x00,0x00,,,,,"Set torque = 0"
6978,TX,0x201,3,0x90,0x90,0x00,0x00,,,,,"Set torque = 0"
6993,RX,0x181,6,0x40,0x40,0x11,0x43,0x80,0x00,0x0B,,"Status word = 0x4311"
7000,RX,0x181,4,0x30,0x30,0x00,0x00,0x01,,,,"Speed feedback = 0 rpm"
7007,TX,0x201,3,0x90,0x90,0x00,0x00,,,,,"Set torque = 0"
7033,TX,0x201,3,0x90,0x90,0x00,0x00,,,,,"Set torque = 0"
7059,TX,0x201,3,0x90,0x90,0x00,0x00,,,,,"Set torque = 0"
7085,TX,0x201,3,0x90,0x90,0x00,0x00,,,,,"Set torque = 0"
7093,RX,0x181,6,0x40,0x40,0x11,0x43,0x80,0x00,0x0B,,"Status word = 0x4311"
7100,RX,0x181,4,0x30,0x30,0x00,0x00,0x01,,,,"Speed feedback = 0 rpm"
7111,TX,0x201,3,0x90,0x90,0x00,0x00,,,,,"Set torque = 0"
7137,TX,0x201,3,0x90,0x90,0x00,0x00,,,,,"Set torque = 0"
7163,TX,0x201,3,0x90,0x90,0x00,0x00,,,,,"Set torque = 0"
7189,TX,0x201,3,0x90,0x90,0x00,0x00,,,,,"Set torque = 0"
7195,RX,0x181,6,0x40,0x40,0x11,0x43,0x80,0x00,0x0B,,"Status word = 0x4311"
7286,RX,0x181,4,0x30,0x30,0x00,0x00,0x01,,,,"Speed feedback = 0 rpm"
7292,TX,0x201,3,0x90,0x90,0x00,0x00,,,,,"Set torque = 0"
7298,RX,0x181,6,0x40,0x40,0x11,0x43,0x80,0x00,0x0B,,"Status word = 0x4311"
7304,RX,0x181,4,0x30,0x30,0x00,0x00,0x01,,,,"Speed feedback = 0 rpm"
7318,TX,0x201,3,0x90,0x90,0x00,0x00,,,,,"Set torque = 0"
7344,TX,0x201,3,0x90,0x90,0x00,0x00,,,,,"Set torque = 0"
7370,TX,0x201,3,0x90,0x90,0x00,0x00,,,,,"Set torque = 0"
7393,RX,0x181,6,0x40,0x40,0x11,0x43,0x80,0x00,0x0B,,"Status word = 0x4311"
7399,TX,0x201,3,0x90,0x90,0x00,0x00,,,,,"Set torque = 0"
7406,RX,0x181,4,0x30,0x30,0x00,0x00,0x01,,,,"Speed feedback = 0 rpm"
7426,TX,0x201,3,0x90,0x90,0x00,0x00,,,,,"Set torque = 0"
7452,TX,0x201,3,0x90,0x90,0x00,0x00,,,,,"Set torque = 0"
7478,TX,0x201,3,0x90,0x90,0x00,0x00,,,,,"Set torque = 0"
7493,RX,0x181,6,0x40,0x40,0x11,0x43,0x80,0x00,0x0B,,"Status word = 0x4311"
7500,RX,0x181,4,0x30,0x30,0x00,0x00,0x01,,,,"Speed feedback = 0 rpm"
7506,TX,0x201,3,0x90,0x90,0x00,0x00,,,,,"Set torque = 0"
7532,TX,0x201,3,0x90,0x90,0x00,0x00,,,,,"Set torque = 0"
7558,TX,0x201,3,0x90,0x90,0x00,0x00,,,,,"Set torque = 0"
7584,TX,0x201,3,0x90,0x90,0x00,0x00,,,,,"Set torque = 0"
7592,RX,0x181,6,0x40,0x40,0x11,0x43,0x80,0x00,0x0B,,"Status word = 0x4311"
7599,RX,0x181,4,0x30,0x30,0x00,0x00,0x01,,,,"Speed feedback = 0 rpm"
7610,TX,0x201,3,0x90,0x90,0x00,0x00,,,,,"Set torque = 0"
7636,TX,0x201,3,0x90,0x90,0x00,0x00,,,,,"Set torque = 0"
7662,TX,0x201,3,0x90,0x90,0x00,0x00,,,,,"Set torque = 0"
7752,RX,0x181,6,0x40,0x40,0x11,0x43,0x80,0x00,0x0B,,"Status word = 0x4311"
7758,RX,0x181,4,0x30,0x30,0x00,0x00,0x01,,,,"Speed feedback = 0 rpm"
7772,TX,0x201,3,0x90,0x90,0x00,0x00,,,,,"Set torque = 0"
7792,RX,0x181,6,0x40,0x40,0x11,0x43,0x80,0x00,0x0B,,"Status word = 0x4311"
7798,TX,0x201,3,0x90,0x90,0x00,0x00,,,,,"Set torque = 0"
7805,RX,0x181,4,0x30,0x30,0x00,0x00,0x01,,,,"Speed feedback = 0 rpm"
7825,TX,0x201,3,0x90,0x90,0x00,0x00,,,,,"Set torque = 0"
7851,TX,0x201,3,0x90,0x90,0x00,0x00,,,,,"Set torque = 0"
7877,TX,0x201,3,0x90,0x90,0x00,0x00,,,,,"Set torque = 0"
7892,RX,0x181,6,0x40,0x40,0x11,0x43,0x80,0x00,0x0B,,"Status word = 0x4311"
7899,RX,0x181,4,0x30,0x30,0x00,0x00,0x01,,,,"Speed feedback = 0 rpm"
7905,TX,0x201,3,0x90,0x90,0x00,0x00,,,,,"Set torque = 0"
7932,TX,0x201,3,0x90,0x90,0x00,0x00,,,,,"Set torque = 0"
7958,TX,0x201,3,0x90,0x90,0x00,0x00,,,,,"Set torque = 0"
7984,TX,0x201,3,0x90,0x90,0x00,0x00,,,,,"Set torque = 0"
7992,RX,0x181,6,0x40,0x40,0x11,0x43,0x80,0x00,0x0B,,"Status word = 0x4311"
7999,RX,0x181,4,0x30,0x30,0x00,0x00,0x01,,,,"Speed feedback = 0 rpm"
8010,TX,0x201,3,0x90,0x90,0x00,0x00,,,,,"Set torque = 0"
8036,TX,0x201,3,0x90,0x90,0x00,0x00,,,,,"Set torque = 0"
8062,TX,0x201,3,0x90,0x90,0x00,0x00,,,,,"Set torque = 0"
8088,TX,0x201,3,0x90,0x90,0x00,0x00,,,,,"Set torque = 0"
8094,RX,0x181,6,0x40,0x40,0x11,0x43,0x80,0x00,0x0B,,"Status word = 0x4311"
8100,RX,0x181,4,0x30,0x30,0x00,0x00,0x01,,,,"Speed feedback = 0 rpm"
8114,TX,0x201,3,0x90,0x90,0x00,0x00,,,,,"Set torque = 0"
8204,RX,0x181,6,0x40,0x40,0x11,0x43,0x80,0x00,0x0B,,"Status word = 0x4311"
8211,RX,0x181,4,0x30,0x30,0x00,0x00,0x01,,,,"Speed feedback = 0 rpm"
8224,TX,0x201,3,0x90,0x90,0x00,0x00,,,,,"Set torque = 0"
8250,TX,0x201,3,0x90,0x90,0x00,0x00,,,,,"Set torque = 0"
8276,TX,0x201,3,0x90,0x90,0x00,0x00,,,,,"Set torque = 0"
8291,RX,0x181,6,0x40,0x40,0x11,0x43,0x80,0x00,0x0B,,"Status word = 0x4311"
8298,RX,0x181,4,0x30,0x30,0x00,0x00,0x01,,,,"Speed feedback = 0 rpm"
8304,TX,0x201,3,0x90,0x90,0x00,0x00,,,,,"Set torque = 0"
8331,TX,0x201,3,0x90,0x90,0x00,0x00,,,,,"Set torque = 0"
8357,TX,0x201,3,0x90,0x90,0x00,0x00,,,,,"Set torque = 0"
8383,TX,0x201,3,0x90,0x90,0x00,0x00,,,,,"Set torque = 0"
8391,RX,0x181,6,0x40,0x40,0x11,0x43,0x80,0x00,0x0B,,"Status word = 0x4311"
8398,RX,0x181,4,0x30,0x30,0x00,0x00,0x01,,,,"Speed feedback = 0 rpm"
8409,TX,0x201,3,0x90,0x90,0x00,0x00,,,,,"Set torque = 0"
8435,TX,0x201,3,0x90,0x90,0x00,0x00,,,,,"Set torque = 0"
8461,TX,0x201,3,0x90,0x90,0x00,0x00,,,,,"Set torque = 0"
8487,TX,0x201,3,0x90,0x90,0x00,0x00,,,,,"Set torque = 0"
8493,RX,0x181,6,0x40,0x40,0x11,0x43,0x80,0x00,0x0B,,"Status word = 0x4311"
8499,RX,0x181,4,0x30,0x30,0x00,0x00,0x01,,,,"Speed feedback = 0 rpm"
8513,TX,0x201,3,0x90,0x90,0x00,0x00,,,,,"Set torque = 0"
8539,TX,0x201,3,0x90,0x90,0x00,0x00,,,,,"Set torque = 0"
8565,TX,0x201,3,0x90,0x90,0x00,0x00,,,,,"Set torque = 0"
8591,TX,0x201,3,0x90,0x90,0x00,0x00,,,,,"Set torque = 0"
8683,RX,0x181,6,0x40,0x40,0x11,0x43,0x80,0x00,0x0B,,"Status word = 0x4311"
8689,RX,0x181,4,0x30,0x30,0x00,0x00,0x01,,,,"Speed feedback = 0 rpm"
8695,RX,0x181,6,0x40,0x40,0x11,0x43,0x80,0x00,0x0B,,"Status word = 0x4311"
8702,RX,0x181,4,0x30,0x30,0x00,0x00,0x01,,,,"Speed feedback = 0 rpm"
8708,TX,0x201,3,0x90,0x90,0x00,0x00,,,,,"Set torque = 0"
8734,TX,0x201,3,0x90,0x90,0x00,0x00,,,,,"Set torque = 0"
8760,TX,0x201,3,0x90,0x90,0x00,0x00,,,,,"Set torque = 0"
8786,TX,0x201,3,0x90,0x90,0x00,0x00,,,,,"Set torque = 0"
8792,RX,0x181,6,0x40,0x40,0x11,0x43,0x80,0x00,0x0B,,"Status word = 0x4311"
8798,RX,0x181,4,0x30,0x30,0x00,0x00,0x01,,,,"Speed feedback = 0 rpm"
8812,TX,0x201,3,0x90,0x90,0x00,0x00,,,,,"Set torque = 0"
8838,TX,0x201,3,0x90,0x90,0x00,0x00,,,,,"Set torque = 0"
8864,TX,0x201,3,0x90,0x90,0x00,0x00,,,,,"Set torque = 0"
8890,TX,0x201,3,0x90,0x90,0x00,0x00,,,,,"Set torque = 0"
8896,RX,0x181,6,0x40,0x40,0x11,0x43,0x80,0x00,0x0B,,"Status word = 0x4311"
8902,RX,0x181,4,0x30,0x30,0x00,0x00,0x01,,,,"Speed feedback = 0 rpm"
8916,TX,0x201,3,0x90,0x90,0x00,0x00,,,,,"Set torque = 0"
8942,TX,0x201,3,0x90,0x90,0x00,0x00,,,,,"Set torque = 0"
8968,TX,0x201,3,0x90,0x90,0x00,0x00,,,,,"Set torque = 0"
8990,RX,0x181,6,0x40,0x40,0x11,0x43,0x80,0x00,0x0B,,"Status word = 0x4311"
8996,TX,0x201,3,0x90,0x90,0x00,0x00,,,,,"Set torque = 0"
9003,RX,0x181,4,0x30,0x30,0x00,0x00,0x01,,,,"Speed feedback = 0 rpm"
9023,TX,0x201,3,0x90,0x90,0x00,0x00,,,,,"Set torque = 0"
9049,TX,0x201,3,0x90,0x90,0x00,0x00,,,,,"Set torque = 0"
9141,RX,0x181,6,0x40,0x40,0x11,0x43,0x80,0x00,0x0B,,"Status word = 0x4311"
9147,RX,0x181,4,0x30,0x30,0x00,0x00,0x01,,,,"Speed feedback = 0 rpm"
9161,TX,0x201,3,0x90,0x90,0x00,0x00,,,,,"Set torque = 0"
9187,TX,0x201,3,0x90,0x90,0x00,0x00,,,,,"Set torque = 0"
9193,RX,0x181,6,0x40,0x40,0x11,0x43,0x80,0x00,0x0B,,"Status word = 0x4311"
9199,RX,0x181,4,0x30,0x30,0x00,0x00,0x01,,,,"Speed feedback = 0 rpm"
9213,TX,0x201,3,0x90,0x90,0x00,0x00,,,,,"Set torque = 0"
9239,TX,0x201,3,0x90,0x90,0x00,0x00,,,,,"Set torque = 0"
9265,TX,0x201,3,0x90,0x90,0x00,0x00,,,,,"Set torque = 0"
9290,RX,0x181,6,0x40,0x40,0x11,0x43,0x80,0x00,0x0B,,"Status word = 0x4311"
9296,TX,0x201,3,0x90,0x90,0x00,0x00,,,,,"Set torque = 0"
9302,RX,0x181,4,0x30,0x30,0x00,0x00,0x01,,,,"Speed feedback = 0 rpm"
9322,TX,0x201,3,0x90,0x90,0x00,0x00,,,,,"Set torque = 0"
9348,TX,0x201,3,0x90,0x90,0x00,0x00,,,,,"Set torque = 0"
9374,TX,0x201,3,0x90,0x90,0x00,0x00,,,,,"Set torque = 0"
9390,RX,0x181,6,0x40,0x40,0x11,0x43,0x80,0x00,0x0B,,"Status word = 0x4311"
9397,RX,0x181,4,0x30,0x30,0x00,0x00,0x01,,,,"Speed feedback = 0 rpm"
9403,TX,0x201,3,0x90,0x90,0x00,0x00,,,,,"Set torque = 0"
9429,TX,0x201,3,0x90,0x90,0x00,0x00,,,,,"Set torque = 0"
9455,TX,0x201,3,0x90,0x90,0x00,0x00,,,,,"Set torque = 0"
9481,TX,0x201,3,0x90,0x90,0x00,0x00,,,,,"Set torque = 0"
9489,RX,0x181,6,0x40,0x40,0x11,0x43,0x80,0x00,0x0B,,"Status word = 0x4311"
9496,RX,0x181,4,0x30,0x30,0x00,0x00,0x01,,,,"Speed feedback = 0 rpm"
9507,TX,0x201,3,0x90,0x90,0x00,0x00,,,,,"Set torque = 0"
9597,RX,0x181,6,0x40,0x40,0x11,0x43,0x80,0x00,0x0B,,"Status word = 0x4311"
9603,RX,0x181,4,0x30,0x30,0x00,0x00,0x01,,,,"Speed feedback = 0 rpm"
9617,TX,0x201,3,0x90,0x90,0x00,0x00,,,,,"Set torque = 0"
9643,TX,0x201,3,0x90,0x90,0x00,0x00,,,,,"Set torque = 0"
9669,TX,0x201,3,0x90,0x90,0x00,0x00,,,,,"Set torque = 0"
9689,RX,0x181,6,0x40,0x40,0x11,0x43,0x80,0x00,0x0B,,"Status word = 0x4311"
9699,RX,0x181,4,0x30,0x30,0x00,0x00,0x01,,,,"Speed feedback = 0 rpm"
9705,TX,0x201,3,0x90,0x90,0x00,0x00,,,,,"Set torque = 0"
9731,TX,0x201,3,0x90,0x90,0x00,0x00,,,,,"Set torque = 0"
9757,TX,0x201,3,0x90,0x90,0x00,0x00,,,,,"Set torque = 0"
9783,TX,0x201,3,0x90,0x90,0x00,0x00,,,,,"Set torque = 0"
9789,RX,0x181,6,0x40,0x40,0x11,0x43,0x80,0x00,0x0B,,"Status word = 0x4311"
9796,RX,0x181,4,0x30,0x30,0x00,0x00,0x01,,,,"Speed feedback = 0 rpm"
9809,TX,0x201,3,0x90,0x90,0x00,0x00,,,,,"Set torque = 0"
9835,TX,0x201,3,0x90,0x90,0x00,0x00,,,,,"Set torque = 0"
9861,TX,0x201,3,0x90,0x90,0x00,0x00,,,,,"Set torque = 0"
9887,TX,0x201,3,0x90,0x90,0x00,0x00,,,,,"Set torque = 0"
9893,RX,0x181,6,0x40,0x40,0x11,0x43,0x80,0x00,0x0B,,"Status word = 0x4311"
9899,RX,0x181,4,0x30,0x30,0x00,0x00,0x01,,,,"Speed feedback = 0 rpm"
9913,TX,0x201,3,0x90,0x90,0x00,0x00,,,,,"Set torque = 0"
9939,TX,0x201,3,0x90,0x90,0x00,0x00,,,,,"Set torque = 0"
9965,TX,0x201,3,0x90,0x90,0x00,0x00,,,,,"Set torque = 0"
9989,RX,0x181,6,0x40,0x40,0x11,0x43,0x80,0x00,0x0B,,"Status word = 0x4311"
10075,RX,0x181,4,0x30,0x30,0x00,0x00,0x01,,,,"Speed feedback = 0 rpm"
10082,TX,0x201,3,0x90,0x90,0x00,0x00,,,,,"Set torque = 0"
10088,RX,0x181,6,0x40,0x40,0x11,0x43,0x80,0x00,0x0B,,"Status word = 0x4311"
10095,RX,0x181,4,0x30,0x30,0x00,0x00,0x01,,,,"Speed feedback = 0 rpm"
10108,TX,0x201,3,0x90,0x90,0x00,0x00,,,,,"Set torque = 0"
10134,TX,0x201,3,0x90,0x90,0x00,0x00,,,,,"Set torque = 0"
10160,TX,0x201,3,0x90,0x90,0x00,0x00,,,,,"Set torque = 0"
10186,TX,0x201,3,0x90,0x90,0x00,0x00,,,,,"Set torque = 0"
10192,RX,0x181,6,0x40,0x40,0x11,0x43,0x80,0x00,0x0B,,"Status word = 0x4311"
10198,RX,0x181,4,0x30,0x30,0x00,0x00,0x01,,,,"Speed feedback = 0 rpm"
10212,TX,0x201,3,0x90,0x90,0x00,0x00,,,,,"Set torque = 0"
10238,TX,0x201,3,0x90,0x90,0x00,0x00,,,,,"Set torque = 0"
10264,TX,0x201,3,0x90,0x90,0x00,0x00,,,,,"Set torque = 0"
10288,RX,0x181,6,0x40,0x40,0x11,0x43,0x80,0x00,0x0B,,"Status word = 0x4311"
10294,TX,0x201,3,0x90,0x90,0x00,0x00,,,,,"Set torque = 0"
10301,RX,0x181,4,0x30,0x30,0x00,0x00,0x01,,,,"Speed feedback = 0 rpm"
10321,TX,0x201,3,0x90,0x90,0x00,0x00,,,,,"Set torque = 0"
10347,TX,0x201,3,0x90,0x90,0x00,0x00,,,,,"Set torque = 0"
10373,TX,0x201,3,0x90,0x90,0x00,0x00,,,,,"Set torque = 0"
10388,RX,0x181,6,0x40,0x40,0x11,0x43,0x80,0x00,0x0B,,"Status word = 0x4311"
10395,RX,0x181,4,0x30,0x30,0x00,0x00,0x01,,,,"Speed feedback = 0 rpm"
10401,TX,0x201,3,0x90,0x90,0x00,0x00,,,,,"Set torque = 0"
10427,TX,0x201,3,0x90,0x90,0x00,0x00,,,,,"Set torque = 0"
10453,TX,0x201,3,0x90,0x90,0x00,0x00,,,,,"Set torque = 0"
10540,RX,0x181,6,0x40,0x40,0x11,0x43,0x80,0x00,0x0B,,"Status word = 0x4311"
10546,RX,0x181,4,0x30,0x30,0x00,0x00,0x01,,,,"Speed feedback = 0 rpm"
10560,TX,0x201,3,0x90,0x90,0x00,0x00,,,,,"Set torque = 0"
10586,TX,0x201,3,0x90,0x90,0x00,0x00,,,,,"Set torque = 0"
10592,RX,0x181,6,0x40,0x40,0x11,0x43,0x80,0x00,0x0B,,"Status word = 0x4311"
10598,RX,0x181,4,0x30,0x30,0x00,0x00,0x01,,,,"Speed feedback = 0 rpm"
10612,TX,0x201,3,0x90,0x90,0x00,0x00,,,,,"Set torque = 0"
10638,TX,0x201,3,0x90,0x90,0x00,0x00,,,,,"Set torque = 0"
10664,TX,0x201,3,0x90,0x90,0x00,0x00,,,,,"Set torque = 0"
10688,RX,0x181,6,0x40,0x40,0x11,0x43,0x80,0x00,0x0B,,"Status word = 0x4311"
10694,TX,0x201,3,0x90,0x90,0x00,0x00,,,,,"Set torque = 0"
10700,RX,0x181,4,0x30,0x30,0x00,0x00,0x01,,,,"Speed feedback = 0 rpm"
10720,TX,0x201,3,0x90,0x90,0x00,0x00,,,,,"Set torque = 0"
10746,TX,0x201,3,0x90,0x90,0x00,0x00,,,,,"Set torque = 0"
10772,TX,0x201,3,0x90,0x90,0x00,0x00,,,,,"Set torque = 0"
10787,RX,0x181,6,0x40,0x40,0x11,0x43,0x80,0x00,0x0B,,"Status word = 0x4311"
10794,RX,0x181,4,0x30,0x30,0x00,0x00,0x01,,,,"Speed feedback = 0 rpm"
10801,TX,0x201,3,0x90,0x90,0x00,0x00,,,,,"Set torque = 0"
10827,TX,0x201,3,0x90,0x90,0x00,0x00,,,,,"Set torque = 0"
10853,TX,0x201,3,0x90,0x90,0x00,0x00,,,,,"Set torque = 0"
10879,TX,0x201,3,0x90,0x90,0x00,0x00,,,,,"Set torque = 0"
10887,RX,0x181,6,0x40,0x40,0x11,0x43,0x80,0x00,0x0B,,"Status word = 0x4311"
10894,RX,0x181,4,0x30,0x30,0x00,0x00,0x01,,,,"Speed feedback = 0 rpm"
10905,TX,0x201,3,0x90,0x90,0x00,0x00,,,,,"Set torque = 0"
10995,RX,0x181,6,0x40,0x40,0x11,0x43,0x80,0x00,0x0B,,"Status word = 0x4311"
11001,RX,0x181,4,0x30,0x30,0x00,0x00,0x01,,,,"Speed feedback = 0 rpm"
11015,TX,0x201,3,0x90,0x90,0x00,0x00,,,,,"Set torque = 0"
11041,TX,0x201,3,0x90,0x90,0x00,0x00,,,,,"Set torque = 0"
11067,TX,0x201,3,0x90,0x90,0x00,0x00,,,,,"Set torque = 0"
11087,RX,0x181,6,0x40,0x40,0x11,0x43,0x80,0x00,0x0B,,"Status word = 0x4311"
11093,TX,0x201,3,0x90,0x90,0x00,0x00,,,,,"Set torque = 0"
11100,RX,0x181,4,0x30,0x30,0x00,0x00,0x01,,,,"Speed feedback = 0 rpm"
11120,TX,0x201,3,0x90,0x90,0x00,0x00,,,,,"Set torque = 0"
11146,TX,0x201,3,0x90,0x90,0x00,0x00,,,,,"Set torque = 0"
11172,TX,0x201,3,0x90,0x90,0x00,0x00,,,,,"Set torque = 0"
11187,RX,0x181,6,0x40,0x40,0x11,0x43,0x80,0x00,0x0B,,"Status word = 0x4311"
11194,RX,0x181,4,0x30,0x30,0x00,0x00,0x01,,,,"Speed feedback = 0 rpm"
11200,TX,0x201,3,0x90,0x90,0x00,0x00,,,,,"Set torque = 0"
11226,TX,0x201,3,0x90,0x90,0x00,0x00,,,,,"Set torque = 0"
11252,TX,0x201,3,0x90,0x90,0x00,0x00,,,,,"Set torque = 0"
11278,TX,0x201,3,0x90,0x90,0x00,0x00,,,,,"Set torque = 0"
11287,RX,0x181,6,0x40,0x40,0x11,0x43,0x80,0x00,0x0B,,"Status word = 0x4311"
11293,RX,0x181,4,0x30,0x30,0x00,0x00,0x01,,,,"Speed feedback = 0 rpm"
11304,TX,0x201,3,0x90,0x90,0x00,0x00,,,,,"Set torque = 0"
11330,TX,0x201,3,0x90,0x90,0x00,0x00,,,,,"Set torque = 0"
11356,TX,0x201,3,0x90,0x90,0x00,0x00,,,,,"Set torque = 0"
11382,TX,0x201,3,0x90,0x90,0x00,0x00,,,,,"Set torque = 0"
11388,RX,0x181,6,0x40,0x40,0x11,0x43,0x80,0x00,0x0B,,"Status word = 0x4311"
11480,RX,0x181,4,0x30,0x30,0x00,0x00,0x01,,,,"Speed feedback = 0 rpm"
11487,RX,0x181,6,0x40,0x40,0x11,0x43,0x80,0x00,0x0B,,"Status word = 0x4311"
11493,TX,0x201,3,0x90,0x90,0x00,0x00,,,,,"Set torque = 0"
11499,RX,0x181,4,0x30,0x30,0x00,0x00,0x01,,,,"Speed feedback = 0 rpm"
11519,TX,0x201,3,0x90,0x90,0x00,0x00,,,,,"Set torque = 0"
11545,TX,0x201,3,0x90,0x90,0x00,0x00,,,,,"Set torque = 0"
11571,TX,0x201,3,0x90,0x90,0x00,0x00,,,,,"Set torque = 0"
11586,RX,0x181,6,0x40,0x40,0x11,0x43,0x80,0x00,0x0B,,"Status word = 0x4311"
11593,RX,0x181,4,0x30,0x30,0x00,0x00,0x01,,,,"Speed feedback = 0 rpm"
11600,TX,0x201,3,0x90,0x90,0x00,0x00,,,,,"Set torque = 0"
11626,TX,0x201,3,0x90,0x90,0x00,0x00,,,,,"Set torque = 0"
11652,TX,0x201,3,0x90,0x90,0x00,0x00,,,,,"Set torque = 0"
11678,TX,0x201,3,0x90,0x90,0x00,0x00,,,,,"Set torque = 0"
11686,RX,0x181,6,0x40,0x40,0x11,0x43,0x80,0x00,0x0B,,"Status word = 0x4311"
11693,RX,0x181,4,0x30,0x30,0x00,0x00,0x01,,,,"Speed feedback = 0 rpm"
11704,TX,0x201,3,0x90,0x90,0x00,0x00,,,,,"Set torque = 0"
11730,TX,0x201,3,0x90,0x90,0x00,0x00,,,,,"Set torque = 0"
11756,TX,0x201,3,0x90,0x90,0x00,0x00,,,,,"Set torque = 0"
11782,TX,0x201,3,0x90,0x90,0x00,0x00,,,,,"Set torque = 0"
11788,RX,0x181,6,0x40,0x40,0x11,0x43,0x80,0x00,0x0B,,"Status word = 0x4311"
11794,RX,0x181,4,0x30,0x30,0x00,0x00,0x01,,,,"Speed feedback = 0 rpm"
11808,TX,0x201,3,0x90,0x90,0x00,0x00,,,,,"Set torque = 0"
11834,TX,0x201,3,0x90,0x90,0x00,0x00,,,,,"Set torque = 0"
11860,TX,0x201,3,0x90,0x90,0x00,0x00,,,,,"Set torque = 0"
11950,RX,0x181,6,0x40,0x40,0x11,0x43,0x80,0x00,0x0B,,"Status word = 0x4311"
11956,RX,0x181,4,0x30,0x30,0x00,0x00,0x01,,,,"Speed feedback = 0 rpm"
11970,TX,0x201,3,0x90,0x90,0x00,0x00,,,,,"Set torque = 0"
11985,RX,0x181,6,0x40,0x40,0x11,0x43,0x80,0x00,0x0B,,"Status word = 0x4311"
11992,RX,0x181,4,0x30,0x30,0x00,0x00,0x01,,,,"Speed feedback = 0 rpm"
11999,TX,0x201,3,0x90,0x90,0x00,0x00,,,,,"Set torque = 0"
12025,TX,0x201,3,0x90,0x90,0x00,0x00,,,,,"Set torque = 0"
12051,TX,0x201,3,0x90,0x90,0x00,0x00,,,,,"Set torque = 0"
12077,TX,0x201,3,0x90,0x90,0x00,0x00,,,,,"Set torque = 0"
12085,RX,0x181,6,0x40,0x40,0x11,0x43,0x80,0x00,0x0B,,"Status word = 0x4311"
12092,RX,0x181,4,0x30,0x30,0x00,0x00,0x01,,,,"Speed feedback = 0 rpm"
12103,TX,0x201,3,0x90,0x90,0x00,0x00,,,,,"Set torque = 0"
12129,TX,0x201,3,0x90,0x90,0x00,0x00,,,,,"Set torque = 0"
12155,TX,0x201,3,0x90,0x90,0x00,0x00,,,,,"Set torque = 0"
12181,TX,0x201,3,0x90,0x90,0x00,0x00,,,,,"Set torque = 0"
12187,RX,0x181,6,0x40,0x40,0x11,0x43,0x80,0x00,0x0B,,"Status word = 0x4311"
12193,RX,0x181,4,0x30,0x30,0x00,0x00,0x01,,,,"Speed feedback = 0 rpm"
12207,TX,0x201,3,0x90,0x90,0x00,0x00,,,,,"Set torque = 0"
12233,TX,0x201,3,0x90,0x90,0x00,0x00,,,,,"Set torque = 0"
12259,TX,0x201,3,0x90,0x90,0x00,0x00,,,,,"Set torque = 0"
12285,TX,0x201,3,0x90,0x90,0x00,0x00,,,,,"Set torque = 0"
12291,RX,0x181,6,0x40,0x40,0x11,0x43,0x80,0x00,0x0B,,"Status word = 0x4311"
12297,RX,0x181,4,0x30,0x30,0x00,0x00,0x01,,,,"Speed feedback = 0 rpm"
12311,TX,0x201,3,0x90,0x90,0x00,0x00,,,,,"Set torque = 0"
12403,RX,0x181,6,0x40,0x40,0x11,0x43,0x80,0x00,0x0B,,"Status word = 0x4311"
12409,RX,0x181,4,0x30,0x30,0x00,0x00,0x01,,,,"Speed feedback = 0 rpm"
12423,TX,0x201,3,0x90,0x90,0x00,0x00,,,,,"Set torque = 0"
12449,TX,0x201,3,0x90,0x90,0x00,0x00,,,,,"Set torque = 0"
12475,TX,0x201,3,0x90,0x90,0x00,0x00,,,,,"Set torque = 0"
12485,RX,0x181,6,0x40,0x40,0x11,0x43,0x80,0x00,0x0B,,"Status word = 0x4311"
12492,RX,0x181,4,0x30,0x30,0x00,0x00,0x01,,,,"Speed feedback = 0 rpm"
12501,TX,0x201,3,0x90,0x90,0x00,0x00,,,,,"Set torque = 0"
12527,TX,0x201,3,0x90,0x90,0x00,0x00,,,,,"Set torque = 0"
12553,TX,0x201,3,0x90,0x90,0x00,0x00,,,,,"Set torque = 0"
12579,TX,0x201,3,0x90,0x90,0x00,0x00,,,,,"Set torque = 0"
12585,RX,0x181,6,0x40,0x40,0x11,0x43,0x80,0x00,0x0B,,"Status word = 0x4311"
12591,RX,0x181,4,0x30,0x30,0x00,0x00,0x01,,,,"Speed feedback = 0 rpm"
12605,TX,0x201,3,0x90,0x90,0x00,0x00,,,,,"Set torque = 0"
12631,TX,0x201,3,0x90,0x90,0x00,0x00,,,,,"Set torque = 0"
12657,TX,0x201,3,0x90,0x90,0x00,0x00,,,,,"Set torque = 0"
12683,TX,0x201,3,0x90,0x90,0x00,0x00,,,,,"Set torque = 0"
12689,RX,0x181,6,0x40,0x40,0x11,0x43,0x80,0x00,0x0B,,"Status word = 0x4311"
12695,RX,0x181,4,0x30,0x30,0x00,0x00,0x01,,,,"Speed feedback = 0 rpm"
12709,TX,0x201,3,0x90,0x90,0x00,0x00,,,,,"Set torque = 0"
12735,TX,0x201,3,0x90,0x90,0x00,0x00,,,,,"Set torque = 0"
12761,TX,0x201,3,0x90,0x90,0x00,0x00,,,,,"Set torque = 0"
12784,RX,0x181,6,0x40,0x40,0x11,0x43,0x80,0x00,0x0B,,"Status word = 0x4311"
12790,TX,0x201,3,0x90,0x90,0x00,0x00,,,,,"Set torque = 0"
12881,RX,0x181,4,0x30,0x30,0x00,0x00,0x01,,,,"Speed feedback = 0 rpm"
12888,RX,0x181,6,0x40,0x40,0x11,0x43,0x80,0x00,0x0B,,"Status word = 0x4311"
12894,RX,0x181,4,0x30,0x30,0x00,0x00,0x01,,,,"Speed feedback = 0 rpm"
12901,TX,0x201,3,0x90,0x90,0x00,0x00,,,,,"Set torque = 0"
12927,TX,0x201,3,0x90,0x90,0x00,0x00,,,,,"Set torque = 0"
12953,TX,0x201,3,0x90,0x90,0x00,0x00,,,,,"Set torque = 0"
12979,TX,0x201,3,0x90,0x90,0x00,0x00,,,,,"Set torque = 0"
12985,RX,0x181,6,0x40,0x40,0x11,0x43,0x80,0x00,0x0B,,"Status word = 0x4311"
12991,RX,0x181,4,0x30,0x30,0x00,0x00,0x01,,,,"Speed feedback = 0 rpm"
13005,TX,0x201,3,0x90,0x90,0x00,0x00,,,,,"Set torque = 0"
13031,TX,0x201,3,0x90,0x90,0x00,0x00,,,,,"Set torque = 0"
13057,TX,0x201,3,0x90,0x90,0x00,0x00,,,,,"Set torque = 0"
13083,TX,0x201,3,0x90,0x90,0x00,0x00,,,,,"Set torque = 0"
13089,RX,0x181,6,0x40,0x40,0x11,0x43,0x80,0x00,0x0B,,"Status word = 0x4311"
13095,RX,0x181,4,0x30,0x30,0x00,0x00,0x01,,,,"Speed feedback = 0 rpm"
13109,TX,0x201,3,0x90,0x90,0x00,0x00,,,,,"Set torque = 0"
13135,TX,0x201,3,0x90,0x90,0x00,0x00,,,,,"Set torque = 0"
13161,TX,0x201,3,0x90,0x90,0x00,0x00,,,,,"Set torque = 0"
13184,RX,0x181,6,0x40,0x40,0x11,0x43,0x80,0x00,0x0B,,"Status word = 0x4311"
13190,TX,0x201,3,0x90,0x90,0x00,0x00,,,,,"Set torque = 0"
13196,RX,0x181,4,0x30,0x30,0x00,0x00,0x01,,,,"Speed feedback = 0 rpm"
13216,TX,0x201,3,0x90,0x90,0x00,0x00,,,,,"Set torque = 0"
13242,TX,0x201,3,0x90,0x90,0x00,0x00,,,,,"Set torque = 0"
13268,TX,0x201,3,0x90,0x90,0x00,0x00,,,,,"Set torque = 0"
13356,RX,0x181,6,0x40,0x40,0x11,0x43,0x80,0x00,0x0B,,"Status word = 0x4311"
13362,RX,0x181,4,0x30,0x30,0x00,0x00,0x01,,,,"Speed feedback = 0 rpm"
13376,TX,0x201,3,0x90,0x90,0x00,0x00,,,,,"Set torque = 0"
13383,RX,0x181,6,0x40,0x40,0x11,0x43,0x80,0x00,0x0B,,"Status word = 0x4311"
13390,RX,0x181,4,0x30,0x30,0x00,0x00,0x01,,,,"Speed feedback = 0 rpm"
13402,TX,0x201,3,0x90,0x90,0x00,0x00,,,,,"Set torque = 0"
13428,TX,0x201,3,0x90,0x90,0x00,0x00,,,,,"Set torque = 0"
13454,TX,0x201,3,0x90,0x90,0x00,0x00,,,,,"Set torque = 0"
13480,TX,0x201,3,0x90,0x90,0x00,0x00,,,,,"Set torque = 0"
13486,RX,0x181,6,0x40,0x40,0x11,0x43,0x80,0x00,0x0B,,"Status word = 0x4311"
13492,RX,0x181,4,0x30,0x30,0x00,0x00,0x01,,,,"Speed feedback = 0 rpm"
13506,TX,0x201,3,0x90,0x90,0x00,0x00,,,,,"Set torque = 0"
13532,TX,0x201,3,0x90,0x90,0x00,0x00,,,,,"Set torque = 0"
13558,TX,0x201,3,0x90,0x90,0x00,0x00,,,,,"Set torque = 0"
13583,RX,0x181,6,0x40,0x40,0x11,0x43,0x80,0x00,0x0B,,"Status word = 0x4311"
13589,TX,0x201,3,0x90,0x90,0x00,0x00,,,,,"Set torque = 0"
13595,RX,0x181,4,0x30,0x30,0x00,0x00,0x01,,,,"Speed feedback = 0 rpm"
13615,TX,0x201,3,0x90,0x90,0x00,0x00,,,,,"Set torque = 0"
13641,TX,0x201,3,0x90,0x90,0x00,0x00,,,,,"Set torque = 0"
13667,TX,0x201,3,0x90,0x90,0x00,0x00,,,,,"Set torque = 0"
13683,RX,0x181,6,0x40,0x40,0x11,0x43,0x80,0x00,0x0B,,"Status word = 0x4311"
13690,RX,0x181,4,0x30,0x30,0x00,0x00,0x01,,,,"Speed feedback = 0 rpm"
13696,TX,0x201,3,0x90,0x90,0x00,0x00,,,,,"Set torque = 0"
13722,TX,0x201,3,0x90,0x90,0x00,0x00,,,,,"Set torque = 0"
13810,RX,0x181,6,0x40,0x40,0x11,0x43,0x80,0x00,0x0B,,"Status word = 0x4311"
13817,RX,0x181,4,0x30,0x30,0x00,0x00,0x01,,,,"Speed feedback = 0 rpm"
13830,TX,0x201,3,0x90,0x90,0x00,0x00,,,,,"Set torque = 0"
13856,TX,0x201,3,0x90,0x90,0x00,0x00,,,,,"Set torque = 0"
13882,TX,0x201,3,0x90,0x90,0x00,0x00,,,,,"Set torque = 0"
13888,RX,0x181,6,0x40,0x40,0x11,0x43,0x80,0x00,0x0B,,"Status word = 0x4311"
13894,RX,0x181,4,0x30,0x30,0x00,0x00,0x01,,,,"Speed feedback = 0 rpm"
13908,TX,0x201,3,0x90,0x90,0x00,0x00,,,,,"Set torque = 0"
13934,TX,0x201,3,0x90,0x90,0x00,0x00,,,,,"Set torque = 0"
13960,TX,0x201,3,0x90,0x90,0x00,0x00,,,,,"Set torque = 0"
13982,RX,0x181,6,0x40,0x40,0x11,0x43,0x80,0x00,0x0B,,"Status word = 0x4311"
13989,TX,0x201,3,0x90,0x90,0x00,0x00,,,,,"Set torque = 0"
13995,RX,0x181,4,0x30,0x30,0x00,0x00,0x01,,,,"Speed feedback = 0 rpm"
14015,TX,0x201,3,0x90,0x90,0x00,0x00,,,,,"Set torque = 0"
14041,TX,0x201,3,0x90,0x90,0x00,0x00,,,,,"Set torque = 0"
14067,TX,0x201,3,0x90,0x90,0x00,0x00,,,,,"Set torque = 0"
14082,RX,0x181,6,0x40,0x40,0x11,0x43,0x80,0x00,0x0B,,"Status word = 0x4311"
14089,RX,0x181,4,0x30,0x30,0x00,0x00,0x01,,,,"Speed feedback = 0 rpm"
14095,TX,0x201,3,0x90,0x90,0x00,0x00,,,,,"Set torque = 0"
14122,TX,0x201,3,0x90,0x90,0x00,0x00,,,,,"Set torque = 0"
14148,TX,0x201,3,0x90,0x90,0x00,0x00,,,,,"Set torque = 0"
14174,TX,0x201,3,0x90,0x90,0x00,0x00,,,,,"Set torque = 0"
14182,RX,0x181,6,0x40,0x40,0x11,0x43,0x80,0x00,0x0B,,"Status word = 0x4311"
14189,RX,0x181,4,0x30,0x30,0x00,0x00,0x01,,,,"Speed feedback = 0 rpm"
14278,TX,0x201,3,0x90,0x90,0x00,0x00,,,,,"Set torque = 0"
14284,RX,0x181,6,0x40,0x40,0x11,0x43,0x80,0x00,0x0B,,"Status word = 0x4311"
14291,RX,0x181,4,0x30,0x30,0x00,0x00,0x01,,,,"Speed feedback = 0 rpm"
14304,TX,0x201,3,0x90,0x90,0x00,0x00,,,,,"Set torque = 0"
14330,TX,0x201,3,0x90,0x90,0x00,0x00,,,,,"Set torque = 0"
14356,TX,0x201,3,0x90,0x90,0x00,0x00,,,,,"Set torque = 0"
14382,TX,0x201,3,0x90,0x90,0x00,0x00,,,,,"Set torque = 0"
14388,RX,0x181,6,0x40,0x40,0x11,0x43,0x80,0x00,0x0B,,"Status word = 0x4311"
14394,RX,0x181,4,0x30,0x30,0x00,0x00,0x01,,,,"Speed feedback = 0 rpm"
14408,TX,0x201,3,0x90,0x90,0x00,0x00,,,,,"Set torque = 0"
14434,TX,0x201,3,0x90,0x90,0x00,0x00,,,,,"Set torque = 0"
14460,TX,0x201,3,0x90,0x90,0x00,0x00,,,,,"Set torque = 0"
14481,RX,0x181,6,0x40,0x40,0x11,0x43,0x80,0x00,0x0B,,"Status word = 0x4311"
14488,TX,0x201,3,0x90,0x90,0x00,0x00,,,,,"Set torque = 0"
14494,RX,0x181,4,0x30,0x30,0x00,0x00,0x01,,,,"Speed feedback = 0 rpm"
14514,TX,0x201,3,0x90,0x90,0x00,0x00,,,,,"Set torque = 0"
14540,TX,0x201,3,0x90,0x90,0x00,0x00,,,,,"Set torque = 0"
14566,TX,0x201,3,0x90,0x90,0x00,0x00,,,,,"Set torque = 0"
14581,RX,0x181,6,0x40,0x40,0x11,0x43,0x80,0x00,0x0B,,"Status word = 0x4311"
14588,RX,0x181,4,0x30,0x30,0x00,0x00,0x01,,,,"Speed feedback = 0 rpm"
14598,TX,0x201,3,0x90,0x90,0x00,0x00,,,,,"Set torque = 0"
14624,TX,0x201,3,0x90,0x90,0x00,0x00,,,,,"Set torque = 0"
14650,TX,0x201,3,0x90,0x90,0x00,0x00,,,,,"Set torque = 0"
14740,RX,0x181,6,0x40,0x40,0x11,0x43,0x80,0x00,0x0B,,"Status word = 0x4311"
14746,RX,0x181,4,0x30,0x30,0x00,0x00,0x01,,,,"Speed feedback = 0 rpm"
14760,TX,0x201,3,0x90,0x90,0x00,0x00,,,,,"Set torque = 0"
14781,RX,0x181,6,0x40,0x40,0x11,0x43,0x80,0x00,0x0B,,"Status word = 0x4311"
14787,TX,0x201,3,0x90,0x90,0x00,0x00,,,,,"Set torque = 0"
14794,RX,0x181,4,0x30,0x30,0x00,0x00,0x01,,,,"Speed feedback = 0 rpm"
14814,TX,0x201,3,0x90,0x90,0x00,0x00,,,,,"Set torque = 0"
14840,TX,0x201,3,0x90,0x90,0x00,0x00,,,,,"Set torque = 0"
14866,TX,0x201,3,0x90,0x90,0x00,0x00,,,,,"Set torque = 0"
14881,RX,0x181,6,0x40,0x40,0x11,0x43,0x80,0x00,0x0B,,"Status word = 0x4311"
14888,RX,0x181,4,0x30,0x30,0x00,0x00,0x01,,,,"Speed feedback = 0 rpm"
14894,TX,0x201,3,0x90,0x90,0x00,0x00,,,,,"Set torque = 0"
14921,TX,0x201,3,0x90,0x90,0x00,0x00,,,,,"Set torque = 0"
14947,TX,0x201,3,0x90,0x90,0x00,0x00,,,,,"Set torque = 0"
14973,TX,0x201,3,0x90,0x90,0x00,0x00,,,,,"Set torque = 0"
14981,RX,0x181,6,0x40,0x40,0x11,0x43,0x80,0x00,0x0B,,"Status word = 0x4311"
14988,RX,0x181,4,0x30,0x30,0x00,0x00,0x01,,,,"Speed feedback = 0 rpm"
14999,TX,0x201,3,0x90,0x90,0x00,0x00,,,,,"Set torque = 0"
15025,TX,0x201,3,0x90,0x90,0x00,0x00,,,,,"Set torque = 0"
15051,TX,0x201,3,0x90,0x90,0x00,0x00,,,,,"Set torque = 0"
15077,TX,0x201,3,0x90,0x90,0x00,0x00,,,,,"Set torque = 0"
15083,RX,0x181,6,0x40,0x40,0x11,0x43,0x80,0x00,0x0B,,"Status word = 0x4311"
15089,RX,0x181,4,0x30,0x30,0x00,0x00,0x01,,,,"Speed feedback = 0 rpm"
15103,TX,0x201,3,0x90,0x90,0x00,0x00,,,,,"Set torque = 0"
15191,RX,0x181,6,0x40,0x40,0x11,0x43,0x80,0x00,0x0B,,"Status word = 0x4311"
15198,RX,0x181,4,0x30,0x30,0x00,0x00,0x01,,,,"Speed feedback = 0 rpm"
15211,TX,0x201,3,0x90,0x90,0x00,0x00,,,,,"Set torque = 0"
15237,TX,0x201,3,0x90,0x90,0x00,0x00,,,,,"Set torque = 0"
15263,TX,0x201,3,0x90,0x90,0x00,0x00,,,,,"Set torque = 0"
15280,RX,0x181,6,0x40,0x40,0x11,0x43,0x80,0x00,0x0B,,"Status word = 0x4311"
15287,RX,0x181,4,0x30,0x30,0x00,0x00,0x01,,,,"Speed feedback = 0 rpm"
15293,TX,0x201,3,0x90,0x90,0x00,0x00,,,,,"Set torque = 0"
15320,TX,0x201,3,0x90,0x90,0x00,0x00,,,,,"Set torque = 0"
15346,TX,0x201,3,0x90,0x90,0x00,0x00,,,,,"Set torque = 0"
15372,TX,0x201,3,0x90,0x90,0x00,0x00,,,,,"Set torque = 0"
15380,RX,0x181,6,0x40,0x40,0x11,0x43,0x80,0x00,0x0B,,"Status word = 0x4311"
15387,RX,0x181,4,0x30,0x30,0x00,0x00,0x01,,,,"Speed feedback = 0 rpm"
15398,TX,0x201,3,0x90,0x90,0x00,0x00,,,,,"Set torque = 0"
15424,TX,0x201,3,0x90,0x90,0x00,0x00,,,,,"Set torque = 0"
15450,TX,0x201,3,0x90,0x90,0x00,0x00,,,,,"Set torque = 0"
15476,TX,0x201,3,0x90,0x90,0x00,0x00,,,,,"Set torque = 0"
15482,RX,0x181,6,0x40,0x40,0x11,0x43,0x80,0x00,0x0B,,"Status word = 0x4311"
15488,RX,0x181,4,0x30,0x30,0x00,0x00,0x01,,,,"Speed feedback = 0 rpm"
15502,TX,0x201,3,0x90,0x90,0x00,0x00,,,,,"Set torque = 0"
15528,TX,0x201,3,0x90,0x90,0x00,0x00,,,,,"Set torque = 0"
15554,TX,0x201,3,0x90,0x90,0x00,0x00,,,,,"Set torque = 0"
15580,TX,0x201,3,0x90,0x90,0x00,0x00,,,,,"Set torque = 0"
15586,RX,0x181,6,0x40,0x40,0x11,0x43,0x80,0x00,0x0B,,"Status word = 0x4311"
15677,RX,0x181,4,0x30,0x30,0x00,0x00,0x01,,,,"Speed feedback = 0 rpm"
15683,RX,0x181,6,0x40,0x40,0x11,0x43,0x80,0x00,0x0B,,"Status word = 0x4311"
15689,RX,0x181,4,0x30,0x30,0x00,0x00,0x01,,,,"Speed feedback = 0 rpm"
15695,TX,0x201,3,0x90,0x90,0x00,0x00,,,,,"Set torque = 0"
15722,TX,0x201,3,0x90,0x90,0x00,0x00,,,,,"Set torque = 0"
15748,TX,0x201,3,0x90,0x90,0x00,0x00,,,,,"Set torque = 0"
15774,TX,0x201,3,0x90,0x90,0x00,0x00,,,,,"Set torque = 0"
15780,RX,0x181,6,0x40,0x40,0x11,0x43,0x80,0x00,0x0B,,"Status word = 0x4311"
15786,RX,0x181,4,0x30,0x30,0x00,0x00,0x01,,,,"Speed feedback = 0 rpm"
15800,TX,0x201,3,0x90,0x90,0x00,0x00,,,,,"Set torque = 0"
15826,TX,0x201,3,0x90,0x90,0x00,0x00,,,,,"Set torque = 0"
15852,TX,0x201,3,0x90,0x90,0x00,0x00,,,,,"Set torque = 0"
15878,TX,0x201,3,0x90,0x90,0x00,0x00,,,,,"Set torque = 0"
15884,RX,0x181,6,0x40,0x40,0x11,0x43,0x80,0x00,0x0B,,"Status word = 0x4311"
15890,RX,0x181,4,0x30,0x30,0x00,0x00,0x01,,,,"Speed feedback = 0 rpm"
15904,TX,0x201,3,0x90,0x90,0x00,0x00,,,,,"Set torque = 0"
15930,TX,0x201,3,0x90,0x90,0x00,0x00,,,,,"Set torque = 0"
15956,TX,0x201,3,0x90,0x90,0x00,0x00,,,,,"Set torque = 0"
15979,RX,0x181,6,0x40,0x40,0x11,0x43,0x80,0x00,0x0B,,"Status word = 0x4311"
15985,TX,0x201,3,0x90,0x90,0x00,0x00,,,,,"Set torque = 0"
15992,RX,0x181,4,0x30,0x30,0x00,0x00,0x01,,,,"Speed feedback = 0 rpm"
16012,TX,0x201,3,0x90,0x90,0x00,0x00,,,,,"Set torque = 0"
16038,TX,0x201,3,0x90,0x90,0x00,0x00,,,,,"Set torque = 0"
16064,TX,0x201,3,0x90,0x90,0x00,0x00,,,,,"Set torque = 0"
16164,RX,0x181,6,0x40,0x40,0x11,0x43,0x80,0x00,0x0B,,"Status word = 0x4311"
16170,RX,0x181,4,0x30,0x30,0x00,0x00,0x01,,,,"Speed feedback = 0 rpm"
16179,RX,0x181,6,0x40,0x40,0x11,0x43,0x80,0x00,0x0B,,"Status word = 0x4311"
16185,TX,0x201,3,0x90,0x90,0x00,0x00,,,,,"Set torque = 0"
16192,RX,0x181,4,0x30,0x30,0x00,0x00,0x01,,,,"Speed feedback = 0 rpm"
16212,TX,0x201,3,0x90,0x90,0x00,0x00,,,,,"Set torque = 0"
16238,TX,0x201,3,0x90,0x90,0x00,0x00,,,,,"Set torque = 0"
16264,TX,0x201,3,0x90,0x90,0x00,0x00,,,,,"Set torque = 0"
16279,RX,0x181,6,0x40,0x40,0x11,0x43,0x80,0x00,0x0B,,"Status word = 0x4311"
16286,RX,0x181,4,0x30,0x30,0x00,0x00,0x01,,,,"Speed feedback = 0 rpm"
16292,TX,0x201,3,0x90,0x90,0x00,0x00,,,,,"Set torque = 0"
16318,TX,0x201,3,0x90,0x90,0x00,0x00,,,,,"Set torque = 0"
16344,TX,0x201,3,0x90,0x90,0x00,0x00,,,,,"Set torque = 0"
16370,TX,0x201,3,0x90,0x90,0x00,0x00,,,,,"Set torque = 0"
16378,RX,0x181,6,0x40,0x40,0x11,0x43,0x80,0x00,0x0B,,"Status word = 0x4311"
16385,RX,0x181,4,0x30,0x30,0x00,0x00,0x01,,,,"Speed feedback = 0 rpm"
16396,TX,0x201,3,0x90,0x90,0x00,0x00,,,,,"Set torque = 0"
16422,TX,0x201,3,0x90,0x90,0x00,0x00,,,,,"Set torque = 0"
16448,TX,0x201,3,0x90,0x90,0x00,0x00,,,,,"Set torque = 0"
16474,TX,0x201,3,0x90,0x90,0x00,0x00,,,,,"Set torque = 0"
16480,RX,0x181,6,0x40,0x40,0x11,0x43,0x80,0x00,0x0B,,"Status word = 0x4311"
16486,RX,0x181,4,0x30,0x30,0x00,0x00,0x01,,,,"Speed feedback = 0 rpm"
16500,TX,0x201,3,0x90,0x90,0x00,0x00,,,,,"Set torque = 0"
16526,TX,0x201,3,0x90,0x90,0x00,0x00,,,,,"Set torque = 0"
16626,RX,0x181,6,0x40,0x40,0x11,0x43,0x80,0x00,0x0B,,"Status word = 0x4311"
16632,RX,0x181,4,0x30,0x30,0x00,0x00,0x01,,,,"Speed feedback = 0 rpm"
16646,TX,0x201,3,0x90,0x90,0x00,0x00,,,,,"Set torque = 0"
16672,TX,0x201,3,0x90,0x90,0x00,0x00,,,,,"Set torque = 0"
16678,RX,0x181,6,0x40,0x40,0x11,0x43,0x80,0x00,0x0B,,"Status word = 0x4311"
16685,RX,0x181,4,0x30,0x30,0x00,0x00,0x01,,,,"Speed feedback = 0 rpm"
16698,TX,0x201,3,0x90,0x90,0x00,0x00,,,,,"Set torque = 0"
16724,TX,0x201,3,0x90,0x90,0x00,0x00,,,,,"Set torque = 0"
16750,TX,0x201,3,0x90,0x90,0x00,0x00,,,,,"Set torque = 0"
16776,TX,0x201,3,0x90,0x90,0x00,0x00,,,,,"Set torque = 0"
16782,RX,0x181,6,0x40,0x40,0x11,0x43,0x80,0x00,0x0B,,"Status word = 0x4311"
16788,RX,0x181,4,0x30,0x30,0x00,0x00,0x01,,,,"Speed feedback = 0 rpm"
16802,TX,0x201,3,0x90,0x90,0x00,0x00,,,,,"Set torque = 0"
16828,TX,0x201,3,0x90,0x90,0x00,0x00,,,,,"Set torque = 0"
16854,TX,0x201,3,0x90,0x90,0x00,0x00,,,,,"Set torque = 0"
16878,RX,0x181,6,0x40,0x40,0x11,0x43,0x80,0x00,0x0B,,"Status word = 0x4311"
16884,TX,0x201,3,0x90,0x90,0x00,0x00,,,,,"Set torque = 0"
16890,RX,0x181,4,0x30,0x30,0x00,0x00,0x01,,,,"Speed feedback = 0 rpm"
16910,TX,0x201,3,0x90,0x90,0x00,0x00,,,,,"Set torque = 0"
16936,TX,0x201,3,0x90,0x90,0x00,0x00,,,,,"Set torque = 0"
16962,TX,0x201,3,0x90,0x90,0x00,0x00,,,,,"Set torque = 0"
16978,RX,0x181,6,0x40,0x40,0x11,0x43,0x80,0x00,0x0B,,"Status word = 0x4311"
16984,RX,0x181,4,0x30,0x30,0x00,0x00,0x01,,,,"Speed feedback = 0 rpm"
16991,TX,0x201,3,0x90,0x90,0x00,0x00,,,,,"Set torque = 0"
17130,RX,0x181,6,0x40,0x40,0x11,0x43,0x80,0x00,0x0B,,"Status word = 0x4311"
17137,RX,0x181,4,0x30,0x30,0x00,0x00,0x01,,,,"Speed feedback = 0 rpm"
17150,TX,0x201,3,0x90,0x90,0x00,0x00,,,,,"Set torque = 0"
17176,TX,0x201,3,0x90,0x90,0x00,0x00,,,,,"Set torque = 0"
17182,RX,0x181,6,0x40,0x40,0x11,0x43,0x80,0x00,0x0B,,"Status word = 0x4311"
17188,RX,0x181,4,0x30,0x30,0x00,0x00,0x01,,,,"Speed feedback = 0 rpm"
17202,TX,0x201,3,0x90,0x90,0x00,0x00,,,,,"Set torque = 0"
17228,TX,0x201,3,0x90,0x90,0x00,0x00,,,,,"Set torque = 0"
17254,TX,0x201,3,0x90,0x90,0x00,0x00,,,,,"Set torque = 0"
17277,RX,0x181,6,0x40,0x40,0x11,0x43,0x80,0x00,0x0B,,"Status word = 0x4311"
17283,TX,0x201,3,0x90,0x90,0x00,0x00,,,,,"Set torque = 0"
17289,RX,0x181,4,0x30,0x30,0x00,0x00,0x01,,,,"Speed feedback = 0 rpm"
17309,TX,0x201,3,0x90,0x90,0x00,0x00,,,,,"Set torque = 0"
17335,TX,0x201,3,0x90,0x90,0x00,0x00,,,,,"Set torque = 0"
17361,TX,0x201,3,0x90,0x90,0x00,0x00,,,,,"Set torque = 0"
17377,RX,0x181,6,0x40,0x40,0x11,0x43,0x80,0x00,0x0B,,"Status word = 0x4311"
17384,RX,0x181,4,0x30,0x30,0x00,0x00,0x01,,,,"Speed feedback = 0 rpm"
17390,TX,0x201,3,0x90,0x90,0x00,0x00,,,,,"Set torque = 0"
17417,TX,0x201,3,0x90,0x90,0x00,0x00,,,,,"Set torque = 0"
17443,TX,0x201,3,0x90,0x90,0x00,0x00,,,,,"Set torque = 0"
17469,TX,0x201,3,0x90,0x90,0x00,0x00,,,,,"Set torque = 0"
17477,RX,0x181,6,0x40,0x40,0x11,0x43,0x80,0x00,0x0B,,"Status word = 0x4311"
17484,RX,0x181,4,0x30,0x30,0x00,0x00,0x01,,,,"Speed feedback = 0 rpm"
17495,TX,0x201,3,0x90,0x90,0x00,0x00,,,,,"Set torque = 0"
17572,TX,0x201,3,0x90,0x90,0x00,0x00,,,,,"Set torque = 0"
17578,RX,0x181,6,0x40,0x40,0x11,0x43,0x80,0x00,0x0B,,"Status word = 0x4311"
17584,RX,0x181,4,0x30,0x30,0x00,0x00,0x01,,,,"Speed feedback = 0 rpm"
17598,TX,0x201,3,0x90,0x90,0x00,0x00,,,,,"Set torque = 0"
17624,TX,0x201,3,0x90,0x90,0x00,0x00,,,,,"Set torque = 0"
17650,TX,0x201,3,0x90,0x90,0x00,0x00,,,,,"Set torque = 0"
17676,TX,0x201,3,0x90,0x90,0x00,0x00,,,,,"Set torque = 0"
17682,RX,0x181,6,0x40,0x40,0x11,0x43,0x80,0x00,0x0B,,"Status word = 0x4311"
17688,RX,0x181,4,0x30,0x30,0x00,0x00,0x01,,,,"Speed feedback = 0 rpm"
17702,TX,0x201,3,0x90,0x90,0x00,0x00,,,,,"Set torque = 0"
17728,TX,0x201,3,0x90,0x90,0x00,0x00,,,,,"Set torque = 0"
17754,TX,0x201,3,0x90,0x90,0x00,0x00,,,,,"Set torque = 0"
17776,RX,0x181,6,0x40,0x40,0x11,0x43,0x80,0x00,0x0B,,"Status word = 0x4311"
17783,TX,0x201,3,0x90,0x90,0x00,0x00,,,,,"Set torque = 0"
17789,RX,0x181,4,0x30,0x30,0x00,0x00,0x01,,,,"Speed feedback = 0 rpm"
17809,TX,0x201,3,0x90,0x90,0x00,0x00,,,,,"Set torque = 0"
17835,TX,0x201,3,0x90,0x90,0x00,0x00,,,,,"Set torque = 0"
17861,TX,0x201,3,0x90,0x90,0x00,0x00,,,,,"Set torque = 0"
17876,RX,0x181,6,0x40,0x40,0x11,0x43,0x80,0x00,0x0B,,"Status word = 0x4311"
17883,RX,0x181,4,0x30,0x30,0x00,0x00,0x01,,,,"Speed feedback = 0 rpm"
17889,TX,0x201,3,0x90,0x90,0x00,0x00,,,,,"Set torque = 0"
17916,TX,0x201,3,0x90,0x90,0x00,0x00,,,,,"Set torque = 0"
17942,TX,0x201,3,0x90,0x90,0x00,0x00,,,,,"Set torque = 0"
17968,TX,0x201,3,0x90,0x90,0x00,0x00,,,,,"Set torque = 0"
18057,RX,0x181,6,0x40,0x40,0x11,0x43,0x80,0x00,0x0B,,"Status word = 0x4311"
18063,RX,0x181,4,0x30,0x30,0x00,0x00,0x01,,,,"Speed feedback = 0 rpm"
18076,RX,0x181,6,0x40,0x40,0x11,0x43,0x80,0x00,0x0B,,"Status word = 0x4311"
18082,TX,0x201,3,0x90,0x90,0x00,0x00,,,,,"Set torque = 0"
18088,RX,0x181,4,0x30,0x30,0x00,0x00,0x01,,,,"Speed feedback = 0 rpm"
18108,TX,0x201,3,0x90,0x90,0x00,0x00,,,,,"Set torque = 0"
18134,TX,0x201,3,0x90,0x90,0x00,0x00,,,,,"Set torque = 0"
18160,TX,0x201,3,0x90,0x90,0x00,0x00,,,,,"Set torque = 0"
18176,RX,0x181,6,0x40,0x40,0x11,0x43,0x80,0x00,0x0B,,"Status word = 0x4311"
18183,RX,0x181,4,0x30,0x30,0x00,0x00,0x01,,,,"Speed feedback = 0 rpm"
18189,TX,0x201,3,0x90,0x90,0x00,0x00,,,,,"Set torque = 0"
18215,TX,0x201,3,0x90,0x90,0x00,0x00,,,,,"Set torque = 0"
18241,TX,0x201,3,0x90,0x90,0x00,0x00,,,,,"Set torque = 0"
18267,TX,0x201,3,0x90,0x90,0x00,0x00,,,,,"Set torque = 0"
18275,RX,0x181,6,0x40,0x40,0x11,0x43,0x80,0x00,0x0B,,"Status word = 0x4311"
18282,RX,0x181,4,0x30,0x30,0x00,0x00,0x01,,,,"Speed feedback = 0 rpm"
18293,TX,0x201,3,0x90,0x90,0x00,0x00,,,,,"Set torque = 0"
18319,TX,0x201,3,0x90,0x90,0x00,0x00,,,,,"Set torque = 0"
18346,TX,0x201,3,0x90,0x90,0x00,0x00,,,,,"Set torque = 0"
18372,TX,0x201,3,0x90,0x90,0x00,0x00,,,,,"Set torque = 0"
18378,RX,0x181,6,0x40,0x40,0x11,0x43,0x80,0x00,0x0B,,"Status word = 0x4311"
18384,RX,0x181,4,0x30,0x30,0x00,0x00,0x01,,,,"Speed feedback = 0 rpm"
18398,TX,0x201,3,0x90,0x90,0x00,0x00,,,,,"Set torque = 0"
18488,RX,0x181,6,0x40,0x40,0x11,0x43,0x80,0x00,0x0B,,"Status word = 0x4311"
18495,RX,0x181,4,0x30,0x30,0x00,0x00,0x01,,,,"Speed feedback = 0 rpm"
18508,TX,0x201,3,0x90,0x90,0x00,0x00,,,,,"Set torque = 0"
18534,TX,0x201,3,0x90,0x90,0x00,0x00,,,,,"Set torque = 0"
18560,TX,0x201,3,0x90,0x90,0x00,0x00,,,,,"Set torque = 0"
18575,RX,0x181,6,0x40,0x40,0x11,0x43,0x80,0x00,0x0B,,"Status word = 0x4311"
18582,RX,0x181,4,0x30,0x30,0x00,0x00,0x01,,,,"Speed feedback = 0 rpm"
18588,TX,0x201,3,0x90,0x90,0x00,0x00,,,,,"Set torque = 0"
18614,TX,0x201,3,0x90,0x90,0x00,0x00,,,,,"Set torque = 0"
18640,TX,0x201,3,0x90,0x90,0x00,0x00,,,,,"Set torque = 0"
18666,TX,0x201,3,0x90,0x90,0x00,0x00,,,,,"Set torque = 0"
18675,RX,0x181,6,0x40,0x40,0x11,0x43,0x80,0x00,0x0B,,"Status word = 0x4311"
18682,RX,0x181,4,0x30,0x30,0x00,0x00,0x01,,,,"Speed feedback = 0 rpm"
18692,TX,0x201,3,0x90,0x90,0x00,0x00,,,,,"Set torque = 0"
18718,TX,0x201,3,0x90,0x90,0x00,0x00,,,,,"Set torque = 0"
18744,TX,0x201,3,0x90,0x90,0x00,0x00,,,,,"Set torque = 0"
18770,TX,0x201,3,0x90,0x90,0x00,0x00,,,,,"Set torque = 0"
18776,RX,0x181,6,0x40,0x40,0x11,0x43,0x80,0x00,0x0B,,"Status word = 0x4311"
18782,RX,0x181,4,0x30,0x30,0x00,0x00,0x01,,,,"Speed feedback = 0 rpm"
18796,TX,0x201,3,0x90,0x90,0x00,0x00,,,,,"Set torque = 0"
18822,TX,0x201,3,0x90,0x90,0x00,0x00,,,,,"Set torque = 0"
18848,TX,0x201,3,0x90,0x90,0x00,0x00,,,,,"Set torque = 0"
18874,TX,0x201,3,0x90,0x90,0x00,0x00,,,,,"Set torque = 0"
18880,RX,0x181,6,0x40,0x40,0x11,0x43,0x80,0x00,0x0B,,"Status word = 0x4311"
18960,RX,0x181,4,0x30,0x30,0x00,0x00,0x01,,,,"Speed feedback = 0 rpm"
18967,TX,0x201,3,0x90,0x90,0x00,0x00,,,,,"Set torque = 0"
18974,RX,0x181,6,0x40,0x40,0x11,0x43,0x80,0x00,0x0B,,"Status word = 0x4311"
18981,RX,0x181,4,0x30,0x30,0x00,0x00,0x01,,,,"Speed feedback = 0 rpm"
18993,TX,0x201,3,0x90,0x90,0x00,0x00,,,,,"Set torque = 0"
19019,TX,0x201,3,0x90,0x90,0x00,0x00,,,,,"Set torque = 0"
19045,TX,0x201,3,0x90,0x90,0x00,0x00,,,,,"Set torque = 0"
19071,TX,0x201,3,0x90,0x90,0x00,0x00,,,,,"Set torque = 0"
19077,RX,0x181,6,0x40,0x40,0x11,0x43,0x80,0x00,0x0B,,"Status word = 0x4311"
19083,RX,0x181,4,0x30,0x30,0x00,0x00,0x01,,,,"Speed feedback = 0 rpm"
19097,TX,0x201,3,0x90,0x90,0x00,0x00,,,,,"Set torque = 0"
19123,TX,0x201,3,0x90,0x90,0x00,0x00,,,,,"Set torque = 0"
19149,TX,0x201,3,0x90,0x90,0x00,0x00,,,,,"Set torque = 0"
19174,RX,0x181,6,0x40,0x40,0x11,0x43,0x80,0x00,0x0B,,"Status word = 0x4311"
19180,TX,0x201,3,0x90,0x90,0x00,0x00,,,,,"Set torque = 0"
19186,RX,0x181,4,0x30,0x30,0x00,0x00,0x01,,,,"Speed feedback = 0 rpm"
19206,TX,0x201,3,0x90,0x90,0x00,0x00,,,,,"Set torque = 0"
19232,TX,0x201,3,0x90,0x90,0x00,0x00,,,,,"Set torque = 0"
19258,TX,0x201,3,0x90,0x90,0x00,0x00,,,,,"Set torque = 0"
19274,RX,0x181,6,0x40,0x40,0x11,0x43,0x80,0x00,0x0B,,"Status word = 0x4311"
19281,RX,0x181,4,0x30,0x30,0x00,0x00,0x01,,,,"Speed feedback = 0 rpm"
19287,TX,0x201,3,0x90,0x90,0x00,0x00,,,,,"Set torque = 0"
19314,TX,0x201,3,0x90,0x90,0x00,0x00,,,,,"Set torque = 0"
19340,TX,0x201,3,0x90,0x90,0x00,0x00,,,,,"Set torque = 0"
19422,RX,0x181,6,0x40,0x40,0x11,0x43,0x80,0x00,0x0B,,"Status word = 0x4311"
19428,RX,0x181,4,0x30,0x30,0x00,0x00,0x01,,,,"Speed feedback = 0 rpm"
19442,TX,0x201,3,0x90,0x90,0x00,0x00,,,,,"Set torque = 0"
19468,TX,0x201,3,0x90,0x90,0x00,0x00,,,,,"Set torque = 0"
19474,RX,0x181,6,0x40,0x40,0x11,0x43,0x80,0x00,0x0B,,"Status word = 0x4311"
19481,RX,0x181,4,0x30,0x30,0x00,0x00,0x01,,,,"Speed feedback = 0 rpm"
19494,TX,0x201,3,0x90,0x90,0x00,0x00,,,,,"Set torque = 0"
19520,TX,0x201,3,0x90,0x90,0x00,0x00,,,,,"Set torque = 0"
19546,TX,0x201,3,0x90,0x90,0x00,0x00,,,,,"Set torque = 0"
19572,TX,0x201,3,0x90,0x90,0x00,0x00,,,,,"Set torque = 0"
19581,RX,0x181,6,0x40,0x40,0x11,0x43,0x80,0x00,0x0B,,"Status word = 0x4311"
19587,RX,0x181,4,0x30,0x30,0x00,0x00,0x01,,,,"Speed feedback = 0 rpm"
19601,TX,0x201,3,0x90,0x90,0x00,0x00,,,,,"Set torque = 0"
19627,TX,0x201,3,0x90,0x90,0x00,0x00,,,,,"Set torque = 0"
19653,TX,0x201,3,0x90,0x90,0x00,0x00,,,,,"Set torque = 0"
19673,RX,0x181,6,0x40,0x40,0x11,0x43,0x80,0x00,0x0B,,"Status word = 0x4311"
19679,TX,0x201,3,0x90,0x90,0x00,0x00,,,,,"Set torque = 0"
19686,RX,0x181,4,0x30,0x30,0x00,0x00,0x01,,,,"Speed feedback = 0 rpm"
19706,TX,0x201,3,0x90,0x90,0x00,0x00,,,,,"Set torque = 0"
19732,TX,0x201,3,0x90,0x90,0x00,0x00,,,,,"Set torque = 0"
19758,TX,0x201,3,0x90,0x90,0x00,0x00,,,,,"Set torque = 0"
19773,RX,0x181,6,0x40,0x40,0x11,0x43,0x80,0x00,0x0B,,"Status word = 0x4311"
19780,RX,0x181,4,0x30,0x30,0x00,0x00,0x01,,,,"Speed feedback = 0 rpm"
19864,TX,0x201,3,0x90,0x90,0x00,0x00,,,,,"Set torque = 0"
19873,RX,0x181,6,0x40,0x40,0x11,0x43,0x80,0x00,0x0B,,"Status word = 0x4311"
19880,RX,0x181,4,0x30,0x30,0x00,0x00,0x01,,,,"Speed feedback = 0 rpm"
19890,TX,0x201,3,0x90,0x90,0x00,0x00,,,,,"Set torque = 0"
19916,TX,0x201,3,0x90,0x90,0x00,0x00,,,,,"Set torque = 0"
19942,TX,0x201,3,0x90,0x90,0x00,0x00,,,,,"Set torque = 0"
19968,TX,0x201,3,0x90,0x90,0x00,0x00,,,,,"Set torque = 0"
19974,RX,0x181,6,0x40,0x40,0x11,0x43,0x80,0x00,0x0B,,"Status word = 0x4311"
19980,RX,0x181,4,0x30,0x30,0x00,0x00,0x01,,,,"Speed feedback = 0 rpm"
19994,TX,0x201,3,0x90,0x90,0x00,0x00,,,,,"Set torque = 0"
20020,TX,0x201,3,0x90,0x90,0x00,0x00,,,,,"Set torque = 0"
20046,TX,0x201,3,0x90,0x90,0x00,0x00,,,,,"Set torque = 0"
20072,TX,0x201,3,0x90,0x90,0x00,0x00,,,,,"Set torque = 0"
20078,RX,0x181,6,0x40,0x40,0x11,0x43,0x80,0x00,0x0B,,"Status word = 0x4311"
20084,RX,0x181,4,0x30,0x30,0x00,0x00,0x01,,,,"Speed feedback = 0 rpm"
20098,TX,0x201,3,0x90,0x90,0x00,0x00,,,,,"Set torque = 0"
20124,TX,0x201,3,0x90,0x90,0x00,0x00,,,,,"Set torque = 0"
20150,TX,0x201,3,0x90,0x90,0x00,0x00,,,,,"Set torque = 0"
20172,RX,0x181,6,0x40,0x40,0x11,0x43,0x80,0x00,0x0B,,"Status word = 0x4311"
20179,TX,0x201,3,0x90,0x90,0x00,0x00,,,,,"Set torque = 0"
20185,RX,0x181,4,0x30,0x30,0x00,0x00,0x01,,,,"Speed feedback = 0 rpm"
20205,TX,0x201,3,0x90,0x90,0x00,0x00,,,,,"Set torque = 0"
20231,TX,0x201,3,0x90,0x90,0x00,0x00,,,,,"Set torque = 0"
20257,TX,0x201,3,0x90,0x90,0x00,0x00,,,,,"Set torque = 0"
20341,RX,0x181,6,0x40,0x40,0x11,0x43,0x80,0x00,0x0B,,"Status word = 0x4311"
20347,RX,0x181,4,0x30,0x30,0x00,0x00,0x01,,,,"Speed feedback = 0 rpm"
20361,TX,0x201,3,0x90,0x90,0x00,0x00,,,,,"Set torque = 0"
20372,RX,0x181,6,0x40,0x40,0x11,0x43,0x80,0x00,0x0B,,"Status word = 0x4311"
20379,RX,0x181,4,0x30,0x30,0x00,0x00,0x01,,,,"Speed feedback = 0 rpm"
20387,TX,0x201,3,0x90,0x90,0x00,0x00,,,,,"Set torque = 0"
20413,TX,0x201,3,0x90,0x90,0x00,0x00,,,,,"Set torque = 0"
20439,TX,0x201,3,0x90,0x90,0x00,0x00,,,,,"Set torque = 0"
20465,TX,0x201,3,0x90,0x90,0x00,0x00,,,,,"Set torque = 0"
20472,RX,0x181,6,0x40,0x40,0x11,0x43,0x80,0x00,0x0B,,"Status word = 0x4311"
20479,RX,0x181,4,0x30,0x30,0x00,0x00,0x01,,,,"Speed feedback = 0 rpm"
20491,TX,0x201,3,0x90,0x90,0x00,0x00,,,,,"Set torque = 0"
20517,TX,0x201,3,0x90,0x90,0x00,0x00,,,,,"Set torque = 0"
20543,TX,0x201,3,0x90,0x90,0x00,0x00,,,,,"Set torque = 0"
20569,TX,0x201,3,0x90,0x90,0x00,0x00,,,,,"Set torque = 0"
20575,RX,0x181,6,0x40,0x40,0x11,0x43,0x80,0x00,0x0B,,"Status word = 0x4311"
20581,RX,0x181,4,0x30,0x30,0x00,0x00,0x01,,,,"Speed feedback = 0 rpm"
20595,TX,0x201,3,0x90,0x90,0x00,0x00,,,,,"Set torque = 0"
20621,TX,0x201,3,0x90,0x90,0x00,0x00,,,,,"Set torque = 0"
20647,TX,0x201,3,0x90,0x90,0x00,0x00,,,,,"Set torque = 0"
20672,RX,0x181,6,0x40,0x40,0x11,0x43,0x80,0x00,0x0B,,"Status word = 0x4311"
20678,TX,0x201,3,0x90,0x90,0x00,0x00,,,,,"Set torque = 0"
20684,RX,0x181,4,0x30,0x30,0x00,0x00,0x01,,,,"Speed feedback = 0 rpm"
20704,TX,0x201,3,0x90,0x90,0x00,0x00,,,,,"Set torque = 0"
20789,RX,0x181,6,0x40,0x40,0x11,0x43,0x80,0x00,0x0B,,"Status word = 0x4311"
20795,RX,0x181,4,0x30,0x30,0x00,0x00,0x01,,,,"Speed feedback = 0 rpm"
20809,TX,0x201,3,0x90,0x90,0x00,0x00,,,,,"Set torque = 0"
20835,TX,0x201,3,0x90,0x90,0x00,0x00,,,,,"Set torque = 0"
20861,TX,0x201,3,0x90,0x90,0x00,0x00,,,,,"Set torque = 0"
20871,RX,0x181,6,0x40,0x40,0x11,0x43,0x80,0x00,0x0B,,"Status word = 0x4311"
20878,RX,0x181,4,0x30,0x30,0x00,0x00,0x01,,,,"Speed feedback = 0 rpm"
20887,TX,0x201,3,0x90,0x90,0x00,0x00,,,,,"Set torque = 0"
20913,TX,0x201,3,0x90,0x90,0x00,0x00,,,,,"Set torque = 0"
20939,TX,0x201,3,0x90,0x90,0x00,0x00,,,,,"Set torque = 0"
20965,TX,0x201,3,0x90,0x90,0x00,0x00,,,,,"Set torque = 0"
20971,RX,0x181,6,0x40,0x40,0x11,0x43,0x80,0x00,0x0B,,"Status word = 0x4311"
20978,RX,0x181,4,0x30,0x30,0x00,0x00,0x01,,,,"Speed feedback = 0 rpm"
20991,TX,0x201,3,0x90,0x90,0x00,0x00,,,,,"Set torque = 0"
21017,TX,0x201,3,0x90,0x90,0x00,0x00,,,,,"Set torque = 0"
21043,TX,0x201,3,0x90,0x90,0x00,0x00,,,,,"Set torque = 0"
21069,TX,0x201,3,0x90,0x90,0x00,0x00,,,,,"Set torque = 0"
21075,RX,0x181,6,0x40,0x40,0x11,0x43,0x80,0x00,0x0B,,"Status word = 0x4311"
21081,RX,0x181,4,0x30,0x30,0x00,0x00,0x01,,,,"Speed feedback = 0 rpm"
21095,TX,0x201,3,0x90,0x90,0x00,0x00,,,,,"Set torque = 0"
21121,TX,0x201,3,0x90,0x90,0x00,0x00,,,,,"Set torque = 0"
21147,TX,0x201,3,0x90,0x90,0x00,0x00,,,,,"Set torque = 0"
21171,RX,0x181,6,0x40,0x40,0x11,0x43,0x80,0x00,0x0B,,"Status word = 0x4311"
21177,TX,0x201,3,0x90,0x90,0x00,0x00,,,,,"Set torque = 0"
21261,RX,0x181,4,0x30,0x30,0x00,0x00,0x01,,,,"Speed feedback = 0 rpm"
21271,RX,0x181,6,0x40,0x40,0x11,0x43,0x80,0x00,0x0B,,"Status word = 0x4311"
21278,RX,0x181,4,0x30,0x30,0x00,0x00,0x01,,,,"Speed feedback = 0 rpm"
21284,TX,0x201,3,0x90,0x90,0x00,0x00,,,,,"Set torque = 0"
21310,TX,0x201,3,0x90,0x90,0x00,0x00,,,,,"Set torque = 0"
21336,TX,0x201,3,0x90,0x90,0x00,0x00,,,,,"Set torque = 0"
21362,TX,0x201,3,0x90,0x90,0x00,0x00,,,,,"Set torque = 0"
21371,RX,0x181,6,0x40,0x40,0x11,0x43,0x80,0x00,0x0B,,"Status word = 0x4311"
21378,RX,0x181,4,0x30,0x30,0x00,0x00,0x01,,,,"Speed feedback = 0 rpm"
21388,TX,0x201,3,0x90,0x90,0x00,0x00,,,,,"Set torque = 0"
21414,TX,0x201,3,0x90,0x90,0x00,0x00,,,,,"Set torque = 0"
21440,TX,0x201,3,0x90,0x90,0x00,0x00,,,,,"Set torque = 0"
21466,TX,0x201,3,0x90,0x90,0x00,0x00,,,,,"Set torque = 0"
21472,RX,0x181,6,0x40,0x40,0x11,0x43,0x80,0x00,0x0B,,"Status word = 0x4311"
21478,RX,0x181,4,0x30,0x30,0x00,0x00,0x01,,,,"Speed feedback = 0 rpm"
21492,TX,0x201,3,0x90,0x90,0x00,0x00,,,,,"Set torque = 0"
21518,TX,0x201,3,0x90,0x90,0x00,0x00,,,,,"Set torque = 0"
21544,TX,0x201,3,0x90,0x90,0x00,0x00,,,,,"Set torque = 0"
21570,TX,0x201,3,0x90,0x90,0x00,0x00,,,,,"Set torque = 0"
21576,RX,0x181,6,0x40,0x40,0x11,0x43,0x80,0x00,0x0B,,"Status word = 0x4311"
21582,RX,0x181,4,0x30,0x30,0x00,0x00,0x01,,,,"Speed feedback = 0 rpm"
21596,TX,0x201,3,0x90,0x90,0x00,0x00,,,,,"Set torque = 0"
21622,TX,0x201,3,0x90,0x90,0x00,0x00,,,,,"Set torque = 0"
21648,TX,0x201,3,0x90,0x90,0x00,0x00,,,,,"Set torque = 0"
21726,RX,0x181,6,0x40,0x40,0x11,0x43,0x80,0x00,0x0B,,"Status word = 0x4311"
21733,RX,0x181,4,0x30,0x30,0x00,0x00,0x01,,,,"Speed feedback = 0 rpm"
21746,TX,0x201,3,0x90,0x90,0x00,0x00,,,,,"Set torque = 0"
21770,RX,0x181,6,0x40,0x40,0x11,0x43,0x80,0x00,0x0B,,"Status word = 0x4311"
21776,TX,0x201,3,0x90,0x90,0x00,0x00,,,,,"Set torque = 0"
21782,RX,0x181,4,0x30,0x30,0x00,0x00,0x01,,,,"Speed feedback = 0 rpm"
21802,TX,0x201,3,0x90,0x90,0x00,0x00,,,,,"Set torque = 0"
21828,TX,0x201,3,0x90,0x90,0x00,0x00,,,,,"Set torque = 0"
21854,TX,0x201,3,0x90,0x90,0x00,0x00,,,,,"Set torque = 0"
21870,RX,0x181,6,0x40,0x40,0x11,0x43,0x80,0x00,0x0B,,"Status word = 0x4311"
21877,RX,0x181,4,0x30,0x30,0x00,0x00,0x01,,,,"Speed feedback = 0 rpm"
21883,TX,0x201,3,0x90,0x90,0x00,0x00,,,,,"Set torque = 0"
21910,TX,0x201,3,0x90,0x90,0x00,0x00,,,,,"Set torque = 0"
21936,TX,0x201,3,0x90,0x90,0x00,0x00,,,,,"Set torque = 0"
21962,TX,0x201,3,0x90,0x90,0x00,0x00,,,,,"Set torque = 0"
21970,RX,0x181,6,0x40,0x40,0x11,0x43,0x80,0x00,0x0B,,"Status word = 0x4311"
21977,RX,0x181,4,0x30,0x30,0x00,0x00,0x01,,,,"Speed feedback = 0 rpm"
21988,TX,0x201,3,0x90,0x90,0x00,0x00,,,,,"Set torque = 0"
22014,TX,0x201,3,0x90,0x90,0x00,0x00,,,,,"Set torque = 0"
22040,TX,0x201,3,0x90,0x90,0x00,0x00,,,,,"Set torque = 0"
22066,TX,0x201,3,0x90,0x90,0x00,0x00,,,,,"Set torque = 0"
22072,RX,0x181,6,0x40,0x40,0x11,0x43,0x80,0x00,0x0B,,"Status word = 0x4311"
22078,RX,0x181,4,0x30,0x30,0x00,0x00,0x01,,,,"Speed feedback = 0 rpm"
22092,TX,0x201,3,0x90,0x90,0x00,0x00,,,,,"Set torque = 0"
22172,RX,0x181,6,0x40,0x40,0x11,0x43,0x80,0x00,0x0B,,"Status word = 0x4311"
22179,RX,0x181,4,0x30,0x30,0x00,0x00,0x01,,,,"Speed feedback = 0 rpm"
22192,TX,0x201,3,0x90,0x90,0x00,0x00,,,,,"Set torque = 0"
22218,TX,0x201,3,0x90,0x90,0x00,0x00,,,,,"Set torque = 0"
22244,TX,0x201,3,0x90,0x90,0x00,0x00,,,,,"Set torque = 0"
22269,RX,0x181,6,0x40,0x40,0x11,0x43,0x80,0x00,0x0B,,"Status word = 0x4311"
22276,TX,0x201,3,0x90,0x90,0x00,0x00,,,,,"Set torque = 0"
22282,RX,0x181,4,0x30,0x30,0x00,0x00,0x01,,,,"Speed feedback = 0 rpm"
22302,TX,0x201,3,0x90,0x90,0x00,0x00,,,,,"Set torque = 0"
22328,TX,0x201,3,0x90,0x90,0x00,0x00,,,,,"Set torque = 0"
22354,TX,0x201,3,0x90,0x90,0x00,0x00,,,,,"Set torque = 0"
22369,RX,0x181,6,0x40,0x40,0x11,0x43,0x80,0x00,0x0B,,"Status word = 0x4311"
22376,RX,0x181,4,0x30,0x30,0x00,0x00,0x01,,,,"Speed feedback = 0 rpm"
22382,TX,0x201,3,0x90,0x90,0x00,0x00,,,,,"Set torque = 0"
22408,TX,0x201,3,0x90,0x90,0x00,0x00,,,,,"Set torque = 0"
22434,TX,0x201,3,0x90,0x90,0x00,0x00,,,,,"Set torque = 0"
22460,TX,0x201,3,0x90,0x90,0x00,0x00,,,,,"Set torque = 0"
22469,RX,0x181,6,0x40,0x40,0x11,0x43,0x80,0x00,0x0B,,"Status word = 0x4311"
22476,RX,0x181,4,0x30,0x30,0x00,0x00,0x01,,,,"Speed feedback = 0 rpm"
22486,TX,0x201,3,0x90,0x90,0x00,0x00,,,,,"Set torque = 0"
22512,TX,0x201,3,0x90,0x90,0x00,0x00,,,,,"Set torque = 0"
22538,TX,0x201,3,0x90,0x90,0x00,0x00,,,,,"Set torque = 0"
22564,TX,0x201,3,0x90,0x90,0x00,0x00,,,,,"Set torque = 0"
22570,RX,0x181,6,0x40,0x40,0x11,0x43,0x80,0x00,0x0B,,"Status word = 0x4311"
22651,RX,0x181,4,0x30,0x30,0x00,0x00,0x01,,,,"Speed feedback = 0 rpm"
22658,TX,0x201,3,0x90,0x90,0x00,0x00,,,,,"Set torque = 0"
22669,RX,0x181,6,0x40,0x40,0x11,0x43,0x80,0x00,0x0B,,"Status word = 0x4311"
22675,RX,0x181,4,0x30,0x30,0x00,0x00,0x01,,,,"Speed feedback = 0 rpm"
22684,TX,0x201,3,0x90,0x90,0x00,0x00,,,,,"Set torque = 0"
22710,TX,0x201,3,0x90,0x90,0x00,0x00,,,,,"Set torque = 0"
22736,TX,0x201,3,0x90,0x90,0x00,0x00,,,,,"Set torque = 0"
22762,TX,0x201,3,0x90,0x90,0x00,0x00,,,,,"Set torque = 0"
22768,RX,0x181,6,0x40,0x40,0x11,0x43,0x80,0x00,0x0B,,"Status word = 0x4311"
22775,RX,0x181,4,0x30,0x30,0x00,0x00,0x01,,,,"Speed feedback = 0 rpm"
22788,TX,0x201,3,0x90,0x90,0x00,0x00,,,,,"Set torque = 0"
22814,TX,0x201,3,0x90,0x90,0x00,0x00,,,,,"Set torque = 0"
22840,TX,0x201,3,0x90,0x90,0x00,0x00,,,,,"Set torque = 0"
22866,TX,0x201,3,0x90,0x90,0x00,0x00,,,,,"Set torque = 0"
22872,RX,0x181,6,0x40,0x40,0x11,0x43,0x80,0x00,0x0B,,"Status word = 0x4311"
22878,RX,0x181,4,0x30,0x30,0x00,0x00,0x01,,,,"Speed feedback = 0 rpm"
22892,TX,0x201,3,0x90,0x90,0x00,0x00,,,,,"Set torque = 0"
22918,TX,0x201,3,0x90,0x90,0x00,0x00,,,,,"Set torque = 0"
22944,TX,0x201,3,0x90,0x90,0x00,0x00,,,,,"Set torque = 0"
22968,RX,0x181,6,0x40,0x40,0x11,0x43,0x80,0x00,0x0B,,"Status word = 0x4311"
22974,TX,0x201,3,0x90,0x90,0x00,0x00,,,,,"Set torque = 0"
22980,RX,0x181,4,0x30,0x30,0x00,0x00,0x01,,,,"Speed feedback = 0 rpm"
23000,TX,0x201,3,0x90,0x90,0x00,0x00,,,,,"Set torque = 0"
23026,TX,0x201,3,0x90,0x90,0x00,0x00,,,,,"Set torque = 0"
23109,RX,0x181,6,0x40,0x40,0x11,0x43,0x80,0x00,0x0B,,"Status word = 0x4311"
23116,RX,0x181,4,0x30,0x30,0x00,0x00,0x01,,,,"Speed feedback = 0 rpm"
23129,TX,0x201,3,0x90,0x90,0x00,0x00,,,,,"Set torque = 0"
23155,TX,0x201,3,0x90,0x90,0x00,0x00,,,,,"Set torque = 0"
23168,RX,0x181,6,0x40,0x40,0x11,0x43,0x80,0x00,0x0B,,"Status word = 0x4311"
23175,RX,0x181,4,0x30,0x30,0x00,0x00,0x01,,,,"Speed feedback = 0 rpm"
23181,TX,0x201,3,0x90,0x90,0x00,0x00,,,,,"Set torque = 0"
23207,TX,0x201,3,0x90,0x90,0x00,0x00,,,,,"Set torque = 0"
23233,TX,0x201,3,0x90,0x90,0x00,0x00,,,,,"Set torque = 0"
23260,TX,0x201,3,0x90,0x90,0x00,0x00,,,,,"Set torque = 0"
23268,RX,0x181,6,0x40,0x40,0x11,0x43,0x80,0x00,0x0B,,"Status word = 0x4311"
23275,RX,0x181,4,0x30,0x30,0x00,0x00,0x01,,,,"Speed feedback = 0 rpm"
23286,TX,0x201,3,0x90,0x90,0x00,0x00,,,,,"Set torque = 0"
23312,TX,0x201,3,0x90,0x90,0x00,0x00,,,,,"Set torque = 0"
23338,TX,0x201,3,0x90,0x90,0x00,0x00,,,,,"Set torque = 0"
23364,TX,0x201,3,0x90,0x90,0x00,0x00,,,,,"Set torque = 0"
23370,RX,0x181,6,0x40,0x40,0x11,0x43,0x80,0x00,0x0B,,"Status word = 0x4311"
23376,RX,0x181,4,0x30,0x30,0x00,0x00,0x01,,,,"Speed feedback = 0 rpm"
23390,TX,0x201,3,0x90,0x90,0x00,0x00,,,,,"Set torque = 0"
23416,TX,0x201,3,0x90,0x90,0x00,0x00,,,,,"Set torque = 0"
23442,TX,0x201,3,0x90,0x90,0x00,0x00,,,,,"Set torque = 0"
23467,RX,0x181,6,0x40,0x40,0x11,0x43,0x80,0x00,0x0B,,"Status word = 0x4311"
23473,TX,0x201,3,0x90,0x90,0x00,0x00,,,,,"Set torque = 0"
23480,RX,0x181,4,0x30,0x30,0x00,0x00,0x01,,,,"Speed feedback = 0 rpm"
23565,TX,0x201,3,0x90,0x90,0x00,0x00,,,,,"Set torque = 0"
23571,RX,0x181,6,0x40,0x40,0x11,0x43,0x80,0x00,0x0B,,"Status word = 0x4311"
23577,RX,0x181,4,0x30,0x30,0x00,0x00,0x01,,,,"Speed feedback = 0 rpm"
23591,TX,0x201,3,0x90,0x90,0x00,0x00,,,,,"Set torque = 0"
23617,TX,0x201,3,0x90,0x90,0x00,0x00,,,,,"Set torque = 0"
23643,TX,0x201,3,0x90,0x90,0x00,0x00,,,,,"Set torque = 0"
23667,RX,0x181,6,0x40,0x40,0x11,0x43,0x80,0x00,0x0B,,"Status word = 0x4311"
23673,TX,0x201,3,0x90,0x90,0x00,0x00,,,,,"Set torque = 0"
23679,RX,0x181,4,0x30,0x30,0x00,0x00,0x01,,,,"Speed feedback = 0 rpm"
23699,TX,0x201,3,0x90,0x90,0x00,0x00,,,,,"Set torque = 0"
23725,TX,0x201,3,0x90,0x90,0x00,0x00,,,,,"Set torque = 0"
23751,TX,0x201,3,0x90,0x90,0x00,0x00,,,,,"Set torque = 0"
23767,RX,0x181,6,0x40,0x40,0x11,0x43,0x80,0x00,0x0B,,"Status word = 0x4311"
23774,RX,0x181,4,0x30,0x30,0x00,0x00,0x01,,,,"Speed feedback = 0 rpm"
23780,TX,0x201,3,0x90,0x90,0x00,0x00,,,,,"Set torque = 0"
23807,TX,0x201,3,0x90,0x90,0x00,0x00,,,,,"Set torque = 0"
23833,TX,0x201,3,0x90,0x90,0x00,0x00,,,,,"Set torque = 0"
23857,TX,0x201,3,0x90,0x90,0x00,0x00,,,,,"Set torque = 0"
23867,RX,0x181,6,0x40,0x40,0x11,0x43,0x80,0x00,0x0B,,"Status word = 0x4311"
23874,RX,0x181,4,0x30,0x30,0x00,0x00,0x01,,,,"Speed feedback = 0 rpm"
23883,TX,0x201,3,0x90,0x90,0x00,0x00,,,,,"Set torque = 0"
23909,TX,0x201,3,0x90,0x90,0x00,0x00,,,,,"Set torque = 0"
23935,TX,0x201,3,0x90,0x90,0x00,0x00,,,,,"Set torque = 0"
23961,TX,0x201,3,0x90,0x90,0x00,0x00,,,,,"Set torque = 0"
24045,RX,0x181,6,0x40,0x40,0x11,0x43,0x80,0x00,0x0B,,"Status word = 0x4311"
24051,RX,0x181,4,0x30,0x30,0x00,0x00,0x01,,,,"Speed feedback = 0 rpm"
24065,TX,0x201,3,0x90,0x90,0x00,0x00,,,,,"Set torque = 0"
24071,RX,0x181,6,0x40,0x40,0x11,0x43,0x80,0x00,0x0B,,"Status word = 0x4311"
24077,RX,0x181,4,0x30,0x30,0x00,0x00,0x01,,,,"Speed feedback = 0 rpm"
24091,TX,0x201,3,0x90,0x90,0x00,0x00,,,,,"Set torque = 0"
24117,TX,0x201,3,0x90,0x90,0x00,0x00,,,,,"Set torque = 0"
24143,TX,0x201,3,0x90,0x90,0x00,0x00,,,,,"Set torque = 0"
24166,RX,0x181,6,0x40,0x40,0x11,0x43,0x80,0x00,0x0B,,"Status word = 0x4311"
24173,TX,0x201,3,0x90,0x90,0x00,0x00,,,,,"Set torque = 0"
24179,RX,0x181,4,0x30,0x30,0x00,0x00,0x01,,,,"Speed feedback = 0 rpm"
24199,TX,0x201,3,0x90,0x90,0x00,0x00,,,,,"Set torque = 0"
24225,TX,0x201,3,0x90,0x90,0x00,0x00,,,,,"Set torque = 0"
24251,TX,0x201,3,0x90,0x90,0x00,0x00,,,,,"Set torque = 0"
24266,RX,0x181,6,0x40,0x40,0x11,0x43,0x80,0x00,0x0B,,"Status word = 0x4311"
24273,RX,0x181,4,0x30,0x30,0x00,0x00,0x01,,,,"Speed feedback = 0 rpm"
24279,TX,0x201,3,0x90,0x90,0x00,0x00,,,,,"Set torque = 0"
24305,TX,0x201,3,0x90,0x90,0x00,0x00,,,,,"Set torque = 0"
24331,TX,0x201,3,0x90,0x90,0x00,0x00,,,,,"Set torque = 0"
24357,TX,0x201,3,0x90,0x90,0x00,0x00,,,,,"Set torque = 0"
24366,RX,0x181,6,0x40,0x40,0x11,0x43,0x80,0x00,0x0B,,"Status word = 0x4311"
24373,RX,0x181,4,0x30,0x30,0x00,0x00,0x01,,,,"Speed feedback = 0 rpm"
24383,TX,0x201,3,0x90,0x90,0x00,0x00,,,,,"Set torque = 0"
24409,TX,0x201,3,0x90,0x90,0x00,0x00,,,,,"Set torque = 0"
24495,RX,0x181,6,0x40,0x40,0x11,0x43,0x80,0x00,0x0B,,"Status word = 0x4311"
24501,RX,0x181,4,0x30,0x30,0x00,0x00,0x01,,,,"Speed feedback = 0 rpm"
24515,TX,0x201,3,0x90,0x90,0x00,0x00,,,,,"Set torque = 0"
24541,TX,0x201,3,0x90,0x90,0x00,0x00,,,,,"Set torque = 0"
24566,RX,0x181,6,0x40,0x40,0x11,0x43,0x80,0x00,0x0B,,"Status word = 0x4311"
24572,TX,0x201,3,0x90,0x90,0x00,0x00,,,,,"Set torque = 0"
24578,RX,0x181,4,0x30,0x30,0x00,0x00,0x01,,,,"Speed feedback = 0 rpm"
24598,TX,0x201,3,0x90,0x90,0x00,0x00,,,,,"Set torque = 0"
24624,TX,0x201,3,0x90,0x90,0x00,0x00,,,,,"Set torque = 0"
24650,TX,0x201,3,0x90,0x90,0x00,0x00,,,,,"Set torque = 0"
24665,RX,0x181,6,0x40,0x40,0x11,0x43,0x80,0x00,0x0B,,"Status word = 0x4311"
24672,RX,0x181,4,0x30,0x30,0x00,0x00,0x01,,,,"Speed feedback = 0 rpm"
24679,TX,0x201,3,0x90,0x90,0x00,0x00,,,,,"Set torque = 0"
24705,TX,0x201,3,0x90,0x90,0x00,0x00,,,,,"Set torque = 0"
24731,TX,0x201,3,0x90,0x90,0x00,0x00,,,,,"Set torque = 0"
24757,TX,0x201,3,0x90,0x90,0x00,0x00,,,,,"Set torque = 0"
24765,RX,0x181,6,0x40,0x40,0x11,0x43,0x80,0x00,0x0B,,"Status word = 0x4311"
24772,RX,0x181,4,0x30,0x30,0x00,0x00,0x01,,,,"Speed feedback = 0 rpm"
24783,TX,0x201,3,0x90,0x90,0x00,0x00,,,,,"Set torque = 0"
24809,TX,0x201,3,0x90,0x90,0x00,0x00,,,,,"Set torque = 0"
24835,TX,0x201,3,0x90,0x90,0x00,0x00,,,,,"Set torque = 0"
24861,TX,0x201,3,0x90,0x90,0x00,0x00,,,,,"Set torque = 0"
24867,RX,0x181,6,0x40,0x40,0x11,0x43,0x80,0x00,0x0B,,"Status word = 0x4311"
24951,RX,0x181,4,0x30,0x30,0x00,0x00,0x01,,,,"Speed feedback = 0 rpm"
24957,TX,0x201,3,0x90,0x90,0x00,0x00,,,,,"Set torque = 0"
24965,RX,0x181,6,0x40,0x40,0x11,0x43,0x80,0x00,0x0B,,"Status word = 0x4311"
24972,RX,0x181,4,0x30,0x30,0x00,0x00,0x01,,,,"Speed feedback = 0 rpm"
24983,TX,0x201,3,0x90,0x90,0x00,0x00,,,,,"Set torque = 0"
25009,TX,0x201,3,0x90,0x90,0x00,0x00,,,,,"Set torque = 0"
25035,TX,0x201,3,0x90,0x90,0x00,0x00,,,,,"Set torque = 0"
25061,TX,0x201,3,0x90,0x90,0x00,0x00,,,,,"Set torque = 0"
25067,RX,0x181,6,0x40,0x40,0x11,0x43,0x80,0x00,0x0B,,"Status word = 0x4311"
25073,RX,0x181,4,0x30,0x30,0x00,0x00,0x01,,,,"Speed feedback = 0 rpm"
25087,TX,0x201,3,0x90,0x90,0x00,0x00,,,,,"Set torque = 0"
25113,TX,0x201,3,0x90,0x90,0x00,0x00,,,,,"Set torque = 0"
25139,TX,0x201,3,0x90,0x90,0x00,0x00,,,,,"Set torque = 0"
25165,TX,0x201,3,0x90,0x90,0x00,0x00,,,,,"Set torque = 0"
25171,RX,0x181,6,0x40,0x40,0x11,0x43,0x80,0x00,0x0B,,"Status word = 0x4311"
25177,RX,0x181,4,0x30,0x30,0x00,0x00,0x01,,,,"Speed feedback = 0 rpm"
25191,TX,0x201,3,0x90,0x90,0x00,0x00,,,,,"Set torque = 0"
25217,TX,0x201,3,0x90,0x90,0x00,0x00,,,,,"Set torque = 0"
25243,TX,0x201,3,0x90,0x90,0x00,0x00,,,,,"Set torque = 0"
25264,RX,0x181,6,0x40,0x40,0x11,0x43,0x80,0x00,0x0B,,"Status word = 0x4311"
25271,TX,0x201,3,0x90,0x90,0x00,0x00,,,,,"Set torque = 0"
25277,RX,0x181,4,0x30,0x30,0x00,0x00,0x01,,,,"Speed feedback = 0 rpm"
25297,TX,0x201,3,0x90,0x90,0x00,0x00,,,,,"Set torque = 0"
25323,TX,0x201,3,0x90,0x90,0x00,0x00,,,,,"Set torque = 0"
25407,RX,0x181,6,0x40,0x40,0x11,0x43,0x80,0x00,0x0B,,"Status word = 0x4311"
25414,RX,0x181,4,0x30,0x30,0x00,0x00,0x01,,,,"Speed feedback = 0 rpm"
25427,TX,0x201,3,0x90,0x90,0x00,0x00,,,,,"Set torque = 0"
25453,TX,0x201,3,0x90,0x90,0x00,0x00,,,,,"Set torque = 0"
25464,RX,0x181,6,0x40,0x40,0x11,0x43,0x80,0x00,0x0B,,"Status word = 0x4311"
25471,RX,0x181,4,0x30,0x30,0x00,0x00,0x01,,,,"Speed feedback = 0 rpm"
25479,TX,0x201,3,0x90,0x90,0x00,0x00,,,,,"Set torque = 0"
25505,TX,0x201,3,0x90,0x90,0x00,0x00,,,,,"Set torque = 0"
25531,TX,0x201,3,0x90,0x90,0x00,0x00,,,,,"Set torque = 0"
25557,TX,0x201,3,0x90,0x90,0x00,0x00,,,,,"Set torque = 0"
25564,RX,0x181,6,0x40,0x40,0x11,0x43,0x80,0x00,0x0B,,"Status word = 0x4311"
25571,RX,0x181,4,0x30,0x30,0x00,0x00,0x01,,,,"Speed feedback = 0 rpm"
25583,TX,0x201,3,0x90,0x90,0x00,0x00,,,,,"Set torque = 0"
25609,TX,0x201,3,0x90,0x90,0x00,0x00,,,,,"Set torque = 0"
25635,TX,0x201,3,0x90,0x90,0x00,0x00,,,,,"Set torque = 0"
25661,TX,0x201,3,0x90,0x90,0x00,0x00,,,,,"Set torque = 0"
25667,RX,0x181,6,0x40,0x40,0x11,0x43,0x80,0x00,0x0B,,"Status word = 0x4311"
25673,RX,0x181,4,0x30,0x30,0x00,0x00,0x01,,,,"Speed feedback = 0 rpm"
25687,TX,0x201,3,0x90,0x90,0x00,0x00,,,,,"Set torque = 0"
25713,TX,0x201,3,0x90,0x90,0x00,0x00,,,,,"Set torque = 0"
25739,TX,0x201,3,0x90,0x90,0x00,0x00,,,,,"Set torque = 0"
25764,RX,0x181,6,0x40,0x40,0x11,0x43,0x80,0x00,0x0B,,"Status word = 0x4311"
25770,TX,0x201,3,0x90,0x90,0x00,0x00,,,,,"Set torque = 0"
25776,RX,0x181,4,0x30,0x30,0x00,0x00,0x01,,,,"Speed feedback = 0 rpm"
25862,TX,0x201,3,0x90,0x90,0x00,0x00,,,,,"Set torque = 0"
25868,RX,0x181,6,0x40,0x40,0x11,0x43,0x80,0x00,0x0B,,"Status word = 0x4311"
25874,RX,0x181,4,0x30,0x30,0x00,0x00,0x01,,,,"Speed feedback = 0 rpm"
25888,TX,0x201,3,0x90,0x90,0x00,0x00,,,,,"Set torque = 0"
25914,TX,0x201,3,0x90,0x90,0x00,0x00,,,,,"Set torque = 0"
25940,TX,0x201,3,0x90,0x90,0x00,0x00,,,,,"Set torque = 0"
25963,RX,0x181,6,0x40,0x40,0x11,0x43,0x80,0x00,0x0B,,"Status word = 0x4311"
25970,TX,0x201,3,0x90,0x90,0x00,0x00,,,,,"Set torque = 0"
25976,RX,0x181,4,0x30,0x30,0x00,0x00,0x01,,,,"Speed feedback = 0 rpm"
25996,TX,0x201,3,0x90,0x90,0x00,0x00,,,,,"Set torque = 0"
26022,TX,0x201,3,0x90,0x90,0x00,0x00,,,,,"Set torque = 0"
26048,TX,0x201,3,0x90,0x90,0x00,0x00,,,,,"Set torque = 0"
26063,RX,0x181,6,0x40,0x40,0x11,0x43,0x80,0x00,0x0B,,"Status word = 0x4311"
26070,RX,0x181,4,0x30,0x30,0x00,0x00,0x01,,,,"Speed feedback = 0 rpm"
26076,TX,0x201,3,0x90,0x90,0x00,0x00,,,,,"Set torque = 0"
26103,TX,0x201,3,0x90,0x90,0x00,0x00,,,,,"Set torque = 0"
26129,TX,0x201,3,0x90,0x90,0x00,0x00,,,,,"Set torque = 0"
26155,TX,0x201,3,0x90,0x90,0x00,0x00,,,,,"Set torque = 0"
26163,RX,0x181,6,0x40,0x40,0x11,0x43,0x80,0x00,0x0B,,"Status word = 0x4311"
26170,RX,0x181,4,0x30,0x30,0x00,0x00,0x01,,,,"Speed feedback = 0 rpm"
26181,TX,0x201,3,0x90,0x90,0x00,0x00,,,,,"Set torque = 0"
26207,TX,0x201,3,0x90,0x90,0x00,0x00,,,,,"Set torque = 0"
26233,TX,0x201,3,0x90,0x90,0x00,0x00,,,,,"Set torque = 0"
26259,TX,0x201,3,0x90,0x90,0x00,0x00,,,,,"Set torque = 0"
26342,RX,0x181,6,0x40,0x40,0x11,0x43,0x80,0x00,0x0B,,"Status word = 0x4311"
26349,RX,0x181,4,0x30,0x30,0x00,0x00,0x01,,,,"Speed feedback = 0 rpm"
26362,TX,0x201,3,0x90,0x90,0x00,0x00,,,,,"Set torque = 0"
26368,RX,0x181,6,0x40,0x40,0x11,0x43,0x80,0x00,0x0B,,"Status word = 0x4311"
26374,RX,0x181,4,0x30,0x30,0x00,0x00,0x01,,,,"Speed feedback = 0 rpm"
26388,TX,0x201,3,0x90,0x90,0x00,0x00,,,,,"Set torque = 0"
26414,TX,0x201,3,0x90,0x90,0x00,0x00,,,,,"Set torque = 0"
26440,TX,0x201,3,0x90,0x90,0x00,0x00,,,,,"Set torque = 0"
26463,RX,0x181,6,0x40,0x40,0x11,0x43,0x80,0x00,0x0B,,"Status word = 0x4311"
26469,TX,0x201,3,0x90,0x90,0x00,0x00,,,,,"Set torque = 0"
26475,RX,0x181,4,0x30,0x30,0x00,0x00,0x01,,,,"Speed feedback = 0 rpm"
26495,TX,0x201,3,0x90,0x90,0x00,0x00,,,,,"Set torque = 0"
26521,TX,0x201,3,0x90,0x90,0x00,0x00,,,,,"Set torque = 0"
26547,TX,0x201,3,0x90,0x90,0x00,0x00,,,,,"Set torque = 0"
26562,RX,0x181,6,0x40,0x40,0x11,0x43,0x80,0x00,0x0B,,"Status word = 0x4311"
26569,RX,0x181,4,0x30,0x30,0x00,0x00,0x01,,,,"Speed feedback = 0 rpm"
26576,TX,0x201,3,0x90,0x90,0x00,0x00,,,,,"Set torque = 0"
26602,TX,0x201,3,0x90,0x90,0x00,0x00,,,,,"Set torque = 0"
26628,TX,0x201,3,0x90,0x90,0x00,0x00,,,,,"Set torque = 0"
26654,TX,0x201,3,0x90,0x90,0x00,0x00,,,,,"Set torque = 0"
26662,RX,0x181,6,0x40,0x40,0x11,0x43,0x80,0x00,0x0B,,"Status word = 0x4311"
26669,RX,0x181,4,0x30,0x30,0x00,0x00,0x01,,,,"Speed feedback = 0 rpm"
26680,TX,0x201,3,0x90,0x90,0x00,0x00,,,,,"Set torque = 0"
26706,TX,0x201,3,0x90,0x90,0x00,0x00,,,,,"Set torque = 0"
26791,RX,0x181,6,0x40,0x40,0x11,0x43,0x80,0x00,0x0B,,"Status word = 0x4311"
26797,RX,0x181,4,0x30,0x30,0x00,0x00,0x01,,,,"Speed feedback = 0 rpm"
26811,TX,0x201,3,0x90,0x90,0x00,0x00,,,,,"Set torque = 0"
26837,TX,0x201,3,0x90,0x90,0x00,0x00,,,,,"Set torque = 0"
26862,RX,0x181,6,0x40,0x40,0x11,0x43,0x80,0x00,0x0B,,"Status word = 0x4311"
26868,TX,0x201,3,0x90,0x90,0x00,0x00,,,,,"Set torque = 0"
26874,RX,0x181,4,0x30,0x30,0x00,0x00,0x01,,,,"Speed feedback = 0 rpm"
26894,TX,0x201,3,0x90,0x90,0x00,0x00,,,,,"Set torque = 0"
26920,TX,0x201,3,0x90,0x90,0x00,0x00,,,,,"Set torque = 0"
26946,TX,0x201,3,0x90,0x90,0x00,0x00,,,,,"Set torque = 0"
26962,RX,0x181,6,0x40,0x40,0x11,0x43,0x80,0x00,0x0B,,"Status word = 0x4311"
26969,RX,0x181,4,0x30,0x30,0x00,0x00,0x01,,,,"Speed feedback = 0 rpm"
26975,TX,0x201,3,0x90,0x90,0x00,0x00,,,,,"Set torque = 0"
27001,TX,0x201,3,0x90,0x90,0x00,0x00,,,,,"Set torque = 0"
27027,TX,0x201,3,0x90,0x90,0x00,0x00,,,,,"Set torque = 0"
27053,TX,0x201,3,0x90,0x90,0x00,0x00,,,,,"Set torque = 0"
27062,RX,0x181,6,0x40,0x40,0x11,0x43,0x80,0x00,0x0B,,"Status word = 0x4311"
27068,RX,0x181,4,0x30,0x30,0x00,0x00,0x01,,,,"Speed feedback = 0 rpm"
27079,TX,0x201,3,0x90,0x90,0x00,0x00,,,,,"Set torque = 0"
27105,TX,0x201,3,0x90,0x90,0x00,0x00,,,,,"Set torque = 0"
27131,TX,0x201,3,0x90,0x90,0x00,0x00,,,,,"Set torque = 0"
27157,TX,0x201,3,0x90,0x90,0x00,0x00,,,,,"Set torque = 0"
27163,RX,0x181,6,0x40,0x40,0x11,0x43,0x80,0x00,0x0B,,"Status word = 0x4311"
27169,RX,0x181,4,0x30,0x30,0x00,0x00,0x01,,,,"Speed feedback = 0 rpm"
27259,TX,0x201,3,0x90,0x90,0x00,0x00,,,,,"Set torque = 0"
27265,RX,0x181,6,0x40,0x40,0x11,0x43,0x80,0x00,0x0B,,"Status word = 0x4311"
27271,RX,0x181,4,0x30,0x30,0x00,0x00,0x01,,,,"Speed feedback = 0 rpm"
27285,TX,0x201,3,0x90,0x90,0x00,0x00,,,,,"Set torque = 0"
27311,TX,0x201,3,0x90,0x90,0x00,0x00,,,,,"Set torque = 0"
27337,TX,0x201,3,0x90,0x90,0x00,0x00,,,,,"Set torque = 0"
27361,RX,0x181,6,0x40,0x40,0x11,0x43,0x80,0x00,0x0B,,"Status word = 0x4311"
27367,TX,0x201,3,0x90,0x90,0x00,0x00,,,,,"Set torque = 0"
27374,RX,0x181,4,0x30,0x30,0x00,0x00,0x01,,,,"Speed feedback = 0 rpm"
27394,TX,0x201,3,0x90,0x90,0x00,0x00,,,,,"Set torque = 0"
27420,TX,0x201,3,0x90,0x90,0x00,0x00,,,,,"Set torque = 0"
27446,TX,0x201,3,0x90,0x90,0x00,0x00,,,,,"Set torque = 0"
27461,RX,0x181,6,0x40,0x40,0x11,0x43,0x80,0x00,0x0B,,"Status word = 0x4311"
27468,RX,0x181,4,0x30,0x30,0x00,0x00,0x01,,,,"Speed feedback = 0 rpm"
27474,TX,0x201,3,0x90,0x90,0x00,0x00,,,,,"Set torque = 0"
27500,TX,0x201,3,0x90,0x90,0x00,0x00,,,,,"Set torque = 0"
27526,TX,0x201,3,0x90,0x90,0x00,0x00,,,,,"Set torque = 0"
27552,TX,0x201,3,0x90,0x90,0x00,0x00,,,,,"Set torque = 0"
27561,RX,0x181,6,0x40,0x40,0x11,0x43,0x80,0x00,0x0B,,"Status word = 0x4311"
27568,RX,0x181,4,0x30,0x30,0x00,0x00,0x01,,,,"Speed feedback = 0 rpm"
27578,TX,0x201,3,0x90,0x90,0x00,0x00,,,,,"Set torque = 0"
27604,TX,0x201,3,0x90,0x90,0x00,0x00,,,,,"Set torque = 0"
27630,TX,0x201,3,0x90,0x90,0x00,0x00,,,,,"Set torque = 0"
27656,TX,0x201,3,0x90,0x90,0x00,0x00,,,,,"Set torque = 0"
27747,RX,0x181,6,0x40,0x40,0x11,0x43,0x80,0x00,0x0B,,"Status word = 0x4311"
27753,RX,0x181,4,0x30,0x30,0x00,0x00,0x01,,,,"Speed feedback = 0 rpm"
27760,RX,0x181,6,0x40,0x40,0x11,0x43,0x80,0x00,0x0B,,"Status word = 0x4311"
27767,TX,0x201,3,0x90,0x90,0x00,0x00,,,,,"Set torque = 0"
27773,RX,0x181,4,0x30,0x30,0x00,0x00,0x01,,,,"Speed feedback = 0 rpm"
27793,TX,0x201,3,0x90,0x90,0x00,0x00,,,,,"Set torque = 0"
27819,TX,0x201,3,0x90,0x90,0x00,0x00,,,,,"Set torque = 0"
27845,TX,0x201,3,0x90,0x90,0x00,0x00,,,,,"Set torque = 0"
27860,RX,0x181,6,0x40,0x40,0x11,0x43,0x80,0x00,0x0B,,"Status word = 0x4311"
27867,RX,0x181,4,0x30,0x30,0x00,0x00,0x01,,,,"Speed feedback = 0 rpm"
27874,TX,0x201,3,0x90,0x90,0x00,0x00,,,,,"Set torque = 0"
27900,TX,0x201,3,0x90,0x90,0x00,0x00,,,,,"Set torque = 0"
27926,TX,0x201,3,0x90,0x90,0x00,0x00,,,,,"Set torque = 0"
27952,TX,0x201,3,0x90,0x90,0x00,0x00,,,,,"Set torque = 0"
27960,RX,0x181,6,0x40,0x40,0x11,0x43,0x80,0x00,0x0B,,"Status word = 0x4311"
27967,RX,0x181,4,0x30,0x30,0x00,0x00,0x01,,,,"Speed feedback = 0 rpm"
27978,TX,0x201,3,0x90,0x90,0x00,0x00,,,,,"Set torque = 0"
28004,TX,0x201,3,0x90,0x90,0x00,0x00,,,,,"Set torque = 0"
28030,TX,0x201,3,0x90,0x90,0x00,0x00,,,,,"Set torque = 0"
28056,TX,0x201,3,0x90,0x90,0x00,0x00,,,,,"Set torque = 0"
28062,RX,0x181,6,0x40,0x40,0x11,0x43,0x80,0x00,0x0B,,"Status word = 0x4311"
28068,RX,0x181,4,0x30,0x30,0x00,0x00,0x01,,,,"Speed feedback = 0 rpm"
28082,TX,0x201,3,0x90,0x90,0x00,0x00,,,,,"Set torque = 0"
28174,RX,0x181,6,0x40,0x40,0x11,0x43,0x80,0x00,0x0B,,"Status word = 0x4311"
28180,RX,0x181,4,0x30,0x30,0x00,0x00,0x01,,,,"Speed feedback = 0 rpm"
28194,TX,0x201,3,0x90,0x90,0x00,0x00,,,,,"Set torque = 0"
28220,TX,0x201,3,0x90,0x90,0x00,0x00,,,,,"Set torque = 0"
28246,TX,0x201,3,0x90,0x90,0x00,0x00,,,,,"Set torque = 0"
28260,RX,0x181,6,0x40,0x40,0x11,0x43,0x80,0x00,0x0B,,"Status word = 0x4311"
28267,RX,0x181,4,0x30,0x30,0x00,0x00,0x01,,,,"Speed feedback = 0 rpm"
28273,TX,0x201,3,0x90,0x90,0x00,0x00,,,,,"Set torque = 0"
28299,TX,0x201,3,0x90,0x90,0x00,0x00,,,,,"Set torque = 0"
28325,TX,0x201,3,0x90,0x90,0x00,0x00,,,,,"Set torque = 0"
28351,TX,0x201,3,0x90,0x90,0x00,0x00,,,,,"Set torque = 0"
28359,RX,0x181,6,0x40,0x40,0x11,0x43,0x80,0x00,0x0B,,"Status word = 0x4311"
28366,RX,0x181,4,0x30,0x30,0x00,0x00,0x01,,,,"Speed feedback = 0 rpm"
28377,TX,0x201,3,0x90,0x90,0x00,0x00,,,,,"Set torque = 0"
28403,TX,0x201,3,0x90,0x90,0x00,0x00,,,,,"Set torque = 0"
28429,TX,0x201,3,0x90,0x90,0x00,0x00,,,,,"Set torque = 0"
28455,TX,0x201,3,0x90,0x90,0x00,0x00,,,,,"Set torque = 0"
28461,RX,0x181,6,0x40,0x40,0x11,0x43,0x80,0x00,0x0B,,"Status word = 0x4311"
28467,RX,0x181,4,0x30,0x30,0x00,0x00,0x01,,,,"Speed feedback = 0 rpm"
28481,TX,0x201,3,0x90,0x90,0x00,0x00,,,,,"Set torque = 0"
28507,TX,0x201,3,0x90,0x90,0x00,0x00,,,,,"Set torque = 0"
28533,TX,0x201,3,0x90,0x90,0x00,0x00,,,,,"Set torque = 0"
28559,TX,0x201,3,0x90,0x90,0x00,0x00,,,,,"Set torque = 0"
28565,RX,0x181,6,0x40,0x40,0x11,0x43,0x80,0x00,0x0B,,"Status word = 0x4311"
28656,RX,0x181,4,0x30,0x30,0x00,0x00,0x01,,,,"Speed feedback = 0 rpm"
28663,RX,0x181,6,0x40,0x40,0x11,0x43,0x80,0x00,0x0B,,"Status word = 0x4311"
28669,RX,0x181,4,0x30,0x30,0x00,0x00,0x01,,,,"Speed feedback = 0 rpm"
28675,TX,0x201,3,0x90,0x90,0x00,0x00,,,,,"Set torque = 0"
28702,TX,0x201,3,0x90,0x90,0x00,0x00,,,,,"Set torque = 0"
28728,TX,0x201,3,0x90,0x90,0x00,0x00,,,,,"Set torque = 0"
28754,TX,0x201,3,0x90,0x90,0x00,0x00,,,,,"Set torque = 0"
28760,RX,0x181,6,0x40,0x40,0x11,0x43,0x80,0x00,0x0B,,"Status word = 0x4311"
28766,RX,0x181,4,0x30,0x30,0x00,0x00,0x01,,,,"Speed feedback = 0 rpm"
28780,TX,0x201,3,0x90,0x90,0x00,0x00,,,,,"Set torque = 0"
28806,TX,0x201,3,0x90,0x90,0x00,0x00,,,,,"Set torque = 0"
28832,TX,0x201,3,0x90,0x90,0x00,0x00,,,,,"Set torque = 0"
28858,TX,0x201,3,0x90,0x90,0x00,0x00,,,,,"Set torque = 0"
28864,RX,0x181,6,0x40,0x40,0x11,0x43,0x80,0x00,0x0B,,"Status word = 0x4311"
28870,RX,0x181,4,0x30,0x30,0x00,0x00,0x01,,,,"Speed feedback = 0 rpm"
28884,TX,0x201,3,0x90,0x90,0x00,0x00,,,,,"Set torque = 0"
28910,TX,0x201,3,0x90,0x90,0x00,0x00,,,,,"Set torque = 0"
28936,TX,0x201,3,0x90,0x90,0x00,0x00,,,,,"Set torque = 0"
28959,RX,0x181,6,0x40,0x40,0x11,0x43,0x80,0x00,0x0B,,"Status word = 0x4311"
28965,TX,0x201,3,0x90,0x90,0x00,0x00,,,,,"Set torque = 0"
28971,RX,0x181,4,0x30,0x30,0x00,0x00,0x01,,,,"Speed feedback = 0 rpm"
28991,TX,0x201,3,0x90,0x90,0x00,0x00,,,,,"Set torque = 0"
29017,TX,0x201,3,0x90,0x90,0x00,0x00,,,,,"Set torque = 0"
29043,TX,0x201,3,0x90,0x90,0x00,0x00,,,,,"Set torque = 0"
29137,RX,0x181,6,0x40,0x40,0x11,0x43,0x80,0x00,0x0B,,"Status word = 0x4311"
29143,RX,0x181,4,0x30,0x30,0x00,0x00,0x01,,,,"Speed feedback = 0 rpm"
29157,TX,0x201,3,0x90,0x90,0x00,0x00,,,,,"Set torque = 0"
29163,RX,0x181,6,0x40,0x40,0x11,0x43,0x80,0x00,0x0B,,"Status word = 0x4311"
29169,RX,0x181,4,0x30,0x30,0x00,0x00,0x01,,,,"Speed feedback = 0 rpm"
29183,TX,0x201,3,0x90,0x90,0x00,0x00,,,,,"Set torque = 0"
29209,TX,0x201,3,0x90,0x90,0x00,0x00,,,,,"Set torque = 0"
29235,TX,0x201,3,0x90,0x90,0x00,0x00,,,,,"Set torque = 0"
29258,RX,0x181,6,0x40,0x40,0x11,0x43,0x80,0x00,0x0B,,"Status word = 0x4311"
29264,TX,0x201,3,0x90,0x90,0x00,0x00,,,,,"Set torque = 0"
29271,RX,0x181,4,0x30,0x30,0x00,0x00,0x01,,,,"Speed feedback = 0 rpm"
29291,TX,0x201,3,0x90,0x90,0x00,0x00,,,,,"Set torque = 0"
29317,TX,0x201,3,0x90,0x90,0x00,0x00,,,,,"Set torque = 0"
29343,TX,0x201,3,0x90,0x90,0x00,0x00,,,,,"Set torque = 0"
29358,RX,0x181,6,0x40,0x40,0x11,0x43,0x80,0x00,0x0B,,"Status word = 0x4311"
29367,RX,0x181,4,0x30,0x30,0x00,0x00,0x01,,,,"Speed feedback = 0 rpm"
29374,TX,0x201,3,0x90,0x90,0x00,0x00,,,,,"Set torque = 0"
29400,TX,0x201,3,0x90,0x90,0x00,0x00,,,,,"Set torque = 0"
29426,TX,0x201,3,0x90,0x90,0x00,0x00,,,,,"Set torque = 0"
29452,TX,0x201,3,0x90,0x90,0x00,0x00,,,,,"Set torque = 0"
29458,RX,0x181,6,0x40,0x40,0x11,0x43,0x80,0x00,0x0B,,"Status word = 0x4311"
29465,RX,0x181,4,0x30,0x30,0x00,0x00,0x01,,,,"Speed feedback = 0 rpm"
29478,TX,0x201,3,0x90,0x90,0x00,0x00,,,,,"Set torque = 0"
29569,RX,0x181,6,0x40,0x40,0x11,0x43,0x80,0x00,0x0B,,"Status word = 0x4311"
29575,RX,0x181,4,0x30,0x30,0x00,0x00,0x01,,,,"Speed feedback = 0 rpm"
29589,TX,0x201,3,0x90,0x90,0x00,0x00,,,,,"Set torque = 0"
29615,TX,0x201,3,0x90,0x90,0x00,0x00,,,,,"Set torque = 0"
29641,TX,0x201,3,0x90,0x90,0x00,0x00,,,,,"Set torque = 0"
29657,RX,0x181,6,0x40,0x40,0x11,0x43,0x80,0x00,0x0B,,"Status word = 0x4311"
29664,RX,0x181,4,0x30,0x30,0x00,0x00,0x01,,,,"Speed feedback = 0 rpm"
29671,TX,0x201,3,0x90,0x90,0x00,0x00,,,,,"Set torque = 0"
29697,TX,0x201,3,0x90,0x90,0x00,0x00,,,,,"Set torque = 0"
29723,TX,0x201,3,0x90,0x90,0x00,0x00,,,,,"Set torque = 0"
29749,TX,0x201,3,0x90,0x90,0x00,0x00,,,,,"Set torque = 0"
29757,RX,0x181,6,0x40,0x40,0x11,0x43,0x80,0x00,0x0B,,"Status word = 0x4311"
29764,RX,0x181,4,0x30,0x30,0x00,0x00,0x01,,,,"Speed feedback = 0 rpm"
29775,TX,0x201,3,0x90,0x90,0x00,0x00,,,,,"Set torque = 0"
29801,TX,0x201,3,0x90,0x90,0x00,0x00,,,,,"Set torque = 0"
29827,TX,0x201,3,0x90,0x90,0x00,0x00,,,,,"Set torque = 0"
29853,TX,0x201,3,0x90,0x90,0x00,0x00,,,,,"Set torque = 0"
29859,RX,0x181,6,0x40,0x40,0x11,0x43,0x80,0x00,0x0B,,"Status word = 0x4311"
29865,RX,0x181,4,0x30,0x30,0x00,0x00,0x01,,,,"Speed feedback = 0 rpm"
29879,TX,0x201,3,0x90,0x90,0x00,0x00,,,,,"Set torque = 0"
29905,TX,0x201,3,0x90,0x90,0x00,0x00,,,,,"Set torque = 0"
29931,TX,0x201,3,0x90,0x90,0x00,0x00,,,,,"Set torque = 0"
29957,TX,0x201,3,0x90,0x90,0x00,0x00,,,,,"Set torque = 0"
29963,RX,0x181,6,0x40,0x40,0x11,0x43,0x80,0x00,0x0B,,"Status word = 0x4311"
29969,RX,0x181,4,0x30,0x30,0x00,0x00,0x01,,,,"Speed feedback = 0 rpm"
29983,TX,0x201,3,0x90,0x90,0x00,0x00,,,,,"Set torque = 0"
30009,TX,0x201,3,0x90,0x90,0x00,0x00,,,,,"Set torque = 0"
30035,TX,0x201,3,0x90,0x90,0x00,0x00,,,,,"Set torque = 0"
30057,RX,0x181,6,0x40,0x40,0x11,0x43,0x80,0x00,0x0B,,"Status word = 0x4311"
30063,TX,0x201,3,0x90,0x90,0x00,0x00,,,,,"Set torque = 0"
30069,RX,0x181,4,0x30,0x30,0x00,0x00,0x01,,,,"Speed feedback = 0 rpm"
30089,TX,0x201,3,0x90,0x90,0x00,0x00,,,,,"Set torque = 0"
30115,TX,0x201,3,0x90,0x90,0x00,0x00,,,,,"Set torque = 0"
30141,TX,0x201,3,0x90,0x90,0x00,0x00,,,,,"Set torque = 0"
30157,RX,0x181,6,0x40,0x40,0x11,0x43,0x80,0x00,0x0B,,"Status word = 0x4311"
30164,RX,0x181,4,0x30,0x30,0x00,0x00,0x01,,,,"Speed feedback = 0 rpm"
30170,TX,0x201,3,0x90,0x90,0x00,0x00,,,,,"Set torque = 0"
30196,TX,0x201,3,0x90,0x90,0x00,0x00,,,,,"Set torque = 0"
30222,TX,0x201,3,0x90,0x90,0x00,0x00,,,,,"Set torque = 0"
30248,TX,0x201,3,0x90,0x90,0x00,0x00,,,,,"Set torque = 0"
30256,RX,0x181,6,0x40,0x40,0x11,0x43,0x80,0x00,0x0B,,"Status word = 0x4311"
30263,RX,0x181,4,0x30,0x30,0x00,0x00,0x01,,,,"Speed feedback = 0 rpm"
30274,TX,0x201,3,0x90,0x90,0x00,0x00,,,,,"Set torque = 0"
30300,TX,0x201,3,0x90,0x90,0x00,0x00,,,,,"Set torque = 0"
30326,TX,0x201,3,0x90,0x90,0x00,0x00,,,,,"Set torque = 0"
30352,TX,0x201,3,0x90,0x90,0x00,0x00,,,,,"Set torque = 0"
30358,RX,0x181,6,0x40,0x40,0x11,0x43,0x80,0x00,0x0B,,"Status word = 0x4311"
30364,RX,0x181,4,0x30,0x30,0x00,0x00,0x01,,,,"Speed feedback = 0 rpm"
30378,TX,0x201,3,0x90,0x90,0x00,0x00,,,,,"Set torque = 0"
30404,TX,0x201,3,0x90,0x90,0x00,0x00,,,,,"Set torque = 0"
30430,TX,0x201,3,0x90,0x90,0x00,0x00,,,,,"Set torque = 0"
30456,TX,0x201,3,0x90,0x90,0x00,0x00,,,,,"Set torque = 0"
30462,RX,0x181,6,0x40,0x40,0x11,0x43,0x80,0x00,0x0B,,"Status word = 0x4311"
30468,RX,0x181,4,0x30,0x30,0x00,0x00,0x01,,,,"Speed feedback = 0 rpm"
30482,TX,0x201,3,0x90,0x90,0x00,0x00,,,,,"Set torque = 0"
30508,TX,0x201,3,0x90,0x90,0x00,0x00,,,,,"Set torque = 0"
30534,TX,0x201,3,0x90,0x90,0x00,0x00,,,,,"Set torque = 0"
30556,RX,0x181,6,0x40,0x40,0x11,0x43,0x80,0x00,0x0B,,"Status word = 0x4311"
30562,TX,0x201,3,0x90,0x90,0x00,0x00,,,,,"Set torque = 0"
30569,RX,0x181,4,0x30,0x30,0x00,0x00,0x01,,,,"Speed feedback = 0 rpm"
30589,TX,0x201,3,0x90,0x90,0x00,0x00,,,,,"Set torque = 0"
30615,TX,0x201,3,0x90,0x90,0x00,0x00,,,,,"Set torque = 0"
30641,TX,0x201,3,0x90,0x90,0x00,0x00,,,,,"Set torque = 0"
30656,RX,0x181,6,0x40,0x40,0x11,0x43,0x80,0x00,0x0B,,"Status word = 0x4311"
30663,RX,0x181,4,0x30,0x30,0x00,0x00,0x01,,,,"Speed feedback = 0 rpm"
30669,TX,0x201,3,0x90,0x90,0x00,0x00,,,,,"Set torque = 0"
30695,TX,0x201,3,0x90,0x90,0x00,0x00,,,,,"Set torque = 0"
30721,TX,0x201,3,0x90,0x90,0x00,0x00,,,,,"Set torque = 0"
30747,TX,0x201,3,0x90,0x90,0x00,0x00,,,,,"Set torque = 0"
30756,RX,0x181,6,0x40,0x40,0x11,0x43,0x80,0x00,0x0B,,"Status word = 0x4311"
30763,RX,0x181,4,0x30,0x30,0x00,0x00,0x01,,,,"Speed feedback = 0 rpm"
30773,TX,0x201,3,0x90,0x90,0x00,0x00,,,,,"Set torque = 0"
30799,TX,0x201,3,0x90,0x90,0x00,0x00,,,,,"Set torque = 0"
30825,TX,0x201,3,0x90,0x90,0x00,0x00,,,,,"Set torque = 0"
30851,TX,0x201,3,0x90,0x90,0x00,0x00,,,,,"Set torque = 0"
30857,RX,0x181,6,0x40,0x40,0x11,0x43,0x80,0x00,0x0B,,"Status word = 0x4311"
30863,RX,0x181,4,0x30,0x30,0x00,0x00,0x01,,,,"Speed feedback = 0 rpm"
30877,TX,0x201,3,0x90,0x90,0x00,0x00,,,,,"Set torque = 0"
30903,TX,0x201,3,0x90,0x90,0x00,0x00,,,,,"Set torque = 0"
30929,TX,0x201,3,0x90,0x90,0x00,0x00,,,,,"Set torque = 0"
30955,TX,0x201,3,0x90,0x90,0x00,0x00,,,,,"Set torque = 0"
30961,RX,0x181,6,0x40,0x40,0x11,0x43,0x80,0x00,0x0B,,"Status word = 0x4311"
30968,RX,0x181,4,0x30,0x30,0x00,0x00,0x01,,,,"Speed feedback = 0 rpm"
30981,TX,0x201,3,0x90,0x90,0x00,0x00,,,,,"Set torque = 0"
31007,TX,0x201,3,0x90,0x90,0x00,0x00,,,,,"Set torque = 0"
31033,TX,0x201,3,0x90,0x90,0x00,0x00,,,,,"Set torque = 0"
31055,RX,0x181,6,0x40,0x40,0x11,0x43,0x80,0x00,0x0B,,"Status word = 0x4311"
31062,TX,0x201,3,0x90,0x90,0x00,0x00,,,,,"Set torque = 0"
31068,RX,0x181,4,0x30,0x30,0x00,0x00,0x01,,,,"Speed feedback = 0 rpm"
31088,TX,0x201,3,0x90,0x90,0x00,0x00,,,,,"Set torque = 0"
31114,TX,0x201,3,0x90,0x90,0x00,0x00,,,,,"Set torque = 0"
31140,TX,0x201,3,0x90,0x90,0x00,0x00,,,,,"Set torque = 0"
31155,RX,0x181,6,0x40,0x40,0x11,0x43,0x80,0x00,0x0B,,"Status word = 0x4311"
31162,RX,0x181,4,0x30,0x30,0x00,0x00,0x01,,,,"Speed feedback = 0 rpm"
31168,TX,0x201,3,0x90,0x90,0x00,0x00,,,,,"Set torque = 0"
31195,TX,0x201,3,0x90,0x90,0x00,0x00,,,,,"Set torque = 0"
31221,TX,0x201,3,0x90,0x90,0x00,0x00,,,,,"Set torque = 0"
31247,TX,0x201,3,0x90,0x90,0x00,0x00,,,,,"Set torque = 0"
31255,RX,0x181,6,0x40,0x40,0x11,0x43,0x80,0x00,0x0B,,"Status word = 0x4311"
31262,RX,0x181,4,0x30,0x30,0x00,0x00,0x01,,,,"Speed feedback = 0 rpm"
31273,TX,0x201,3,0x90,0x90,0x00,0x00,,,,,"Set torque = 0"
31299,TX,0x201,3,0x90,0x90,0x00,0x00,,,,,"Set torque = 0"
31325,TX,0x201,3,0x90,0x90,0x00,0x00,,,,,"Set torque = 0"
31351,TX,0x201,3,0x90,0x90,0x00,0x00,,,,,"Set torque = 0"
31357,RX,0x181,6,0x40,0x40,0x11,0x43,0x80,0x00,0x0B,,"Status word = 0x4311"
31363,RX,0x181,4,0x30,0x30,0x00,0x00,0x01,,,,"Speed feedback = 0 rpm"
31377,TX,0x201,3,0x90,0x90,0x00,0x00,,,,,"Set torque = 0"
31403,TX,0x201,3,0x90,0x90,0x00,0x00,,,,,"Set torque = 0"
31429,TX,0x201,3,0x90,0x90,0x00,0x00,,,,,"Set torque = 0"
31455,TX,0x201,3,0x90,0x90,0x00,0x00,,,,,"Set torque = 0"
31461,RX,0x181,6,0x40,0x40,0x11,0x43,0x80,0x00,0x0B,,"Status word = 0x4311"
31467,RX,0x181,4,0x30,0x30,0x00,0x00,0x01,,,,"Speed feedback = 0 rpm"
31481,TX,0x201,3,0x90,0x90,0x00,0x00,,,,,"Set torque = 0"
31507,TX,0x201,3,0x90,0x90,0x00,0x00,,,,,"Set torque = 0"
31533,TX,0x201,3,0x90,0x90,0x00,0x00,,,,,"Set torque = 0"
31554,RX,0x181,6,0x40,0x40,0x11,0x43,0x80,0x00,0x0B,,"Status word = 0x4311"
31561,TX,0x201,3,0x90,0x90,0x00,0x00,,,,,"Set torque = 0"
31567,RX,0x181,4,0x30,0x30,0x00,0x00,0x01,,,,"Speed feedback = 0 rpm"
31587,TX,0x201,3,0x90,0x90,0x00,0x00,,,,,"Set torque = 0"
31613,TX,0x201,3,0x90,0x90,0x00,0x00,,,,,"Set torque = 0"
31639,TX,0x201,3,0x90,0x90,0x00,0x00,,,,,"Set torque = 0"
31654,RX,0x181,6,0x40,0x40,0x11,0x43,0x80,0x00,0x0B,,"Status word = 0x4311"
31661,RX,0x181,4,0x30,0x30,0x00,0x00,0x01,,,,"Speed feedback = 0 rpm"
31667,TX,0x201,3,0x90,0x90,0x00,0x00,,,,,"Set torque = 0"
31694,TX,0x201,3,0x90,0x90,0x00,0x00,,,,,"Set torque = 0"
31720,TX,0x201,3,0x90,0x90,0x00,0x00,,,,,"Set torque = 0"
31746,TX,0x201,3,0x90,0x90,0x00,0x00,,,,,"Set torque = 0"
31754,RX,0x181,6,0x40,0x40,0x11,0x43,0x80,0x00,0x0B,,"Status word = 0x4311"
31761,RX,0x181,4,0x30,0x30,0x00,0x00,0x01,,,,"Speed feedback = 0 rpm"
31772,TX,0x201,3,0x90,0x90,0x00,0x00,,,,,"Set torque = 0"
31798,TX,0x201,3,0x90,0x90,0x00,0x00,,,,,"Set torque = 0"
31824,TX,0x201,3,0x90,0x90,0x00,0x00,,,,,"Set torque = 0"
31850,TX,0x201,3,0x90,0x90,0x00,0x00,,,,,"Set torque = 0"
31856,RX,0x181,6,0x40,0x40,0x11,0x43,0x80,0x00,0x0B,,"Status word = 0x4311"
31862,RX,0x181,4,0x30,0x30,0x00,0x00,0x01,,,,"Speed feedback = 0 rpm"
31876,TX,0x201,3,0x90,0x90,0x00,0x00,,,,,"Set torque = 0"
31902,TX,0x201,3,0x90,0x90,0x00,0x00,,,,,"Set torque = 0"
31928,TX,0x201,3,0x90,0x90,0x00,0x00,,,,,"Set torque = 0"
31954,TX,0x201,3,0x90,0x90,0x00,0x00,,,,,"Set torque = 0"
31960,RX,0x181,6,0x40,0x40,0x11,0x43,0x80,0x00,0x0B,,"Status word = 0x4311"
31966,RX,0x181,4,0x30,0x30,0x00,0x00,0x01,,,,"Speed feedback = 0 rpm"
31980,TX,0x201,3,0x90,0x90,0x00,0x00,,,,,"Set torque = 0"
32006,TX,0x201,3,0x90,0x90,0x00,0x00,,,,,"Set torque = 0"
32032,TX,0x201,3,0x90,0x90,0x00,0x00,,,,,"Set torque = 0"
32054,RX,0x181,6,0x40,0x40,0x11,0x43,0x80,0x00,0x0B,,"Status word = 0x4311"
32060,TX,0x201,3,0x90,0x90,0x00,0x00,,,,,"Set torque = 0"
32066,RX,0x181,4,0x30,0x30,0x00,0x00,0x01,,,,"Speed feedback = 0 rpm"
32086,TX,0x201,3,0x90,0x90,0x00,0x00,,,,,"Set torque = 0"
32112,TX,0x201,3,0x90,0x90,0x00,0x00,,,,,"Set torque = 0"
32138,TX,0x201,3,0x90,0x90,0x00,0x00,,,,,"Set torque = 0"
32153,RX,0x181,6,0x40,0x40,0x11,0x43,0x80,0x00,0x0B,,"Status word = 0x4311"
32160,RX,0x181,4,0x30,0x30,0x00,0x00,0x01,,,,"Speed feedback = 0 rpm"
32167,TX,0x201,3,0x90,0x90,0x00,0x00,,,,,"Set torque = 0"
32193,TX,0x201,3,0x90,0x90,0x00,0x00,,,,,"Set torque = 0"
32219,TX,0x201,3,0x90,0x90,0x00,0x00,,,,,"Set torque = 0"
32245,TX,0x201,3,0x90,0x90,0x00,0x00,,,,,"Set torque = 0"
32253,RX,0x181,6,0x40,0x40,0x11,0x43,0x80,0x00,0x0B,,"Status word = 0x4311"
32260,RX,0x181,4,0x30,0x30,0x00,0x00,0x01,,,,"Speed feedback = 0 rpm"
32271,TX,0x201,3,0x90,0x90,0x00,0x00,,,,,"Set torque = 0"
32297,TX,0x201,3,0x90,0x90,0x00,0x00,,,,,"Set torque = 0"
32323,TX,0x201,3,0x90,0x90,0x00,0x00,,,,,"Set torque = 0"
32349,TX,0x201,3,0x90,0x90,0x00,0x00,,,,,"Set torque = 0"
32355,RX,0x181,6,0x40,0x40,0x11,0x43,0x80,0x00,0x0B,,"Status word = 0x4311"
32361,RX,0x181,4,0x30,0x30,0x00,0x00,0x01,,,,"Speed feedback = 0 rpm"
32375,TX,0x201,3,0x90,0x90,0x00,0x00,,,,,"Set torque = 0"
32401,TX,0x201,3,0x90,0x90,0x00,0x00,,,,,"Set torque = 0"
32427,TX,0x201,3,0x90,0x90,0x00,0x00,,,,,"Set torque = 0"
32453,TX,0x201,3,0x90,0x90,0x00,0x00,,,,,"Set torque = 0"
32459,RX,0x181,6,0x40,0x40,0x11,0x43,0x80,0x00,0x0B,,"Status word = 0x4311"
32465,RX,0x181,4,0x30,0x30,0x00,0x00,0x01,,,,"Speed feedback = 0 rpm"
32479,TX,0x201,3,0x90,0x90,0x00,0x00,,,,,"Set torque = 0"
32505,TX,0x201,3,0x90,0x90,0x00,0x00,,,,,"Set torque = 0"
32531,TX,0x201,3,0x90,0x90,0x00,0x00,,,,,"Set torque = 0"
32553,RX,0x181,6,0x40,0x40,0x11,0x43,0x80,0x00,0x0B,,"Status word = 0x4311"
32559,TX,0x201,3,0x90,0x90,0x00,0x00,,,,,"Set torque = 0"
32565,RX,0x181,4,0x30,0x30,0x00,0x00,0x01,,,,"Speed feedback = 0 rpm"
32585,TX,0x201,3,0x90,0x90,0x00,0x00,,,,,"Set torque = 0"
32611,TX,0x201,3,0x90,0x90,0x00,0x00,,,,,"Set torque = 0"
32637,TX,0x201,3,0x90,0x90,0x00,0x00,,,,,"Set torque = 0"
32653,RX,0x181,6,0x40,0x40,0x11,0x43,0x80,0x00,0x0B,,"Status word = 0x4311"
32660,RX,0x181,4,0x30,0x30,0x00,0x00,0x01,,,,"Speed feedback = 0 rpm"
32666,TX,0x201,3,0x90,0x90,0x00,0x00,,,,,"Set torque = 0"
32692,TX,0x201,3,0x90,0x90,0x00,0x00,,,,,"Set torque = 0"
32719,TX,0x201,3,0x90,0x90,0x00,0x00,,,,,"Set torque = 0"
32745,TX,0x201,3,0x90,0x90,0x00,0x00,,,,,"Set torque = 0"
32753,RX,0x181,6,0x40,0x40,0x11,0x43,0x80,0x00,0x0B,,"Status word = 0x4311"
32759,RX,0x181,4,0x30,0x30,0x00,0x00,0x01,,,,"Speed feedback = 0 rpm"
32771,TX,0x201,3,0x90,0x90,0x00,0x00,,,,,"Set torque = 0"
32797,TX,0x201,3,0x90,0x90,0x00,0x00,,,,,"Set torque = 0"
32823,TX,0x201,3,0x90,0x90,0x00,0x00,,,,,"Set torque = 0"
32849,TX,0x201,3,0x90,0x90,0x00,0x00,,,,,"Set torque = 0"
32855,RX,0x181,6,0x40,0x40,0x11,0x43,0x80,0x00,0x0B,,"Status word = 0x4311"
32862,RX,0x181,4,0x30,0x30,0x00,0x00,0x01,,,,"Speed feedback = 0 rpm"
32875,TX,0x201,3,0x90,0x90,0x00,0x00,,,,,"Set torque = 0"
32901,TX,0x201,3,0x90,0x90,0x00,0x00,,,,,"Set torque = 0"
32927,TX,0x201,3,0x90,0x90,0x00,0x00,,,,,"Set torque = 0"
32952,RX,0x181,6,0x40,0x40,0x11,0x43,0x80,0x00,0x0B,,"Status word = 0x4311"
32958,TX,0x201,3,0x90,0x90,0x00,0x00,,,,,"Set torque = 0"
32965,RX,0x181,4,0x30,0x30,0x00,0x00,0x01,,,,"Speed feedback = 0 rpm"
32985,TX,0x201,3,0x90,0x90,0x00,0x00,,,,,"Set torque = 0"
33011,TX,0x201,3,0x90,0x90,0x00,0x00,,,,,"Set torque = 0"
33037,TX,0x201,3,0x90,0x90,0x00,0x00,,,,,"Set torque = 0"
33052,RX,0x181,6,0x40,0x40,0x11,0x43,0x80,0x00,0x0B,,"Status word = 0x4311"
33059,RX,0x181,4,0x30,0x30,0x00,0x00,0x01,,,,"Speed feedback = 0 rpm"
33065,TX,0x201,3,0x90,0x90,0x00,0x00,,,,,"Set torque = 0"
33091,TX,0x201,3,0x90,0x90,0x00,0x00,,,,,"Set torque = 0"
33117,TX,0x201,3,0x90,0x90,0x00,0x00,,,,,"Set torque = 0"
33143,TX,0x201,3,0x90,0x90,0x00,0x00,,,,,"Set torque = 0"
33152,RX,0x181,6,0x40,0x40,0x11,0x43,0x80,0x00,0x0B,,"Status word = 0x4311"
33159,RX,0x181,4,0x30,0x30,0x00,0x00,0x01,,,,"Speed feedback = 0 rpm"
33169,TX,0x201,3,0x90,0x90,0x00,0x00,,,,,"Set torque = 0"
33195,TX,0x201,3,0x90,0x90,0x00,0x00,,,,,"Set torque = 0"
33221,TX,0x201,3,0x90,0x90,0x00,0x00,,,,,"Set torque = 0"
33247,TX,0x201,3,0x90,0x90,0x00,0x00,,,,,"Set torque = 0"
33253,RX,0x181,6,0x40,0x40,0x11,0x43,0x80,0x00,0x0B,,"Status word = 0x4311"
33259,RX,0x181,4,0x30,0x30,0x00,0x00,0x01,,,,"Speed feedback = 0 rpm"
33273,TX,0x201,3,0x90,0x90,0x00,0x00,,,,,"Set torque = 0"
33299,TX,0x201,3,0x90,0x90,0x00,0x00,,,,,"Set torque = 0"
33325,TX,0x201,3,0x90,0x90,0x00,0x00,,,,,"Set torque = 0"
33351,TX,0x201,3,0x90,0x90,0x00,0x00,,,,,"Set torque = 0"
33357,RX,0x181,6,0x40,0x40,0x11,0x43,0x80,0x00,0x0B,,"Status word = 0x4311"
33363,RX,0x181,4,0x30,0x30,0x00,0x00,0x01,,,,"Speed feedback = 0 rpm"
33377,TX,0x201,3,0x90,0x90,0x00,0x00,,,,,"Set torque = 0"
33403,TX,0x201,3,0x90,0x90,0x00,0x00,,,,,"Set torque = 0"
33429,TX,0x201,3,0x90,0x90,0x00,0x00,,,,,"Set torque = 0"
33451,RX,0x181,6,0x40,0x40,0x11,0x43,0x80,0x00,0x0B,,"Status word = 0x4311"
33458,TX,0x201,3,0x90,0x90,0x00,0x00,,,,,"Set torque = 0"
33464,RX,0x181,4,0x30,0x30,0x00,0x00,0x01,,,,"Speed feedback = 0 rpm"
33484,TX,0x201,3,0x90,0x90,0x00,0x00,,,,,"Set torque = 0"
33510,TX,0x201,3,0x90,0x90,0x00,0x00,,,,,"Set torque = 0"
33536,TX,0x201,3,0x90,0x90,0x00,0x00,,,,,"Set torque = 0"
33551,RX,0x181,6,0x40,0x40,0x11,0x43,0x80,0x00,0x0B,,"Status word = 0x4311"
33558,RX,0x181,4,0x30,0x30,0x00,0x00,0x01,,,,"Speed feedback = 0 rpm"
33564,TX,0x201,3,0x90,0x90,0x00,0x00,,,,,"Set torque = 0"
33591,TX,0x201,3,0x90,0x90,0x00,0x00,,,,,"Set torque = 0"
33617,TX,0x201,3,0x90,0x90,0x00,0x00,,,,,"Set torque = 0"
33643,TX,0x201,3,0x90,0x90,0x00,0x00,,,,,"Set torque = 0"
33651,RX,0x181,6,0x40,0x40,0x11,0x43,0x80,0x00,0x0B,,"Status word = 0x4311"
33658,RX,0x181,4,0x30,0x30,0x00,0x00,0x01,,,,"Speed feedback = 0 rpm"
33669,TX,0x201,3,0x90,0x90,0x00,0x00,,,,,"Set torque = 0"
33695,TX,0x201,3,0x90,0x90,0x00,0x00,,,,,"Set torque = 0"
33721,TX,0x201,3,0x90,0x90,0x00,0x00,,,,,"Set torque = 0"
33747,TX,0x201,3,0x90,0x90,0x00,0x00,,,,,"Set torque = 0"
33753,RX,0x181,6,0x40,0x40,0x11,0x43,0x80,0x00,0x0B,,"Status word = 0x4311"
33759,RX,0x181,4,0x30,0x30,0x00,0x00,0x01,,,,"Speed feedback = 0 rpm"
33773,TX,0x201,3,0x90,0x90,0x00,0x00,,,,,"Set torque = 0"
33799,TX,0x201,3,0x90,0x90,0x00,0x00,,,,,"Set torque = 0"
33828,TX,0x201,3,0x90,0x90,0x00,0x00,,,,,"Set torque = 0"
33851,RX,0x181,6,0x40,0x40,0x11,0x43,0x80,0x00,0x0B,,"Status word = 0x4311"
33857,TX,0x201,3,0x90,0x90,0x00,0x00,,,,,"Set torque = 0"
33863,RX,0x181,4,0x30,0x30,0x00,0x00,0x01,,,,"Speed feedback = 0 rpm"
33883,TX,0x201,3,0x90,0x90,0x00,0x00,,,,,"Set torque = 0"
33909,TX,0x201,3,0x90,0x90,0x00,0x00,,,,,"Set torque = 0"
33935,TX,0x201,3,0x90,0x90,0x00,0x00,,,,,"Set torque = 0"
33951,RX,0x181,6,0x40,0x40,0x11,0x43,0x80,0x00,0x0B,,"Status word = 0x4311"
33958,RX,0x181,4,0x30,0x30,0x00,0x00,0x01,,,,"Speed feedback = 0 rpm"
33964,TX,0x201,3,0x90,0x90,0x00,0x00,,,,,"Set torque = 0"
33990,TX,0x201,3,0x90,0x90,0x00,0x00,,,,,"Set torque = 0"
34016,TX,0x201,3,0x90,0x90,0x00,0x00,,,,,"Set torque = 0"
34042,TX,0x201,3,0x90,0x90,0x00,0x00,,,,,"Set torque = 0"
34050,RX,0x181,6,0x40,0x40,0x11,0x43,0x80,0x00,0x0B,,"Status word = 0x4311"
34057,RX,0x181,4,0x30,0x30,0x00,0x00,0x01,,,,"Speed feedback = 0 rpm"
34068,TX,0x201,3,0x90,0x90,0x00,0x00,,,,,"Set torque = 0"
34094,TX,0x201,3,0x90,0x90,0x00,0x00,,,,,"Set torque = 0"
34120,TX,0x201,3,0x90,0x90,0x00,0x00,,,,,"Set torque = 0"
34146,TX,0x201,3,0x90,0x90,0x00,0x00,,,,,"Set torque = 0"
34152,RX,0x181,6,0x40,0x40,0x11,0x43,0x80,0x00,0x0B,,"Status word = 0x4311"
34158,RX,0x181,4,0x30,0x30,0x00,0x00,0x01,,,,"Speed feedback = 0 rpm"
34172,TX,0x201,3,0x90,0x90,0x00,0x00,,,,,"Set torque = 0"
34198,TX,0x201,3,0x90,0x90,0x00,0x00,,,,,"Set torque = 0"
34224,TX,0x201,3,0x90,0x90,0x00,0x00,,,,,"Set torque = 0"
34250,TX,0x201,3,0x90,0x90,0x00,0x00,,,,,"Set torque = 0"
34256,RX,0x181,6,0x40,0x40,0x11,0x43,0x80,0x00,0x0B,,"Status word = 0x4311"
34262,RX,0x181,4,0x30,0x30,0x00,0x00,0x01,,,,"Speed feedback = 0 rpm"
34276,TX,0x201,3,0x90,0x90,0x00,0x00,,,,,"Set torque = 0"
34302,TX,0x201,3,0x90,0x90,0x00,0x00,,,,,"Set torque = 0"
34328,TX,0x201,3,0x90,0x90,0x00,0x00,,,,,"Set torque = 0"
34350,RX,0x181,6,0x40,0x40,0x11,0x43,0x80,0x00,0x0B,,"Status word = 0x4311"
34357,TX,0x201,3,0x90,0x90,0x00,0x00,,,,,"Set torque = 0"
34363,RX,0x181,4,0x30,0x30,0x00,0x00,0x01,,,,"Speed feedback = 0 rpm"
34383,TX,0x201,3,0x90,0x90,0x00,0x00,,,,,"Set torque = 0"
34409,TX,0x201,3,0x90,0x90,0x00,0x00,,,,,"Set torque = 0"
34435,TX,0x201,3,0x90,0x90,0x00,0x00,,,,,"Set torque = 0"
34450,RX,0x181,6,0x40,0x40,0x11,0x43,0x80,0x00,0x0B,,"Status word = 0x4311"
34457,RX,0x181,4,0x30,0x30,0x00,0x00,0x01,,,,"Speed feedback = 0 rpm"
34463,TX,0x201,3,0x90,0x90,0x00,0x00,,,,,"Set torque = 0"
34489,TX,0x201,3,0x90,0x90,0x00,0x00,,,,,"Set torque = 0"
34562,RX,0x181,6,0x40,0x40,0x11,0x43,0x80,0x00,0x0B,,"Status word = 0x4311"
34568,RX,0x181,4,0x30,0x30,0x00,0x00,0x01,,,,"Speed feedback = 0 rpm"
34582,TX,0x201,3,0x90,0x90,0x00,0x00,,,,,"Set torque = 0"
34608,TX,0x201,3,0x90,0x90,0x00,0x00,,,,,"Set torque = 0"
34634,TX,0x201,3,0x90,0x90,0x00,0x00,,,,,"Set torque = 0"
34650,RX,0x181,6,0x40,0x40,0x11,0x43,0x80,0x00,0x0B,,"Status word = 0x4311"
34656,RX,0x181,4,0x30,0x30,0x00,0x00,0x01,,,,"Speed feedback = 0 rpm"
34663,TX,0x201,3,0x90,0x90,0x00,0x00,,,,,"Set torque = 0"
34689,TX,0x201,3,0x90,0x90,0x00,0x00,,,,,"Set torque = 0"
34715,TX,0x201,3,0x90,0x90,0x00,0x00,,,,,"Set torque = 0"
34741,TX,0x201,3,0x90,0x90,0x00,0x00,,,,,"Set torque = 0"
34749,RX,0x181,6,0x40,0x40,0x11,0x43,0x80,0x00,0x0B,,"Status word = 0x4311"
34756,RX,0x181,4,0x30,0x30,0x00,0x00,0x01,,,,"Speed feedback = 0 rpm"
34767,TX,0x201,3,0x90,0x90,0x00,0x00,,,,,"Set torque = 0"
34793,TX,0x201,3,0x90,0x90,0x00,0x00,,,,,"Set torque = 0"
34819,TX,0x201,3,0x90,0x90,0x00,0x00,,,,,"Set torque = 0"
34845,TX,0x201,3,0x90,0x90,0x00,0x00,,,,,"Set torque = 0"
34851,RX,0x181,6,0x40,0x40,0x11,0x43,0x80,0x00,0x0B,,"Status word = 0x4311"
34857,RX,0x181,4,0x30,0x30,0x00,0x00,0x01,,,,"Speed feedback = 0 rpm"
34871,TX,0x201,3,0x90,0x90,0x00,0x00,,,,,"Set torque = 0"
34897,TX,0x201,3,0x90,0x90,0x00,0x00,,,,,"Set torque = 0"
34923,TX,0x201,3,0x90,0x90,0x00,0x00,,,,,"Set torque = 0"
34949,TX,0x201,3,0x90,0x90,0x00,0x00,,,,,"Set torque = 0"
34955,RX,0x181,6,0x40,0x40,0x11,0x43,0x80,0x00,0x0B,,"Status word = 0x4311"
35044,RX,0x181,4,0x30,0x30,0x00,0x00,0x01,,,,"Speed feedback = 0 rpm"
35051,RX,0x181,6,0x40,0x40,0x11,0x43,0x80,0x00,0x0B,,"Status word = 0x4311"
35057,RX,0x181,4,0x30,0x30,0x00,0x00,0x01,,,,"Speed feedback = 0 rpm"
35063,TX,0x201,3,0x90,0x90,0x00,0x00,,,,,"Set torque = 0"
35090,TX,0x201,3,0x90,0x90,0x00,0x00,,,,,"Set torque = 0"
35116,TX,0x201,3,0x90,0x90,0x00,0x00,,,,,"Set torque = 0"
35142,TX,0x201,3,0x90,0x90,0x00,0x00,,,,,"Set torque = 0"
35149,RX,0x181,6,0x40,0x40,0x11,0x43,0x80,0x00,0x0B,,"Status word = 0x4311"
35156,RX,0x181,4,0x30,0x30,0x00,0x00,0x01,,,,"Speed feedback = 0 rpm"
35168,TX,0x201,3,0x90,0x90,0x00,0x00,,,,,"Set torque = 0"
35194,TX,0x201,3,0x90,0x90,0x00,0x00,,,,,"Set torque = 0"
35220,TX,0x201,3,0x90,0x90,0x00,0x00,,,,,"Set torque = 0"
35246,TX,0x201,3,0x90,0x90,0x00,0x00,,,,,"Set torque = 0"
35252,RX,0x181,6,0x40,0x40,0x11,0x43,0x80,0x00,0x0B,,"Status word = 0x4311"
35258,RX,0x181,4,0x30,0x30,0x00,0x00,0x01,,,,"Speed feedback = 0 rpm"
35272,TX,0x201,3,0x90,0x90,0x00,0x00,,,,,"Set torque = 0"
35298,TX,0x201,3,0x90,0x90,0x00,0x00,,,,,"Set torque = 0"
35324,TX,0x201,3,0x90,0x90,0x00,0x00,,,,,"Set torque = 0"
35348,RX,0x181,6,0x40,0x40,0x11,0x43,0x80,0x00,0x0B,,"Status word = 0x4311"
35355,TX,0x201,3,0x90,0x90,0x00,0x00,,,,,"Set torque = 0"
35361,RX,0x181,4,0x30,0x30,0x00,0x00,0x01,,,,"Speed feedback = 0 rpm"
35381,TX,0x201,3,0x90,0x90,0x00,0x00,,,,,"Set torque = 0"
35407,TX,0x201,3,0x90,0x90,0x00,0x00,,,,,"Set torque = 0"
35433,TX,0x201,3,0x90,0x90,0x00,0x00,,,,,"Set torque = 0"
35529,RX,0x181,6,0x40,0x40,0x11,0x43,0x80,0x00,0x0B,,"Status word = 0x4311"
35536,RX,0x181,4,0x30,0x30,0x00,0x00,0x01,,,,"Speed feedback = 0 rpm"
35548,RX,0x181,6,0x40,0x40,0x11,0x43,0x80,0x00,0x0B,,"Status word = 0x4311"
35554,TX,0x201,3,0x90,0x90,0x00,0x00,,,,,"Set torque = 0"
35561,RX,0x181,4,0x30,0x30,0x00,0x00,0x01,,,,"Speed feedback = 0 rpm"
35581,TX,0x201,3,0x90,0x90,0x00,0x00,,,,,"Set torque = 0"
35607,TX,0x201,3,0x90,0x90,0x00,0x00,,,,,"Set torque = 0"
35633,TX,0x201,3,0x90,0x90,0x00,0x00,,,,,"Set torque = 0"
35648,RX,0x181,6,0x40,0x40,0x11,0x43,0x80,0x00,0x0B,,"Status word = 0x4311"
35655,RX,0x181,4,0x30,0x30,0x00,0x00,0x01,,,,"Speed feedback = 0 rpm"
35661,TX,0x201,3,0x90,0x90,0x00,0x00,,,,,"Set torque = 0"
35687,TX,0x201,3,0x90,0x90,0x00,0x00,,,,,"Set torque = 0"
35713,TX,0x201,3,0x90,0x90,0x00,0x00,,,,,"Set torque = 0"
35739,TX,0x201,3,0x90,0x90,0x00,0x00,,,,,"Set torque = 0"
35748,RX,0x181,6,0x40,0x40,0x11,0x43,0x80,0x00,0x0B,,"Status word = 0x4311"
35755,RX,0x181,4,0x30,0x30,0x00,0x00,0x01,,,,"Speed feedback = 0 rpm"
35765,TX,0x201,3,0x90,0x90,0x00,0x00,,,,,"Set torque = 0"
35791,TX,0x201,3,0x90,0x90,0x00,0x00,,,,,"Set torque = 0"
35817,TX,0x201,3,0x90,0x90,0x00,0x00,,,,,"Set torque = 0"
35843,TX,0x201,3,0x90,0x90,0x00,0x00,,,,,"Set torque = 0"
35849,RX,0x181,6,0x40,0x40,0x11,0x43,0x80,0x00,0x0B,,"Status word = 0x4311"
35855,RX,0x181,4,0x30,0x30,0x00,0x00,0x01,,,,"Speed feedback = 0 rpm"
35869,TX,0x201,3,0x90,0x90,0x00,0x00,,,,,"Set torque = 0"
35895,TX,0x201,3,0x90,0x90,0x00,0x00,,,,,"Set torque = 0"
35993,RX,0x181,6,0x40,0x40,0x11,0x43,0x80,0x00,0x0B,,"Status word = 0x4311"
35999,RX,0x181,4,0x30,0x30,0x00,0x00,0x01,,,,"Speed feedback = 0 rpm"
36013,TX,0x201,3,0x90,0x90,0x00,0x00,,,,,"Set torque = 0"
36039,TX,0x201,3,0x90,0x90,0x00,0x00,,,,,"Set torque = 0"
36047,RX,0x181,6,0x40,0x40,0x11,0x43,0x80,0x00,0x0B,,"Status word = 0x4311"
36054,RX,0x181,4,0x30,0x30,0x00,0x00,0x01,,,,"Speed feedback = 0 rpm"
36065,TX,0x201,3,0x90,0x90,0x00,0x00,,,,,"Set torque = 0"
36091,TX,0x201,3,0x90,0x90,0x00,0x00,,,,,"Set torque = 0"
36117,TX,0x201,3,0x90,0x90,0x00,0x00,,,,,"Set torque = 0"
36143,TX,0x201,3,0x90,0x90,0x00,0x00,,,,,"Set torque = 0"
36149,RX,0x181,6,0x40,0x40,0x11,0x43,0x80,0x00,0x0B,,"Status word = 0x4311"
36155,RX,0x181,4,0x30,0x30,0x00,0x00,0x01,,,,"Speed feedback = 0 rpm"
36169,TX,0x201,3,0x90,0x90,0x00,0x00,,,,,"Set torque = 0"
36195,TX,0x201,3,0x90,0x90,0x00,0x00,,,,,"Set torque = 0"
36221,TX,0x201,3,0x90,0x90,0x00,0x00,,,,,"Set torque = 0"
36247,TX,0x201,3,0x90,0x90,0x00,0x00,,,,,"Set torque = 0"
36253,RX,0x181,6,0x40,0x40,0x11,0x43,0x80,0x00,0x0B,,"Status word = 0x4311"
36259,RX,0x181,4,0x30,0x30,0x00,0x00,0x01,,,,"Speed feedback = 0 rpm"
36273,TX,0x201,3,0x90,0x90,0x00,0x00,,,,,"Set torque = 0"
36299,TX,0x201,3,0x90,0x90,0x00,0x00,,,,,"Set torque = 0"
36325,TX,0x201,3,0x90,0x90,0x00,0x00,,,,,"Set torque = 0"
36347,RX,0x181,6,0x40,0x40,0x11,0x43,0x80,0x00,0x0B,,"Status word = 0x4311"
36353,TX,0x201,3,0x90,0x90,0x00,0x00,,,,,"Set torque = 0"
36359,RX,0x181,4,0x30,0x30,0x00,0x00,0x01,,,,"Speed feedback = 0 rpm"
36449,RX,0x181,6,0x40,0x40,0x11,0x43,0x80,0x00,0x0B,,"Status word = 0x4311"
36455,RX,0x181,4,0x30,0x30,0x00,0x00,0x01,,,,"Speed feedback = 0 rpm"
36461,TX,0x201,3,0x90,0x90,0x00,0x00,,,,,"Set torque = 0"
36488,TX,0x201,3,0x90,0x90,0x00,0x00,,,,,"Set torque = 0"
36514,TX,0x201,3,0x90,0x90,0x00,0x00,,,,,"Set torque = 0"
36540,TX,0x201,3,0x90,0x90,0x00,0x00,,,,,"Set torque = 0"
36547,RX,0x181,6,0x40,0x40,0x11,0x43,0x80,0x00,0x0B,,"Status word = 0x4311"
36553,RX,0x181,4,0x30,0x30,0x00,0x00,0x01,,,,"Speed feedback = 0 rpm"
36566,TX,0x201,3,0x90,0x90,0x00,0x00,,,,,"Set torque = 0"
36592,TX,0x201,3,0x90,0x90,0x00,0x00,,,,,"Set torque = 0"
36618,TX,0x201,3,0x90,0x90,0x00,0x00,,,,,"Set torque = 0"
36644,TX,0x201,3,0x90,0x90,0x00,0x00,,,,,"Set torque = 0"
36650,RX,0x181,6,0x40,0x40,0x11,0x43,0x80,0x00,0x0B,,"Status word = 0x4311"
36656,RX,0x181,4,0x30,0x30,0x00,0x00,0x01,,,,"Speed feedback = 0 rpm"
36670,TX,0x201,3,0x90,0x90,0x00,0x00,,,,,"Set torque = 0"
36696,TX,0x201,3,0x90,0x90,0x00,0x00,,,,,"Set torque = 0"
36722,TX,0x201,3,0x90,0x90,0x00,0x00,,,,,"Set torque = 0"
36746,RX,0x181,6,0x40,0x40,0x11,0x43,0x80,0x00,0x0B,,"Status word = 0x4311"
36752,TX,0x201,3,0x90,0x90,0x00,0x00,,,,,"Set torque = 0"
36759,RX,0x181,4,0x30,0x30,0x00,0x00,0x01,,,,"Speed feedback = 0 rpm"
36779,TX,0x201,3,0x90,0x90,0x00,0x00,,,,,"Set torque = 0"
36805,TX,0x201,3,0x90,0x90,0x00,0x00,,,,,"Set torque = 0"
36831,TX,0x201,3,0x90,0x90,0x00,0x00,,,,,"Set torque = 0"
36846,RX,0x181,6,0x40,0x40,0x11,0x43,0x80,0x00,0x0B,,"Status word = 0x4311"
36938,RX,0x181,4,0x30,0x30,0x00,0x00,0x01,,,,"Speed feedback = 0 rpm"
36944,TX,0x201,3,0x90,0x90,0x00,0x00,,,,,"Set torque = 0"
36951,RX,0x181,6,0x40,0x40,0x11,0x43,0x80,0x00,0x0B,,"Status word = 0x4311"
36957,RX,0x181,4,0x30,0x30,0x00,0x00,0x01,,,,"Speed feedback = 0 rpm"
36971,TX,0x201,3,0x90,0x90,0x00,0x00,,,,,"Set torque = 0"
36997,TX,0x201,3,0x90,0x90,0x00,0x00,,,,,"Set torque = 0"
37023,TX,0x201,3,0x90,0x90,0x00,0x00,,,,,"Set torque = 0"
37046,RX,0x181,6,0x40,0x40,0x11,0x43,0x80,0x00,0x0B,,"Status word = 0x4311"
37052,TX,0x201,3,0x90,0x90,0x00,0x00,,,,,"Set torque = 0"
37058,RX,0x181,4,0x30,0x30,0x00,0x00,0x01,,,,"Speed feedback = 0 rpm"
37078,TX,0x201,3,0x90,0x90,0x00,0x00,,,,,"Set torque = 0"
37104,TX,0x201,3,0x90,0x90,0x00,0x00,,,,,"Set torque = 0"
37130,TX,0x201,3,0x90,0x90,0x00,0x00,,,,,"Set torque = 0"
37146,RX,0x181,6,0x40,0x40,0x11,0x43,0x80,0x00,0x0B,,"Status word = 0x4311"
37153,RX,0x181,4,0x30,0x30,0x00,0x00,0x01,,,,"Speed feedback = 0 rpm"
37159,TX,0x201,3,0x90,0x90,0x00,0x00,,,,,"Set torque = 0"
37185,TX,0x201,3,0x90,0x90,0x00,0x00,,,,,"Set torque = 0"
37211,TX,0x201,3,0x90,0x90,0x00,0x00,,,,,"Set torque = 0"
37237,TX,0x201,3,0x90,0x90,0x00,0x00,,,,,"Set torque = 0"
37245,RX,0x181,6,0x40,0x40,0x11,0x43,0x80,0x00,0x0B,,"Status word = 0x4311"
37252,RX,0x181,4,0x30,0x30,0x00,0x00,0x01,,,,"Speed feedback = 0 rpm"
37263,TX,0x201,3,0x90,0x90,0x00,0x00,,,,,"Set torque = 0"
37289,TX,0x201,3,0x90,0x90,0x00,0x00,,,,,"Set torque = 0"
37315,TX,0x201,3,0x90,0x90,0x00,0x00,,,,,"Set torque = 0"
37407,RX,0x181,6,0x40,0x40,0x11,0x43,0x80,0x00,0x0B,,"Status word = 0x4311"
37413,RX,0x181,4,0x30,0x30,0x00,0x00,0x01,,,,"Speed feedback = 0 rpm"
37427,TX,0x201,3,0x90,0x90,0x00,0x00,,,,,"Set torque = 0"
37445,RX,0x181,6,0x40,0x40,0x11,0x43,0x80,0x00,0x0B,,"Status word = 0x4311"
37452,RX,0x181,4,0x30,0x30,0x00,0x00,0x01,,,,"Speed feedback = 0 rpm"
37459,TX,0x201,3,0x90,0x90,0x00,0x00,,,,,"Set torque = 0"
37485,TX,0x201,3,0x90,0x90,0x00,0x00,,,,,"Set torque = 0"
37511,TX,0x201,3,0x90,0x90,0x00,0x00,,,,,"Set torque = 0"
37537,TX,0x201,3,0x90,0x90,0x00,0x00,,,,,"Set torque = 0"
37545,RX,0x181,6,0x40,0x40,0x11,0x43,0x80,0x00,0x0B,,"Status word = 0x4311"
37552,RX,0x181,4,0x30,0x30,0x00,0x00,0x01,,,,"Speed feedback = 0 rpm"
37563,TX,0x201,3,0x90,0x90,0x00,0x00,,,,,"Set torque = 0"
37589,TX,0x201,3,0x90,0x90,0x00,0x00,,,,,"Set torque = 0"
37615,TX,0x201,3,0x90,0x90,0x00,0x00,,,,,"Set torque = 0"
37641,TX,0x201,3,0x90,0x90,0x00,0x00,,,,,"Set torque = 0"
37647,RX,0x181,6,0x40,0x40,0x11,0x43,0x80,0x00,0x0B,,"Status word = 0x4311"
37653,RX,0x181,4,0x30,0x30,0x00,0x00,0x01,,,,"Speed feedback = 0 rpm"
37667,TX,0x201,3,0x90,0x90,0x00,0x00,,,,,"Set torque = 0"
37693,TX,0x201,3,0x90,0x90,0x00,0x00,,,,,"Set torque = 0"
37719,TX,0x201,3,0x90,0x90,0x00,0x00,,,,,"Set torque = 0"
37745,TX,0x201,3,0x90,0x90,0x00,0x00,,,,,"Set torque = 0"
37751,RX,0x181,6,0x40,0x40,0x11,0x43,0x80,0x00,0x0B,,"Status word = 0x4311"
37757,RX,0x181,4,0x30,0x30,0x00,0x00,0x01,,,,"Speed feedback = 0 rpm"
37851,RX,0x181,6,0x40,0x40,0x11,0x43,0x80,0x00,0x0B,,"Status word = 0x4311"
37857,RX,0x181,4,0x30,0x30,0x00,0x00,0x01,,,,"Speed feedback = 0 rpm"
37863,TX,0x201,3,0x90,0x90,0x00,0x00,,,,,"Set torque = 0"
37890,TX,0x201,3,0x90,0x90,0x00,0x00,,,,,"Set torque = 0"
37916,TX,0x201,3,0x90,0x90,0x00,0x00,,,,,"Set torque = 0"
37942,TX,0x201,3,0x90,0x90,0x00,0x00,,,,,"Set torque = 0"
37948,RX,0x181,6,0x40,0x40,0x11,0x43,0x80,0x00,0x0B,,"Status word = 0x4311"
37954,RX,0x181,4,0x30,0x30,0x00,0x00,0x01,,,,"Speed feedback = 0 rpm"
37968,TX,0x201,3,0x90,0x90,0x00,0x00,,,,,"Set torque = 0"
37994,TX,0x201,3,0x90,0x90,0x00,0x00,,,,,"Set torque = 0"
38020,TX,0x201,3,0x90,0x90,0x00,0x00,,,,,"Set torque = 0"
38044,RX,0x181,6,0x40,0x40,0x11,0x43,0x80,0x00,0x0B,,"Status word = 0x4311"
38051,TX,0x201,3,0x90,0x90,0x00,0x00,,,,,"Set torque = 0"
38057,RX,0x181,4,0x30,0x30,0x00,0x00,0x01,,,,"Speed feedback = 0 rpm"
38077,TX,0x201,3,0x90,0x90,0x00,0x00,,,,,"Set torque = 0"
38103,TX,0x201,3,0x90,0x90,0x00,0x00,,,,,"Set torque = 0"
38129,TX,0x201,3,0x90,0x90,0x00,0x00,,,,,"Set torque = 0"
38144,RX,0x181,6,0x40,0x40,0x11,0x43,0x80,0x00,0x0B,,"Status word = 0x4311"
38151,RX,0x181,4,0x30,0x30,0x00,0x00,0x01,,,,"Speed feedback = 0 rpm"
38157,TX,0x201,3,0x90,0x90,0x00,0x00,,,,,"Set torque = 0"
38183,TX,0x201,3,0x90,0x90,0x00,0x00,,,,,"Set torque = 0"
38209,TX,0x201,3,0x90,0x90,0x00,0x00,,,,,"Set torque = 0"
38235,TX,0x201,3,0x90,0x90,0x00,0x00,,,,,"Set torque = 0"
38244,RX,0x181,6,0x40,0x40,0x11,0x43,0x80,0x00,0x0B,,"Status word = 0x4311"
38340,RX,0x181,4,0x30,0x30,0x00,0x00,0x01,,,,"Speed feedback = 0 rpm"
38346,RX,0x181,6,0x40,0x40,0x11,0x43,0x80,0x00,0x0B,,"Status word = 0x4311"
38352,RX,0x181,4,0x30,0x30,0x00,0x00,0x01,,,,"Speed feedback = 0 rpm"
38358,TX,0x201,3,0x90,0x90,0x00,0x00,,,,,"Set torque = 0"
38385,TX,0x201,3,0x90,0x90,0x00,0x00,,,,,"Set torque = 0"
38411,TX,0x201,3,0x90,0x90,0x00,0x00,,,,,"Set torque = 0"
38437,TX,0x201,3,0x90,0x90,0x00,0x00,,,,,"Set torque = 0"
38444,RX,0x181,6,0x40,0x40,0x11,0x43,0x80,0x00,0x0B,,"Status word = 0x4311"
38450,RX,0x181,4,0x30,0x30,0x00,0x00,0x01,,,,"Speed feedback = 0 rpm"
38463,TX,0x201,3,0x90,0x90,0x00,0x00,,,,,"Set torque = 0"
38489,TX,0x201,3,0x90,0x90,0x00,0x00,,,,,"Set torque = 0"
38515,TX,0x201,3,0x90,0x90,0x00,0x00,,,,,"Set torque = 0"
38541,TX,0x201,3,0x90,0x90,0x00,0x00,,,,,"Set torque = 0"
38547,RX,0x181,6,0x40,0x40,0x11,0x43,0x80,0x00,0x0B,,"Status word = 0x4311"
38553,RX,0x181,4,0x30,0x30,0x00,0x00,0x01,,,,"Speed feedback = 0 rpm"
38567,TX,0x201,3,0x90,0x90,0x00,0x00,,,,,"Set torque = 0"
38593,TX,0x201,3,0x90,0x90,0x00,0x00,,,,,"Set torque = 0"
38619,TX,0x201,3,0x90,0x90,0x00,0x00,,,,,"Set torque = 0"
38643,RX,0x181,6,0x40,0x40,0x11,0x43,0x80,0x00,0x0B,,"Status word = 0x4311"
38649,TX,0x201,3,0x90,0x90,0x00,0x00,,,,,"Set torque = 0"
38656,RX,0x181,4,0x30,0x30,0x00,0x00,0x01,,,,"Speed feedback = 0 rpm"
38676,TX,0x201,3,0x90,0x90,0x00,0x00,,,,,"Set torque = 0"
38705,TX,0x201,3,0x90,0x90,0x00,0x00,,,,,"Set torque = 0"
38801,RX,0x181,6,0x40,0x40,0x11,0x43,0x80,0x00,0x0B,,"Status word = 0x4311"
38807,RX,0x181,4,0x30,0x30,0x00,0x00,0x01,,,,"Speed feedback = 0 rpm"
38821,TX,0x201,3,0x90,0x90,0x00,0x00,,,,,"Set torque = 0"
38843,RX,0x181,6,0x40,0x40,0x11,0x43,0x80,0x00,0x0B,,"Status word = 0x4311"
38849,TX,0x201,3,0x90,0x90,0x00,0x00,,,,,"Set torque = 0"
38855,RX,0x181,4,0x30,0x30,0x00,0x00,0x01,,,,"Speed feedback = 0 rpm"
38875,TX,0x201,3,0x90,0x90,0x00,0x00,,,,,"Set torque = 0"
38901,TX,0x201,3,0x90,0x90,0x00,0x00,,,,,"Set torque = 0"
38927,TX,0x201,3,0x90,0x90,0x00,0x00,,,,,"Set torque = 0"
38943,RX,0x181,6,0x40,0x40,0x11,0x43,0x80,0x00,0x0B,,"Status word = 0x4311"
38950,RX,0x181,4,0x30,0x30,0x00,0x00,0x01,,,,"Speed feedback = 0 rpm"
38956,TX,0x201,3,0x90,0x90,0x00,0x00,,,,,"Set torque = 0"
38982,TX,0x201,3,0x90,0x90,0x00,0x00,,,,,"Set torque = 0"
39008,TX,0x201,3,0x90,0x90,0x00,0x00,,,,,"Set torque = 0"
39034,TX,0x201,3,0x90,0x90,0x00,0x00,,,,,"Set torque = 0"
39043,RX,0x181,6,0x40,0x40,0x11,0x43,0x80,0x00,0x0B,,"Status word = 0x4311"
39050,RX,0x181,4,0x30,0x30,0x00,0x00,0x01,,,,"Speed feedback = 0 rpm"
39060,TX,0x201,3,0x90,0x90,0x00,0x00,,,,,"Set torque = 0"
39086,TX,0x201,3,0x90,0x90,0x00,0x00,,,,,"Set torque = 0"
39112,TX,0x201,3,0x90,0x90,0x00,0x00,,,,,"Set torque = 0"
39138,TX,0x201,3,0x90,0x90,0x00,0x00,,,,,"Set torque = 0"
39144,RX,0x181,6,0x40,0x40,0x11,0x43,0x80,0x00,0x0B,,"Status word = 0x4311"
39150,RX,0x181,4,0x30,0x30,0x00,0x00,0x01,,,,"Speed feedback = 0 rpm"
39164,TX,0x201,3,0x90,0x90,0x00,0x00,,,,,"Set torque = 0"
39256,RX,0x181,6,0x40,0x40,0x11,0x43,0x80,0x00,0x0B,,"Status word = 0x4311"
39262,RX,0x181,4,0x30,0x30,0x00,0x00,0x01,,,,"Speed feedback = 0 rpm"
39276,TX,0x201,3,0x90,0x90,0x00,0x00,,,,,"Set torque = 0"
39302,TX,0x201,3,0x90,0x90,0x00,0x00,,,,,"Set torque = 0"
39328,TX,0x201,3,0x90,0x90,0x00,0x00,,,,,"Set torque = 0"
39342,RX,0x181,6,0x40,0x40,0x11,0x43,0x80,0x00,0x0B,,"Status word = 0x4311"
39349,RX,0x181,4,0x30,0x30,0x00,0x00,0x01,,,,"Speed feedback = 0 rpm"
39355,TX,0x201,3,0x90,0x90,0x00,0x00,,,,,"Set torque = 0"
39382,TX,0x201,3,0x90,0x90,0x00,0x00,,,,,"Set torque = 0"
39408,TX,0x201,3,0x90,0x90,0x00,0x00,,,,,"Set torque = 0"
39434,TX,0x201,3,0x90,0x90,0x00,0x00,,,,,"Set torque = 0"
39442,RX,0x181,6,0x40,0x40,0x11,0x43,0x80,0x00,0x0B,,"Status word = 0x4311"
39449,RX,0x181,4,0x30,0x30,0x00,0x00,0x01,,,,"Speed feedback = 0 rpm"
39460,TX,0x201,3,0x90,0x90,0x00,0x00,,,,,"Set torque = 0"
39486,TX,0x201,3,0x90,0x90,0x00,0x00,,,,,"Set torque = 0"
39512,TX,0x201,3,0x90,0x90,0x00,0x00,,,,,"Set torque = 0"
39538,TX,0x201,3,0x90,0x90,0x00,0x00,,,,,"Set torque = 0"
39544,RX,0x181,6,0x40,0x40,0x11,0x43,0x80,0x00,0x0B,,"Status word = 0x4311"
39550,RX,0x181,4,0x30,0x30,0x00,0x00,0x01,,,,"Speed feedback = 0 rpm"
39564,TX,0x201,3,0x90,0x90,0x00,0x00,,,,,"Set torque = 0"
39590,TX,0x201,3,0x90,0x90,0x00,0x00,,,,,"Set torque = 0"
39616,TX,0x201,3,0x90,0x90,0x00,0x00,,,,,"Set torque = 0"
39642,TX,0x201,3,0x90,0x90,0x00,0x00,,,,,"Set torque = 0"
39648,RX,0x181,6,0x40,0x40,0x11,0x43,0x80,0x00,0x0B,,"Status word = 0x4311"
39736,RX,0x181,4,0x30,0x30,0x00,0x00,0x01,,,,"Speed feedback = 0 rpm"
39742,RX,0x181,6,0x40,0x40,0x11,0x43,0x80,0x00,0x0B,,"Status word = 0x4311"
39748,TX,0x201,3,0x90,0x90,0x00,0x00,,,,,"Set torque = 0"
39754,RX,0x181,4,0x30,0x30,0x00,0x00,0x01,,,,"Speed feedback = 0 rpm"
39774,TX,0x201,3,0x90,0x90,0x00,0x00,,,,,"Set torque = 0"
39800,TX,0x201,3,0x90,0x90,0x00,0x00,,,,,"Set torque = 0"
39826,TX,0x201,3,0x90,0x90,0x00,0x00,,,,,"Set torque = 0"
39841,RX,0x181,6,0x40,0x40,0x11,0x43,0x80,0x00,0x0B,,"Status word = 0x4311"
39848,RX,0x181,4,0x30,0x30,0x00,0x00,0x01,,,,"Speed feedback = 0 rpm"
39854,TX,0x201,3,0x90,0x90,0x00,0x00,,,,,"Set torque = 0"
39881,TX,0x201,3,0x90,0x90,0x00,0x00,,,,,"Set torque = 0"
39907,TX,0x201,3,0x90,0x90,0x00,0x00,,,,,"Set torque = 0"
39933,TX,0x201,3,0x90,0x90,0x00,0x00,,,,,"Set torque = 0"
39941,RX,0x181,6,0x40,0x40,0x11,0x43,0x80,0x00,0x0B,,"Status word = 0x4311"
39948,RX,0x181,4,0x30,0x30,0x00,0x00,0x01,,,,"Speed feedback = 0 rpm"
39959,TX,0x201,3,0x90,0x90,0x00,0x00,,,,,"Set torque = 0"
39985,TX,0x201,3,0x90,0x90,0x00,0x00,,,,,"Set torque = 0"
40011,TX,0x201,3,0x90,0x90,0x00,0x00,,,,,"Set torque = 0"
40037,TX,0x201,3,0x90,0x90,0x00,0x00,,,,,"Set torque = 0"
40043,RX,0x181,6,0x40,0x40,0x11,0x43,0x80,0x00,0x0B,,"Status word = 0x4311"
40049,RX,0x181,4,0x30,0x30,0x00,0x00,0x01,,,,"Speed feedback = 0 rpm"
40063,TX,0x201,3,0x90,0x90,0x00,0x00,,,,,"Set torque = 0"
40089,TX,0x201,3,0x90,0x90,0x00,0x00,,,,,"Set torque = 0"
40115,TX,0x201,3,0x90,0x90,0x00,0x00,,,,,"Set torque = 0"
40204,RX,0x181,6,0x40,0x40,0x11,0x43,0x80,0x00,0x0B,,"Status word = 0x4311"
40210,RX,0x181,4,0x30,0x30,0x00,0x00,0x01,,,,"Speed feedback = 0 rpm"
40224,TX,0x201,3,0x90,0x90,0x00,0x00,,,,,"Set torque = 0"
40241,RX,0x181,6,0x40,0x40,0x11,0x43,0x80,0x00,0x0B,,"Status word = 0x4311"
40248,RX,0x181,4,0x30,0x30,0x00,0x00,0x01,,,,"Speed feedback = 0 rpm"
40254,TX,0x201,3,0x90,0x90,0x00,0x00,,,,,"Set torque = 0"
40280,TX,0x201,3,0x90,0x90,0x00,0x00,,,,,"Set torque = 0"
40306,TX,0x201,3,0x90,0x90,0x00,0x00,,,,,"Set torque = 0"
40332,TX,0x201,3,0x90,0x90,0x00,0x00,,,,,"Set torque = 0"
40341,RX,0x181,6,0x40,0x40,0x11,0x43,0x80,0x00,0x0B,,"Status word = 0x4311"
40347,RX,0x181,4,0x30,0x30,0x00,0x00,0x01,,,,"Speed feedback = 0 rpm"
40358,TX,0x201,3,0x90,0x90,0x00,0x00,,,,,"Set torque = 0"
40384,TX,0x201,3,0x90,0x90,0x00,0x00,,,,,"Set torque = 0"
40410,TX,0x201,3,0x90,0x90,0x00,0x00,,,,,"Set torque = 0"
40436,TX,0x201,3,0x90,0x90,0x00,0x00,,,,,"Set torque = 0"
40442,RX,0x181,6,0x40,0x40,0x11,0x43,0x80,0x00,0x0B,,"Status word = 0x4311"
40448,RX,0x181,4,0x30,0x30,0x00,0x00,0x01,,,,"Speed feedback = 0 rpm"
40462,TX,0x201,3,0x90,0x90,0x00,0x00,,,,,"Set torque = 0"
40488,TX,0x201,3,0x90,0x90,0x00,0x00,,,,,"Set torque = 0"
40514,TX,0x201,3,0x90,0x90,0x00,0x00,,,,,"Set torque = 0"
40540,TX,0x201,3,0x90,0x90,0x00,0x00,,,,,"Set torque = 0"
40546,RX,0x181,6,0x40,0x40,0x11,0x43,0x80,0x00,0x0B,,"Status word = 0x4311"
40552,RX,0x181,4,0x30,0x30,0x00,0x00,0x01,,,,"Speed feedback = 0 rpm"
40566,TX,0x201,3,0x90,0x90,0x00,0x00,,,,,"Set torque = 0"
40656,RX,0x181,6,0x40,0x40,0x11,0x43,0x80,0x00,0x0B,,"Status word = 0x4311"
40662,RX,0x181,4,0x30,0x30,0x00,0x00,0x01,,,,"Speed feedback = 0 rpm"
40676,TX,0x201,3,0x90,0x90,0x00,0x00,,,,,"Set torque = 0"
40702,TX,0x201,3,0x90,0x90,0x00,0x00,,,,,"Set torque = 0"
40728,TX,0x201,3,0x90,0x90,0x00,0x00,,,,,"Set torque = 0"
40740,RX,0x181,6,0x40,0x40,0x11,0x43,0x80,0x00,0x0B,,"Status word = 0x4311"
40747,RX,0x181,4,0x30,0x30,0x00,0x00,0x01,,,,"Speed feedback = 0 rpm"
40754,TX,0x201,3,0x90,0x90,0x00,0x00,,,,,"Set torque = 0"
40780,TX,0x201,3,0x90,0x90,0x00,0x00,,,,,"Set torque = 0"
40806,TX,0x201,3,0x90,0x90,0x00,0x00,,,,,"Set torque = 0"
40832,TX,0x201,3,0x90,0x90,0x00,0x00,,,,,"Set torque = 0"
40840,RX,0x181,6,0x40,0x40,0x11,0x43,0x80,0x00,0x0B,,"Status word = 0x4311"
40847,RX,0x181,4,0x30,0x30,0x00,0x00,0x01,,,,"Speed feedback = 0 rpm"
40858,TX,0x201,3,0x90,0x90,0x00,0x00,,,,,"Set torque = 0"
40884,TX,0x201,3,0x90,0x90,0x00,0x00,,,,,"Set torque = 0"
40910,TX,0x201,3,0x90,0x90,0x00,0x00,,,,,"Set torque = 0"
40936,TX,0x201,3,0x90,0x90,0x00,0x00,,,,,"Set torque = 0"
40942,RX,0x181,6,0x40,0x40,0x11,0x43,0x80,0x00,0x0B,,"Status word = 0x4311"
40948,RX,0x181,4,0x30,0x30,0x00,0x00,0x01,,,,"Speed feedback = 0 rpm"
40962,TX,0x201,3,0x90,0x90,0x00,0x00,,,,,"Set torque = 0"
40988,TX,0x201,3,0x90,0x90,0x00,0x00,,,,,"Set torque = 0"
41014,TX,0x201,3,0x90,0x90,0x00,0x00,,,,,"Set torque = 0"
41039,RX,0x181,6,0x40,0x40,0x11,0x43,0x80,0x00,0x0B,,"Status word = 0x4311"
41046,TX,0x201,3,0x90,0x90,0x00,0x00,,,,,"Set torque = 0"
41140,RX,0x181,4,0x30,0x30,0x00,0x00,0x01,,,,"Speed feedback = 0 rpm"
41146,RX,0x181,6,0x40,0x40,0x11,0x43,0x80,0x00,0x0B,,"Status word = 0x4311"
41152,RX,0x181,4,0x30,0x30,0x00,0x00,0x01,,,,"Speed feedback = 0 rpm"
41160,TX,0x201,3,0x90,0x90,0x00,0x00,,,,,"Set torque = 0"
41186,TX,0x201,3,0x90,0x90,0x00,0x00,,,,,"Set torque = 0"
41212,TX,0x201,3,0x90,0x90,0x00,0x00,,,,,"Set torque = 0"
41238,TX,0x201,3,0x90,0x90,0x00,0x00,,,,,"Set torque = 0"
41244,RX,0x181,6,0x40,0x40,0x11,0x43,0x80,0x00,0x0B,,"Status word = 0x4311"
41250,RX,0x181,4,0x30,0x30,0x00,0x00,0x01,,,,"Speed feedback = 0 rpm"
41264,TX,0x201,3,0x90,0x90,0x00,0x00,,,,,"Set torque = 0"
41290,TX,0x201,3,0x90,0x90,0x00,0x00,,,,,"Set torque = 0"
41316,TX,0x201,3,0x90,0x90,0x00,0x00,,,,,"Set torque = 0"
41339,RX,0x181,6,0x40,0x40,0x11,0x43,0x80,0x00,0x0B,,"Status word = 0x4311"
41345,TX,0x201,3,0x90,0x90,0x00,0x00,,,,,"Set torque = 0"
41351,RX,0x181,4,0x30,0x30,0x00,0x00,0x01,,,,"Speed feedback = 0 rpm"
41371,TX,0x201,3,0x90,0x90,0x00,0x00,,,,,"Set torque = 0"
41397,TX,0x201,3,0x90,0x90,0x00,0x00,,,,,"Set torque = 0"
41423,TX,0x201,3,0x90,0x90,0x00,0x00,,,,,"Set torque = 0"
41439,RX,0x181,6,0x40,0x40,0x11,0x43,0x80,0x00,0x0B,,"Status word = 0x4311"
41446,RX,0x181,4,0x30,0x30,0x00,0x00,0x01,,,,"Speed feedback = 0 rpm"
41452,TX,0x201,3,0x90,0x90,0x00,0x00,,,,,"Set torque = 0"
41477,TX,0x201,3,0x90,0x90,0x00,0x00,,,,,"Set torque = 0"
41503,TX,0x201,3,0x90,0x90,0x00,0x00,,,,,"Set torque = 0"
41529,TX,0x201,3,0x90,0x90,0x00,0x00,,,,,"Set torque = 0"
41623,RX,0x181,6,0x40,0x40,0x11,0x43,0x80,0x00,0x0B,,"Status word = 0x4311"
41629,RX,0x181,4,0x30,0x30,0x00,0x00,0x01,,,,"Speed feedback = 0 rpm"
41638,RX,0x181,6,0x40,0x40,0x11,0x43,0x80,0x00,0x0B,,"Status word = 0x4311"
41645,TX,0x201,3,0x90,0x90,0x00,0x00,,,,,"Set torque = 0"
41651,RX,0x181,4,0x30,0x30,0x00,0x00,0x01,,,,"Speed feedback = 0 rpm"
41671,TX,0x201,3,0x90,0x90,0x00,0x00,,,,,"Set torque = 0"
41697,TX,0x201,3,0x90,0x90,0x00,0x00,,,,,"Set torque = 0"
41723,TX,0x201,3,0x90,0x90,0x00,0x00,,,,,"Set torque = 0"
41738,RX,0x181,6,0x40,0x40,0x11,0x43,0x80,0x00,0x0B,,"Status word = 0x4311"
41745,RX,0x181,4,0x30,0x30,0x00,0x00,0x01,,,,"Speed feedback = 0 rpm"
41751,TX,0x201,3,0x90,0x90,0x00,0x00,,,,,"Set torque = 0"
41778,TX,0x201,3,0x90,0x90,0x00,0x00,,,,,"Set torque = 0"
41804,TX,0x201,3,0x90,0x90,0x00,0x00,,,,,"Set torque = 0"
41830,TX,0x201,3,0x90,0x90,0x00,0x00,,,,,"Set torque = 0"
41838,RX,0x181,6,0x40,0x40,0x11,0x43,0x80,0x00,0x0B,,"Status word = 0x4311"
41845,RX,0x181,4,0x30,0x30,0x00,0x00,0x01,,,,"Speed feedback = 0 rpm"
41856,TX,0x201,3,0x90,0x90,0x00,0x00,,,,,"Set torque = 0"
41882,TX,0x201,3,0x90,0x90,0x00,0x00,,,,,"Set torque = 0"
41908,TX,0x201,3,0x90,0x90,0x00,0x00,,,,,"Set torque = 0"
41934,TX,0x201,3,0x90,0x90,0x00,0x00,,,,,"Set torque = 0"
41940,RX,0x181,6,0x40,0x40,0x11,0x43,0x80,0x00,0x0B,,"Status word = 0x4311"
41945,RX,0x181,4,0x30,0x30,0x00,0x00,0x01,,,,"Speed feedback = 0 rpm"
41960,TX,0x201,3,0x90,0x90,0x00,0x00,,,,,"Set torque = 0"
41986,TX,0x201,3,0x90,0x90,0x00,0x00,,,,,"Set torque = 0"
42082,RX,0x181,6,0x40,0x40,0x11,0x43,0x80,0x00,0x0B,,"Status word = 0x4311"
42088,RX,0x181,4,0x30,0x30,0x00,0x00,0x01,,,,"Speed feedback = 0 rpm"
42102,TX,0x201,3,0x90,0x90,0x00,0x00,,,,,"Set torque = 0"
42128,TX,0x201,3,0x90,0x90,0x00,0x00,,,,,"Set torque = 0"
42138,RX,0x181,6,0x40,0x40,0x11,0x43,0x80,0x00,0x0B,,"Status word = 0x4311"
42145,RX,0x181,4,0x30,0x30,0x00,0x00,0x01,,,,"Speed feedback = 0 rpm"
42154,TX,0x201,3,0x90,0x90,0x00,0x00,,,,,"Set torque = 0"
42180,TX,0x201,3,0x90,0x90,0x00,0x00,,,,,"Set torque = 0"
42206,TX,0x201,3,0x90,0x90,0x00,0x00,,,,,"Set torque = 0"
42232,TX,0x201,3,0x90,0x90,0x00,0x00,,,,,"Set torque = 0"
42238,RX,0x181,6,0x40,0x40,0x11,0x43,0x80,0x00,0x0B,,"Status word = 0x4311"
42244,RX,0x181,4,0x30,0x30,0x00,0x00,0x01,,,,"Speed feedback = 0 rpm"
42258,TX,0x201,3,0x90,0x90,0x00,0x00,,,,,"Set torque = 0"
42284,TX,0x201,3,0x90,0x90,0x00,0x00,,,,,"Set torque = 0"
42310,TX,0x201,3,0x90,0x90,0x00,0x00,,,,,"Set torque = 0"
42336,TX,0x201,3,0x90,0x90,0x00,0x00,,,,,"Set torque = 0"
42342,RX,0x181,6,0x40,0x40,0x11,0x43,0x80,0x00,0x0B,,"Status word = 0x4311"
42348,RX,0x181,4,0x30,0x30,0x00,0x00,0x01,,,,"Speed feedback = 0 rpm"
42362,TX,0x201,3,0x90,0x90,0x00,0x00,,,,,"Set torque = 0"
42388,TX,0x201,3,0x90,0x90,0x00,0x00,,,,,"Set torque = 0"
42415,TX,0x201,3,0x90,0x90,0x00,0x00,,,,,"Set torque = 0"
42437,RX,0x181,6,0x40,0x40,0x11,0x43,0x80,0x00,0x0B,,"Status word = 0x4311"
42443,TX,0x201,3,0x90,0x90,0x00,0x00,,,,,"Set torque = 0"
42450,RX,0x181,4,0x30,0x30,0x00,0x00,0x01,,,,"Speed feedback = 0 rpm"
42541,RX,0x181,6,0x40,0x40,0x11,0x43,0x80,0x00,0x0B,,"Status word = 0x4311"
42547,RX,0x181,4,0x30,0x30,0x00,0x00,0x01,,,,"Speed feedback = 0 rpm"
42554,TX,0x201,3,0x90,0x90,0x00,0x00,,,,,"Set torque = 0"
42580,TX,0x201,3,0x90,0x90,0x00,0x00,,,,,"Set torque = 0"
42606,TX,0x201,3,0x90,0x90,0x00,0x00,,,,,"Set torque = 0"
42632,TX,0x201,3,0x90,0x90,0x00,0x00,,,,,"Set torque = 0"
42638,RX,0x181,6,0x40,0x40,0x11,0x43,0x80,0x00,0x0B,,"Status word = 0x4311"
42644,RX,0x181,4,0x30,0x30,0x00,0x00,0x01,,,,"Speed feedback = 0 rpm"
42658,TX,0x201,3,0x90,0x90,0x00,0x00,,,,,"Set torque = 0"
42684,TX,0x201,3,0x90,0x90,0x00,0x00,,,,,"Set torque = 0"
42710,TX,0x201,3,0x90,0x90,0x00,0x00,,,,,"Set torque = 0"
42736,TX,0x201,3,0x90,0x90,0x00,0x00,,,,,"Set torque = 0"
42742,RX,0x181,6,0x40,0x40,0x11,0x43,0x80,0x00,0x0B,,"Status word = 0x4311"
42748,RX,0x181,4,0x30,0x30,0x00,0x00,0x01,,,,"Speed feedback = 0 rpm"
42762,TX,0x201,3,0x90,0x90,0x00,0x00,,,,,"Set torque = 0"
42788,TX,0x201,3,0x90,0x90,0x00,0x00,,,,,"Set torque = 0"
42814,TX,0x201,3,0x90,0x90,0x00,0x00,,,,,"Set torque = 0"
42837,RX,0x181,6,0x40,0x40,0x11,0x43,0x80,0x00,0x0B,,"Status word = 0x4311"
42843,TX,0x201,3,0x90,0x90,0x00,0x00,,,,,"Set torque = 0"
42849,RX,0x181,4,0x30,0x30,0x00,0x00,0x01,,,,"Speed feedback = 0 rpm"
42869,TX,0x201,3,0x90,0x90,0x00,0x00,,,,,"Set torque = 0"
42895,TX,0x201,3,0x90,0x90,0x00,0x00,,,,,"Set torque = 0"
42921,TX,0x201,3,0x90,0x90,0x00,0x00,,,,,"Set torque = 0"
42936,RX,0x181,6,0x40,0x40,0x11,0x43,0x80,0x00,0x0B,,"Status word = 0x4311"
43026,RX,0x181,4,0x30,0x30,0x00,0x00,0x01,,,,"Speed feedback = 0 rpm"
43032,TX,0x201,3,0x90,0x90,0x00,0x00,,,,,"Set torque = 0"
43039,RX,0x181,6,0x40,0x40,0x11,0x43,0x80,0x00,0x0B,,"Status word = 0x4311"
43045,RX,0x181,4,0x30,0x30,0x00,0x00,0x01,,,,"Speed feedback = 0 rpm"
43059,TX,0x201,3,0x90,0x90,0x00,0x00,,,,,"Set torque = 0"
43085,TX,0x201,3,0x90,0x90,0x00,0x00,,,,,"Set torque = 0"
43111,TX,0x201,3,0x90,0x90,0x00,0x00,,,,,"Set torque = 0"
43136,RX,0x181,6,0x40,0x40,0x11,0x43,0x80,0x00,0x0B,,"Status word = 0x4311"
43142,TX,0x201,3,0x90,0x90,0x00,0x00,,,,,"Set torque = 0"
43149,RX,0x181,4,0x30,0x30,0x00,0x00,0x01,,,,"Speed feedback = 0 rpm"
43169,TX,0x201,3,0x90,0x90,0x00,0x00,,,,,"Set torque = 0"
43195,TX,0x201,3,0x90,0x90,0x00,0x00,,,,,"Set torque = 0"
43221,TX,0x201,3,0x90,0x90,0x00,0x00,,,,,"Set torque = 0"
43236,RX,0x181,6,0x40,0x40,0x11,0x43,0x80,0x00,0x0B,,"Status word = 0x4311"
43243,RX,0x181,4,0x30,0x30,0x00,0x00,0x01,,,,"Speed feedback = 0 rpm"
43249,TX,0x201,3,0x90,0x90,0x00,0x00,,,,,"Set torque = 0"
43275,TX,0x201,3,0x90,0x90,0x00,0x00,,,,,"Set torque = 0"
43301,TX,0x201,3,0x90,0x90,0x00,0x00,,,,,"Set torque = 0"
43327,TX,0x201,3,0x90,0x90,0x00,0x00,,,,,"Set torque = 0"
43336,RX,0x181,6,0x40,0x40,0x11,0x43,0x80,0x00,0x0B,,"Status word = 0x4311"
43343,RX,0x181,4,0x30,0x30,0x00,0x00,0x01,,,,"Speed feedback = 0 rpm"
43353,TX,0x201,3,0x90,0x90,0x00,0x00,,,,,"Set torque = 0"
43379,TX,0x201,3,0x90,0x90,0x00,0x00,,,,,"Set torque = 0"
43405,TX,0x201,3,0x90,0x90,0x00,0x00,,,,,"Set torque = 0"
43494,RX,0x181,6,0x40,0x40,0x11,0x43,0x80,0x00,0x0B,,"Status word = 0x4311"
43500,RX,0x181,4,0x30,0x30,0x00,0x00,0x01,,,,"Speed feedback = 0 rpm"
43514,TX,0x201,3,0x90,0x90,0x00,0x00,,,,,"Set torque = 0"
43535,RX,0x181,6,0x40,0x40,0x11,0x43,0x80,0x00,0x0B,,"Status word = 0x4311"
43542,TX,0x201,3,0x90,0x90,0x00,0x00,,,,,"Set torque = 0"
43548,RX,0x181,4,0x30,0x30,0x00,0x00,0x01,,,,"Speed feedback = 0 rpm"
43568,TX,0x201,3,0x90,0x90,0x00,0x00,,,,,"Set torque = 0"
43594,TX,0x201,3,0x90,0x90,0x00,0x00,,,,,"Set torque = 0"
43620,TX,0x201,3,0x90,0x90,0x00,0x00,,,,,"Set torque = 0"
43635,RX,0x181,6,0x40,0x40,0x11,0x43,0x80,0x00,0x0B,,"Status word = 0x4311"
43642,RX,0x181,4,0x30,0x30,0x00,0x00,0x01,,,,"Speed feedback = 0 rpm"
43652,TX,0x201,3,0x90,0x90,0x00,0x00,,,,,"Set torque = 0"
43678,TX,0x201,3,0x90,0x90,0x00,0x00,,,,,"Set torque = 0"
43704,TX,0x201,3,0x90,0x90,0x00,0x00,,,,,"Set torque = 0"
43730,TX,0x201,3,0x90,0x90,0x00,0x00,,,,,"Set torque = 0"
43736,RX,0x181,6,0x40,0x40,0x11,0x43,0x80,0x00,0x0B,,"Status word = 0x4311"
43742,RX,0x181,4,0x30,0x30,0x00,0x00,0x01,,,,"Speed feedback = 0 rpm"
43756,TX,0x201,3,0x90,0x90,0x00,0x00,,,,,"Set torque = 0"
43782,TX,0x201,3,0x90,0x90,0x00,0x00,,,,,"Set torque = 0"
43808,TX,0x201,3,0x90,0x90,0x00,0x00,,,,,"Set torque = 0"
43834,TX,0x201,3,0x90,0x90,0x00,0x00,,,,,"Set torque = 0"
43840,RX,0x181,6,0x40,0x40,0x11,0x43,0x80,0x00,0x0B,,"Status word = 0x4311"
43846,RX,0x181,4,0x30,0x30,0x00,0x00,0x01,,,,"Speed feedback = 0 rpm"
43935,RX,0x181,6,0x40,0x40,0x11,0x43,0x80,0x00,0x0B,,"Status word = 0x4311"
43942,TX,0x201,3,0x90,0x90,0x00,0x00,,,,,"Set torque = 0"
43948,RX,0x181,4,0x30,0x30,0x00,0x00,0x01,,,,"Speed feedback = 0 rpm"
43968,TX,0x201,3,0x90,0x90,0x00,0x00,,,,,"Set torque = 0"
43994,TX,0x201,3,0x90,0x90,0x00,0x00,,,,,"Set torque = 0"
44020,TX,0x201,3,0x90,0x90,0x00,0x00,,,,,"Set torque = 0"
44035,RX,0x181,6,0x40,0x40,0x11,0x43,0x80,0x00,0x0B,,"Status word = 0x4311"
44042,RX,0x181,4,0x30,0x30,0x00,0x00,0x01,,,,"Speed feedback = 0 rpm"
44048,TX,0x201,3,0x90,0x90,0x00,0x00,,,,,"Set torque = 0"
44074,TX,0x201,3,0x90,0x90,0x00,0x00,,,,,"Set torque = 0"
44100,TX,0x201,3,0x90,0x90,0x00,0x00,,,,,"Set torque = 0"
44126,TX,0x201,3,0x90,0x90,0x00,0x00,,,,,"Set torque = 0"
44134,RX,0x181,6,0x40,0x40,0x11,0x43,0x80,0x00,0x0B,,"Status word = 0x4311"
44141,RX,0x181,4,0x30,0x30,0x00,0x00,0x01,,,,"Speed feedback = 0 rpm"
44152,TX,0x201,3,0x90,0x90,0x00,0x00,,,,,"Set torque = 0"
44178,TX,0x201,3,0x90,0x90,0x00,0x00,,,,,"Set torque = 0"
44204,TX,0x201,3,0x90,0x90,0x00,0x00,,,,,"Set torque = 0"
44230,TX,0x201,3,0x90,0x90,0x00,0x00,,,,,"Set torque = 0"
44236,RX,0x181,6,0x40,0x40,0x11,0x43,0x80,0x00,0x0B,,"Status word = 0x4311"
44242,RX,0x181,4,0x30,0x30,0x00,0x00,0x01,,,,"Speed feedback = 0 rpm"
44256,TX,0x201,3,0x90,0x90,0x00,0x00,,,,,"Set torque = 0"
44282,TX,0x201,3,0x90,0x90,0x00,0x00,,,,,"Set torque = 0"
44308,TX,0x201,3,0x90,0x90,0x00,0x00,,,,,"Set torque = 0"
44334,TX,0x201,3,0x90,0x90,0x00,0x00,,,,,"Set torque = 0"
44423,RX,0x181,6,0x40,0x40,0x11,0x43,0x80,0x00,0x0B,,"Status word = 0x4311"
44430,RX,0x181,4,0x30,0x30,0x00,0x00,0x01,,,,"Speed feedback = 0 rpm"
44436,RX,0x181,6,0x40,0x40,0x11,0x43,0x80,0x00,0x0B,,"Status word = 0x4311"
44442,RX,0x181,4,0x30,0x30,0x00,0x00,0x01,,,,"Speed feedback = 0 rpm"
44448,TX,0x201,3,0x90,0x90,0x00,0x00,,,,,"Set torque = 0"
44474,TX,0x201,3,0x90,0x90,0x00,0x00,,,,,"Set torque = 0"
44500,TX,0x201,3,0x90,0x90,0x00,0x00,,,,,"Set torque = 0"
44526,TX,0x201,3,0x90,0x90,0x00,0x00,,,,,"Set torque = 0"
44534,RX,0x181,6,0x40,0x40,0x11,0x43,0x80,0x00,0x0B,,"Status word = 0x4311"
44541,RX,0x181,4,0x30,0x30,0x00,0x00,0x01,,,,"Speed feedback = 0 rpm"
44552,TX,0x201,3,0x90,0x90,0x00,0x00,,,,,"Set torque = 0"
44578,TX,0x201,3,0x90,0x90,0x00,0x00,,,,,"Set torque = 0"
44604,TX,0x201,3,0x90,0x90,0x00,0x00,,,,,"Set torque = 0"
44630,TX,0x201,3,0x90,0x90,0x00,0x00,,,,,"Set torque = 0"
44636,RX,0x181,6,0x40,0x40,0x11,0x43,0x80,0x00,0x0B,,"Status word = 0x4311"
44642,RX,0x181,4,0x30,0x30,0x00,0x00,0x01,,,,"Speed feedback = 0 rpm"
44656,TX,0x201,3,0x90,0x90,0x00,0x00,,,,,"Set torque = 0"
44682,TX,0x201,3,0x90,0x90,0x00,0x00,,,,,"Set torque = 0"
44708,TX,0x201,3,0x90,0x90,0x00,0x00,,,,,"Set torque = 0"
44734,TX,0x201,3,0x90,0x90,0x00,0x00,,,,,"Set torque = 0"
44740,RX,0x181,6,0x40,0x40,0x11,0x43,0x80,0x00,0x0B,,"Status word = 0x4311"
44746,RX,0x181,4,0x30,0x30,0x00,0x00,0x01,,,,"Speed feedback = 0 rpm"
44760,TX,0x201,3,0x90,0x90,0x00,0x00,,,,,"Set torque = 0"
44786,TX,0x201,3,0x90,0x90,0x00,0x00,,,,,"Set torque = 0"
44875,RX,0x181,6,0x40,0x40,0x11,0x43,0x80,0x00,0x0B,,"Status word = 0x4311"
44881,RX,0x181,4,0x30,0x30,0x00,0x00,0x01,,,,"Speed feedback = 0 rpm"
44895,TX,0x201,3,0x90,0x90,0x00,0x00,,,,,"Set torque = 0"
44921,TX,0x201,3,0x90,0x90,0x00,0x00,,,,,"Set torque = 0"
44933,RX,0x181,6,0x40,0x40,0x11,0x43,0x80,0x00,0x0B,,"Status word = 0x4311"
44940,RX,0x181,4,0x30,0x30,0x00,0x00,0x01,,,,"Speed feedback = 0 rpm"
44947,TX,0x201,3,0x90,0x90,0x00,0x00,,,,,"Set torque = 0"
44973,TX,0x201,3,0x90,0x90,0x00,0x00,,,,,"Set torque = 0"
44999,TX,0x201,3,0x90,0x90,0x00,0x00,,,,,"Set torque = 0"
45025,TX,0x201,3,0x90,0x90,0x00,0x00,,,,,"Set torque = 0"
45033,RX,0x181,6,0x40,0x40,0x11,0x43,0x80,0x00,0x0B,,"Status word = 0x4311"
45040,RX,0x181,4,0x30,0x30,0x00,0x00,0x01,,,,"Speed feedback = 0 rpm"
45051,TX,0x201,3,0x90,0x90,0x00,0x00,,,,,"Set torque = 0"
45077,TX,0x201,3,0x90,0x90,0x00,0x00,,,,,"Set torque = 0"
45103,TX,0x201,3,0x90,0x90,0x00,0x00,,,,,"Set torque = 0"
45129,TX,0x201,3,0x90,0x90,0x00,0x00,,,,,"Set torque = 0"
45135,RX,0x181,6,0x40,0x40,0x11,0x43,0x80,0x00,0x0B,,"Status word = 0x4311"
45141,RX,0x181,4,0x30,0x30,0x00,0x00,0x01,,,,"Speed feedback = 0 rpm"
45155,TX,0x201,3,0x90,0x90,0x00,0x00,,,,,"Set torque = 0"
45181,TX,0x201,3,0x90,0x90,0x00,0x00,,,,,"Set torque = 0"
45207,TX,0x201,3,0x90,0x90,0x00,0x00,,,,,"Set torque = 0"
45233,TX,0x201,3,0x90,0x90,0x00,0x00,,,,,"Set torque = 0"
45239,RX,0x181,6,0x40,0x40,0x11,0x43,0x80,0x00,0x0B,,"Status word = 0x4311"
45245,RX,0x181,4,0x30,0x30,0x00,0x00,0x01,,,,"Speed feedback = 0 rpm"
45337,RX,0x181,6,0x40,0x40,0x11,0x43,0x80,0x00,0x0B,,"Status word = 0x4311"
45344,RX,0x181,4,0x30,0x30,0x00,0x00,0x01,,,,"Speed feedback = 0 rpm"
45350,TX,0x201,3,0x90,0x90,0x00,0x00,,,,,"Set torque = 0"
45376,TX,0x201,3,0x90,0x90,0x00,0x00,,,,,"Set torque = 0"
45402,TX,0x201,3,0x90,0x90,0x00,0x00,,,,,"Set torque = 0"
45428,TX,0x201,3,0x90,0x90,0x00,0x00,,,,,"Set torque = 0"
45434,RX,0x181,6,0x40,0x40,0x11,0x43,0x80,0x00,0x0B,,"Status word = 0x4311"
45440,RX,0x181,4,0x30,0x30,0x00,0x00,0x01,,,,"Speed feedback = 0 rpm"
45454,TX,0x201,3,0x90,0x90,0x00,0x00,,,,,"Set torque = 0"
45480,TX,0x201,3,0x90,0x90,0x00,0x00,,,,,"Set torque = 0"
45506,TX,0x201,3,0x90,0x90,0x00,0x00,,,,,"Set torque = 0"
45532,TX,0x201,3,0x90,0x90,0x00,0x00,,,,,"Set torque = 0"
45538,RX,0x181,6,0x40,0x40,0x11,0x43,0x80,0x00,0x0B,,"Status word = 0x4311"
45544,RX,0x181,4,0x30,0x30,0x00,0x00,0x01,,,,"Speed feedback = 0 rpm"
45558,TX,0x201,3,0x90,0x90,0x00,0x00,,,,,"Set torque = 0"
45584,TX,0x201,3,0x90,0x90,0x00,0x00,,,,,"Set torque = 0"
45610,TX,0x201,3,0x90,0x90,0x00,0x00,,,,,"Set torque = 0"
45632,RX,0x181,6,0x40,0x40,0x11,0x43,0x80,0x00,0x0B,,"Status word = 0x4311"
45638,TX,0x201,3,0x90,0x90,0x00,0x00,,,,,"Set torque = 0"
45645,RX,0x181,4,0x30,0x30,0x00,0x00,0x01,,,,"Speed feedback = 0 rpm"
45665,TX,0x201,3,0x90,0x90,0x00,0x00,,,,,"Set torque = 0"
45691,TX,0x201,3,0x90,0x90,0x00,0x00,,,,,"Set torque = 0"
45717,TX,0x201,3,0x90,0x90,0x00,0x00,,,,,"Set torque = 0"
45732,RX,0x181,6,0x40,0x40,0x11,0x43,0x80,0x00,0x0B,,"Status word = 0x4311"
45835,RX,0x181,6,0x40,0x40,0x11,0x43,0x80,0x00,0x0B,,"Status word = 0x4311"
45842,RX,0x181,4,0x30,0x30,0x00,0x00,0x01,,,,"Speed feedback = 0 rpm"
45848,RX,0x181,4,0x30,0x30,0x00,0x00,0x01,,,,"Speed feedback = 0 rpm"
45854,TX,0x201,3,0x90,0x90,0x00,0x00,,,,,"Set torque = 0"
45880,TX,0x201,3,0x90,0x90,0x00,0x00,,,,,"Set torque = 0"
45906,TX,0x201,3,0x90,0x90,0x00,0x00,,,,,"Set torque = 0"
45932,TX,0x201,3,0x90,0x90,0x00,0x00,,,,,"Set torque = 0"
45938,RX,0x181,6,0x40,0x40,0x11,0x43,0x80,0x00,0x0B,,"Status word = 0x4311"
45944,RX,0x181,4,0x30,0x30,0x00,0x00,0x01,,,,"Speed feedback = 0 rpm"
45958,TX,0x201,3,0x90,0x90,0x00,0x00,,,,,"Set torque = 0"
45984,TX,0x201,3,0x90,0x90,0x00,0x00,,,,,"Set torque = 0"
46010,TX,0x201,3,0x90,0x90,0x00,0x00,,,,,"Set torque = 0"
46031,RX,0x181,6,0x40,0x40,0x11,0x43,0x80,0x00,0x0B,,"Status word = 0x4311"
46038,TX,0x201,3,0x90,0x90,0x00,0x00,,,,,"Set torque = 0"
46044,RX,0x181,4,0x30,0x30,0x00,0x00,0x01,,,,"Speed feedback = 0 rpm"
46064,TX,0x201,3,0x90,0x90,0x00,0x00,,,,,"Set torque = 0"
46090,TX,0x201,3,0x90,0x90,0x00,0x00,,,,,"Set torque = 0"
46116,TX,0x201,3,0x90,0x90,0x00,0x00,,,,,"Set torque = 0"
46131,RX,0x181,6,0x40,0x40,0x11,0x43,0x80,0x00,0x0B,,"Status word = 0x4311"
46138,RX,0x181,4,0x30,0x30,0x00,0x00,0x01,,,,"Speed feedback = 0 rpm"
46145,TX,0x201,3,0x90,0x90,0x00,0x00,,,,,"Set torque = 0"
46171,TX,0x201,3,0x90,0x90,0x00,0x00,,,,,"Set torque = 0"
46197,TX,0x201,3,0x90,0x90,0x00,0x00,,,,,"Set torque = 0"
46223,TX,0x201,3,0x90,0x90,0x00,0x00,,,,,"Set torque = 0"
46323,RX,0x181,6,0x40,0x40,0x11,0x43,0x80,0x00,0x0B,,"Status word = 0x4311"
46329,RX,0x181,4,0x30,0x30,0x00,0x00,0x01,,,,"Speed feedback = 0 rpm"
46336,RX,0x181,6,0x40,0x40,0x11,0x43,0x80,0x00,0x0B,,"Status word = 0x4311"
46342,RX,0x181,4,0x30,0x30,0x00,0x00,0x01,,,,"Speed feedback = 0 rpm"
46348,TX,0x201,3,0x90,0x90,0x00,0x00,,,,,"Set torque = 0"
46375,TX,0x201,3,0x90,0x90,0x00,0x00,,,,,"Set torque = 0"
46401,TX,0x201,3,0x90,0x90,0x00,0x00,,,,,"Set torque = 0"
46427,TX,0x201,3,0x90,0x90,0x00,0x00,,,,,"Set torque = 0"
46433,RX,0x181,6,0x40,0x40,0x11,0x43,0x80,0x00,0x0B,,"Status word = 0x4311"
46439,RX,0x181,4,0x30,0x30,0x00,0x00,0x01,,,,"Speed feedback = 0 rpm"
46453,TX,0x201,3,0x90,0x90,0x00,0x00,,,,,"Set torque = 0"
46479,TX,0x201,3,0x90,0x90,0x00,0x00,,,,,"Set torque = 0"
46505,TX,0x201,3,0x90,0x90,0x00,0x00,,,,,"Set torque = 0"
46531,TX,0x201,3,0x90,0x90,0x00,0x00,,,,,"Set torque = 0"
46537,RX,0x181,6,0x40,0x40,0x11,0x43,0x80,0x00,0x0B,,"Status word = 0x4311"
46543,RX,0x181,4,0x30,0x30,0x00,0x00,0x01,,,,"Speed feedback = 0 rpm"
46557,TX,0x201,3,0x90,0x90,0x00,0x00,,,,,"Set torque = 0"
46583,TX,0x201,3,0x90,0x90,0x00,0x00,,,,,"Set torque = 0"
46609,TX,0x201,3,0x90,0x90,0x00,0x00,,,,,"Set torque = 0"
46631,RX,0x181,6,0x40,0x40,0x11,0x43,0x80,0x00,0x0B,,"Status word = 0x4311"
46637,TX,0x201,3,0x90,0x90,0x00,0x00,,,,,"Set torque = 0"
46643,RX,0x181,4,0x30,0x30,0x00,0x00,0x01,,,,"Speed feedback = 0 rpm"
46663,TX,0x201,3,0x90,0x90,0x00,0x00,,,,,"Set torque = 0"
46689,TX,0x201,3,0x90,0x90,0x00,0x00,,,,,"Set torque = 0"
46828,RX,0x181,6,0x40,0x40,0x11,0x43,0x80,0x00,0x0B,,"Status word = 0x4311"
46835,RX,0x181,6,0x40,0x40,0x11,0x43,0x80,0x00,0x0B,,"Status word = 0x4311"
46841,RX,0x181,4,0x30,0x30,0x00,0x00,0x01,,,,"Speed feedback = 0 rpm"
46847,RX,0x181,4,0x30,0x30,0x00,0x00,0x01,,,,"Speed feedback = 0 rpm"
46853,TX,0x201,3,0x90,0x90,0x00,0x00,,,,,"Set torque = 0"
46879,TX,0x201,3,0x90,0x90,0x00,0x00,,,,,"Set torque = 0"
46905,TX,0x201,3,0x90,0x90,0x00,0x00,,,,,"Set torque = 0"
46930,RX,0x181,6,0x40,0x40,0x11,0x43,0x80,0x00,0x0B,,"Status word = 0x4311"
46936,TX,0x201,3,0x90,0x90,0x00,0x00,,,,,"Set torque = 0"
46942,RX,0x181,4,0x30,0x30,0x00,0x00,0x01,,,,"Speed feedback = 0 rpm"
46962,TX,0x201,3,0x90,0x90,0x00,0x00,,,,,"Set torque = 0"
46988,TX,0x201,3,0x90,0x90,0x00,0x00,,,,,"Set torque = 0"
47014,TX,0x201,3,0x90,0x90,0x00,0x00,,,,,"Set torque = 0"
47030,RX,0x181,6,0x40,0x40,0x11,0x43,0x80,0x00,0x0B,,"Status word = 0x4311"
47037,RX,0x181,4,0x30,0x30,0x00,0x00,0x01,,,,"Speed feedback = 0 rpm"
47043,TX,0x201,3,0x90,0x90,0x00,0x00,,,,,"Set torque = 0"
47070,TX,0x201,3,0x90,0x90,0x00,0x00,,,,,"Set torque = 0"
47096,TX,0x201,3,0x90,0x90,0x00,0x00,,,,,"Set torque = 0"
47122,TX,0x201,3,0x90,0x90,0x00,0x00,,,,,"Set torque = 0"
47130,RX,0x181,6,0x40,0x40,0x11,0x43,0x80,0x00,0x0B,,"Status word = 0x4311"
47137,RX,0x181,4,0x30,0x30,0x00,0x00,0x01,,,,"Speed feedback = 0 rpm"
47148,TX,0x201,3,0x90,0x90,0x00,0x00,,,,,"Set torque = 0"
47174,TX,0x201,3,0x90,0x90,0x00,0x00,,,,,"Set torque = 0"
47200,TX,0x201,3,0x90,0x90,0x00,0x00,,,,,"Set torque = 0"
47258,RX,0x181,6,0x40,0x40,0x11,0x43,0x80,0x00,0x0B,,"Status word = 0x4311"
47264,RX,0x181,4,0x30,0x30,0x00,0x00,0x01,,,,"Speed feedback = 0 rpm"
47278,TX,0x201,3,0x90,0x90,0x00,0x00,,,,,"Set torque = 0"
47304,TX,0x201,3,0x90,0x90,0x00,0x00,,,,,"Set torque = 0"
47329,RX,0x181,6,0x40,0x40,0x11,0x43,0x80,0x00,0x0B,,"Status word = 0x4311"
47336,TX,0x201,3,0x90,0x90,0x00,0x00,,,,,"Set torque = 0"
47342,RX,0x181,4,0x30,0x30,0x00,0x00,0x01,,,,"Speed feedback = 0 rpm"
47362,TX,0x201,3,0x90,0x90,0x00,0x00,,,,,"Set torque = 0"
47388,TX,0x201,3,0x90,0x90,0x00,0x00,,,,,"Set torque = 0"
47415,TX,0x201,3,0x90,0x90,0x00,0x00,,,,,"Set torque = 0"
47429,RX,0x181,6,0x40,0x40,0x11,0x43,0x80,0x00,0x0B,,"Status word = 0x4311"
47436,RX,0x181,4,0x30,0x30,0x00,0x00,0x01,,,,"Speed feedback = 0 rpm"
47443,TX,0x201,3,0x90,0x90,0x00,0x00,,,,,"Set torque = 0"
47469,TX,0x201,3,0x90,0x90,0x00,0x00,,,,,"Set torque = 0"
47495,TX,0x201,3,0x90,0x90,0x00,0x00,,,,,"Set torque = 0"
47521,TX,0x201,3,0x90,0x90,0x00,0x00,,,,,"Set torque = 0"
47529,RX,0x181,6,0x40,0x40,0x11,0x43,0x80,0x00,0x0B,,"Status word = 0x4311"
47536,RX,0x181,4,0x30,0x30,0x00,0x00,0x01,,,,"Speed feedback = 0 rpm"
47547,TX,0x201,3,0x90,0x90,0x00,0x00,,,,,"Set torque = 0"
47573,TX,0x201,3,0x90,0x90,0x00,0x00,,,,,"Set torque = 0"
47599,TX,0x201,3,0x90,0x90,0x00,0x00,,,,,"Set torque = 0"
47625,TX,0x201,3,0x90,0x90,0x00,0x00,,,,,"Set torque = 0"
47631,RX,0x181,6,0x40,0x40,0x11,0x43,0x80,0x00,0x0B,,"Status word = 0x4311"
47720,RX,0x181,4,0x30,0x30,0x00,0x00,0x01,,,,"Speed feedback = 0 rpm"
47727,TX,0x201,3,0x90,0x90,0x00,0x00,,,,,"Set torque = 0"
47733,RX,0x181,6,0x40,0x40,0x11,0x43,0x80,0x00,0x0B,,"Status word = 0x4311"
47740,RX,0x181,4,0x30,0x30,0x00,0x00,0x01,,,,"Speed feedback = 0 rpm"
47753,TX,0x201,3,0x90,0x90,0x00,0x00,,,,,"Set torque = 0"
47779,TX,0x201,3,0x90,0x90,0x00,0x00,,,,,"Set torque = 0"
47805,TX,0x201,3,0x90,0x90,0x00,0x00,,,,,"Set torque = 0"
47829,RX,0x181,6,0x40,0x40,0x11,0x43,0x80,0x00,0x0B,,"Status word = 0x4311"
47835,TX,0x201,3,0x90,0x90,0x00,0x00,,,,,"Set torque = 0"
47841,RX,0x181,4,0x30,0x30,0x00,0x00,0x01,,,,"Speed feedback = 0 rpm"
47861,TX,0x201,3,0x90,0x90,0x00,0x00,,,,,"Set torque = 0"
47887,TX,0x201,3,0x90,0x90,0x00,0x00,,,,,"Set torque = 0"
47913,TX,0x201,3,0x90,0x90,0x00,0x00,,,,,"Set torque = 0"
47928,RX,0x181,6,0x40,0x40,0x11,0x43,0x80,0x00,0x0B,,"Status word = 0x4311"
47935,RX,0x181,4,0x30,0x30,0x00,0x00,0x01,,,,"Speed feedback = 0 rpm"
47942,TX,0x201,3,0x90,0x90,0x00,0x00,,,,,"Set torque = 0"
47968,TX,0x201,3,0x90,0x90,0x00,0x00,,,,,"Set torque = 0"
47994,TX,0x201,3,0x90,0x90,0x00,0x00,,,,,"Set torque = 0"
48020,TX,0x201,3,0x90,0x90,0x00,0x00,,,,,"Set torque = 0"
48028,RX,0x181,6,0x40,0x40,0x11,0x43,0x80,0x00,0x0B,,"Status word = 0x4311"
48035,RX,0x181,4,0x30,0x30,0x00,0x00,0x01,,,,"Speed feedback = 0 rpm"
48046,TX,0x201,3,0x90,0x90,0x00,0x00,,,,,"Set torque = 0"
48072,TX,0x201,3,0x90,0x90,0x00,0x00,,,,,"Set torque = 0"
48098,TX,0x201,3,0x90,0x90,0x00,0x00,,,,,"Set torque = 0"
48187,RX,0x181,6,0x40,0x40,0x11,0x43,0x80,0x00,0x0B,,"Status word = 0x4311"
48194,RX,0x181,4,0x30,0x30,0x00,0x00,0x01,,,,"Speed feedback = 0 rpm"
48207,TX,0x201,3,0x90,0x90,0x00,0x00,,,,,"Set torque = 0"
48228,RX,0x181,6,0x40,0x40,0x11,0x43,0x80,0x00,0x0B,,"Status word = 0x4311"
48234,TX,0x201,3,0x90,0x90,0x00,0x00,,,,,"Set torque = 0"
48240,RX,0x181,4,0x30,0x30,0x00,0x00,0x01,,,,"Speed feedback = 0 rpm"
48260,TX,0x201,3,0x90,0x90,0x00,0x00,,,,,"Set torque = 0"
48286,TX,0x201,3,0x90,0x90,0x00,0x00,,,,,"Set torque = 0"
48312,TX,0x201,3,0x90,0x90,0x00,0x00,,,,,"Set torque = 0"
48328,RX,0x181,6,0x40,0x40,0x11,0x43,0x80,0x00,0x0B,,"Status word = 0x4311"
48335,RX,0x181,4,0x30,0x30,0x00,0x00,0x01,,,,"Speed feedback = 0 rpm"
48341,TX,0x201,3,0x90,0x90,0x00,0x00,,,,,"Set torque = 0"
48367,TX,0x201,3,0x90,0x90,0x00,0x00,,,,,"Set torque = 0"
48393,TX,0x201,3,0x90,0x90,0x00,0x00,,,,,"Set torque = 0"
48419,TX,0x201,3,0x90,0x90,0x00,0x00,,,,,"Set torque = 0"
48428,RX,0x181,6,0x40,0x40,0x11,0x43,0x80,0x00,0x0B,,"Status word = 0x4311"
48435,RX,0x181,4,0x30,0x30,0x00,0x00,0x01,,,,"Speed feedback = 0 rpm"
48445,TX,0x201,3,0x90,0x90,0x00,0x00,,,,,"Set torque = 0"
48471,TX,0x201,3,0x90,0x90,0x00,0x00,,,,,"Set torque = 0"
48497,TX,0x201,3,0x90,0x90,0x00,0x00,,,,,"Set torque = 0"
48523,TX,0x201,3,0x90,0x90,0x00,0x00,,,,,"Set torque = 0"
48529,RX,0x181,6,0x40,0x40,0x11,0x43,0x80,0x00,0x0B,,"Status word = 0x4311"
48535,RX,0x181,4,0x30,0x30,0x00,0x00,0x01,,,,"Speed feedback = 0 rpm"
48549,TX,0x201,3,0x90,0x90,0x00,0x00,,,,,"Set torque = 0"
48633,RX,0x181,6,0x40,0x40,0x11,0x43,0x80,0x00,0x0B,,"Status word = 0x4311"
48642,RX,0x181,4,0x30,0x30,0x00,0x00,0x01,,,,"Speed feedback = 0 rpm"
48653,TX,0x201,3,0x90,0x90,0x00,0x00,,,,,"Set torque = 0"
48679,TX,0x201,3,0x90,0x90,0x00,0x00,,,,,"Set torque = 0"
48705,TX,0x201,3,0x90,0x90,0x00,0x00,,,,,"Set torque = 0"
48727,RX,0x181,6,0x40,0x40,0x11,0x43,0x80,0x00,0x0B,,"Status word = 0x4311"
48733,TX,0x201,3,0x90,0x90,0x00,0x00,,,,,"Set torque = 0"
48740,RX,0x181,4,0x30,0x30,0x00,0x00,0x01,,,,"Speed feedback = 0 rpm"
48760,TX,0x201,3,0x90,0x90,0x00,0x00,,,,,"Set torque = 0"
48786,TX,0x201,3,0x90,0x90,0x00,0x00,,,,,"Set torque = 0"
48812,TX,0x201,3,0x90,0x90,0x00,0x00,,,,,"Set torque = 0"
48827,RX,0x181,6,0x40,0x40,0x11,0x43,0x80,0x00,0x0B,,"Status word = 0x4311"
48834,RX,0x181,4,0x30,0x30,0x00,0x00,0x01,,,,"Speed feedback = 0 rpm"
48840,TX,0x201,3,0x90,0x90,0x00,0x00,,,,,"Set torque = 0"
48866,TX,0x201,3,0x90,0x90,0x00,0x00,,,,,"Set torque = 0"
48892,TX,0x201,3,0x90,0x90,0x00,0x00,,,,,"Set torque = 0"
48918,TX,0x201,3,0x90,0x90,0x00,0x00,,,,,"Set torque = 0"
48927,RX,0x181,6,0x40,0x40,0x11,0x43,0x80,0x00,0x0B,,"Status word = 0x4311"
48934,RX,0x181,4,0x30,0x30,0x00,0x00,0x01,,,,"Speed feedback = 0 rpm"
48944,TX,0x201,3,0x90,0x90,0x00,0x00,,,,,"Set torque = 0"
48970,TX,0x201,3,0x90,0x90,0x00,0x00,,,,,"Set torque = 0"
48996,TX,0x201,3,0x90,0x90,0x00,0x00,,,,,"Set torque = 0"
49022,TX,0x201,3,0x90,0x90,0x00,0x00,,,,,"Set torque = 0"
49105,RX,0x181,6,0x40,0x40,0x11,0x43,0x80,0x00,0x0B,,"Status word = 0x4311"
49111,RX,0x181,4,0x30,0x30,0x00,0x00,0x01,,,,"Speed feedback = 0 rpm"
49125,TX,0x201,3,0x90,0x90,0x00,0x00,,,,,"Set torque = 0"
49131,RX,0x181,6,0x40,0x40,0x11,0x43,0x80,0x00,0x0B,,"Status word = 0x4311"
49137,RX,0x181,4,0x30,0x30,0x00,0x00,0x01,,,,"Speed feedback = 0 rpm"
49151,TX,0x201,3,0x90,0x90,0x00,0x00,,,,,"Set torque = 0"
49177,TX,0x201,3,0x90,0x90,0x00,0x00,,,,,"Set torque = 0"
49203,TX,0x201,3,0x90,0x90,0x00,0x00,,,,,"Set torque = 0"
49226,RX,0x181,6,0x40,0x40,0x11,0x43,0x80,0x00,0x0B,,"Status word = 0x4311"
49233,TX,0x201,3,0x90,0x90,0x00,0x00,,,,,"Set torque = 0"
49239,RX,0x181,4,0x30,0x30,0x00,0x00,0x01,,,,"Speed feedback = 0 rpm"
49259,TX,0x201,3,0x90,0x90,0x00,0x00,,,,,"Set torque = 0"
49285,TX,0x201,3,0x90,0x90,0x00,0x00,,,,,"Set torque = 0"
49311,TX,0x201,3,0x90,0x90,0x00,0x00,,,,,"Set torque = 0"
49326,RX,0x181,6,0x40,0x40,0x11,0x43,0x80,0x00,0x0B,,"Status word = 0x4311"
49333,RX,0x181,4,0x30,0x30,0x00,0x00,0x01,,,,"Speed feedback = 0 rpm"
49339,TX,0x201,3,0x90,0x90,0x00,0x00,,,,,"Set torque = 0"
49366,TX,0x201,3,0x90,0x90,0x00,0x00,,,,,"Set torque = 0"
49392,TX,0x201,3,0x90,0x90,0x00,0x00,,,,,"Set torque = 0"
49418,TX,0x201,3,0x90,0x90,0x00,0x00,,,,,"Set torque = 0"
49426,RX,0x181,6,0x40,0x40,0x11,0x43,0x80,0x00,0x0B,,"Status word = 0x4311"
49433,RX,0x181,4,0x30,0x30,0x00,0x00,0x01,,,,"Speed feedback = 0 rpm"
49444,TX,0x201,3,0x90,0x90,0x00,0x00,,,,,"Set torque = 0"
49470,TX,0x201,3,0x90,0x90,0x00,0x00,,,,,"Set torque = 0"
49555,RX,0x181,6,0x40,0x40,0x11,0x43,0x80,0x00,0x0B,,"Status word = 0x4311"
49561,RX,0x181,4,0x30,0x30,0x00,0x00,0x01,,,,"Speed feedback = 0 rpm"
49575,TX,0x201,3,0x90,0x90,0x00,0x00,,,,,"Set torque = 0"
49601,TX,0x201,3,0x90,0x90,0x00,0x00,,,,,"Set torque = 0"
49626,RX,0x181,6,0x40,0x40,0x11,0x43,0x80,0x00,0x0B,,"Status word = 0x4311"
49632,TX,0x201,3,0x90,0x90,0x00,0x00,,,,,"Set torque = 0"
49639,RX,0x181,4,0x30,0x30,0x00,0x00,0x01,,,,"Speed feedback = 0 rpm"
49659,TX,0x201,3,0x90,0x90,0x00,0x00,,,,,"Set torque = 0"
49685,TX,0x201,3,0x90,0x90,0x00,0x00,,,,,"Set torque = 0"
49711,TX,0x201,3,0x90,0x90,0x00,0x00,,,,,"Set torque = 0"
49726,RX,0x181,6,0x40,0x40,0x11,0x43,0x80,0x00,0x0B,,"Status word = 0x4311"
49733,RX,0x181,4,0x30,0x30,0x00,0x00,0x01,,,,"Speed feedback = 0 rpm"
49739,TX,0x201,3,0x90,0x90,0x00,0x00,,,,,"Set torque = 0"
49765,TX,0x201,3,0x90,0x90,0x00,0x00,,,,,"Set torque = 0"
49791,TX,0x201,3,0x90,0x90,0x00,0x00,,,,,"Set torque = 0"
49817,TX,0x201,3,0x90,0x90,0x00,0x00,,,,,"Set torque = 0"
49825,RX,0x181,6,0x40,0x40,0x11,0x43,0x80,0x00,0x0B,,"Status word = 0x4311"
49832,RX,0x181,4,0x30,0x30,0x00,0x00,0x01,,,,"Speed feedback = 0 rpm"
49843,TX,0x201,3,0x90,0x90,0x00,0x00,,,,,"Set torque = 0"
49869,TX,0x201,3,0x90,0x90,0x00,0x00,,,,,"Set torque = 0"
49895,TX,0x201,3,0x90,0x90,0x00,0x00,,,,,"Set torque = 0"
49921,TX,0x201,3,0x90,0x90,0x00,0x00,,,,,"Set torque = 0"
49927,RX,0x181,6,0x40,0x40,0x11,0x43,0x80,0x00,0x0B,,"Status word = 0x4311"
49933,RX,0x181,4,0x30,0x30,0x00,0x00,0x01,,,,"Speed feedback = 0 rpm"
50018,TX,0x201,3,0x90,0x90,0x00,0x00,,,,,"Set torque = 0"
50025,RX,0x181,6,0x40,0x40,0x11,0x43,0x80,0x00,0x0B,,"Status word = 0x4311"
50032,RX,0x181,4,0x30,0x30,0x00,0x00,0x01,,,,"Speed feedback = 0 rpm"
50044,TX,0x201,3,0x90,0x90,0x00,0x00,,,,,"Set torque = 0"
50070,TX,0x201,3,0x90,0x90,0x00,0x00,,,,,"Set torque = 0"
50096,TX,0x201,3,0x90,0x90,0x00,0x00,,,,,"Set torque = 0"
50122,TX,0x201,3,0x90,0x90,0x00,0x00,,,,,"Set torque = 0"
50128,RX,0x181,6,0x40,0x40,0x11,0x43,0x80,0x00,0x0B,,"Status word = 0x4311"
50134,RX,0x181,4,0x30,0x30,0x00,0x00,0x01,,,,"Speed feedback = 0 rpm"
50148,TX,0x201,3,0x90,0x90,0x00,0x00,,,,,"Set torque = 0"
50174,TX,0x201,3,0x90,0x90,0x00,0x00,,,,,"Set torque = 0"
50200,TX,0x201,3,0x90,0x90,0x00,0x00,,,,,"Set torque = 0"
50225,RX,0x181,6,0x40,0x40,0x11,0x43,0x80,0x00,0x0B,,"Status word = 0x4311"
50231,TX,0x201,3,0x90,0x90,0x00,0x00,,,,,"Set torque = 0"
50237,RX,0x181,4,0x30,0x30,0x00,0x00,0x01,,,,"Speed feedback = 0 rpm"
50257,TX,0x201,3,0x90,0x90,0x00,0x00,,,,,"Set torque = 0"
50283,TX,0x201,3,0x90,0x90,0x00,0x00,,,,,"Set torque = 0"
50309,TX,0x201,3,0x90,0x90,0x00,0x00,,,,,"Set torque = 0"
50325,RX,0x181,6,0x40,0x40,0x11,0x43,0x80,0x00,0x0B,,"Status word = 0x4311"
50332,RX,0x181,4,0x30,0x30,0x00,0x00,0x01,,,,"Speed feedback = 0 rpm"
50338,TX,0x201,3,0x90,0x90,0x00,0x00,,,,,"Set torque = 0"
50364,TX,0x201,3,0x90,0x90,0x00,0x00,,,,,"Set torque = 0"
50390,TX,0x201,3,0x90,0x90,0x00,0x00,,,,,"Set torque = 0"
50416,TX,0x201,3,0x90,0x90,0x00,0x00,,,,,"Set torque = 0"
50502,RX,0x181,6,0x40,0x40,0x11,0x43,0x80,0x00,0x0B,,"Status word = 0x4311"
50508,RX,0x181,4,0x30,0x30,0x00,0x00,0x01,,,,"Speed feedback = 0 rpm"
50522,TX,0x201,3,0x90,0x90,0x00,0x00,,,,,"Set torque = 0"
50528,RX,0x181,6,0x40,0x40,0x11,0x43,0x80,0x00,0x0B,,"Status word = 0x4311"
50534,RX,0x181,4,0x30,0x30,0x00,0x00,0x01,,,,"Speed feedback = 0 rpm"
50548,TX,0x201,3,0x90,0x90,0x00,0x00,,,,,"Set torque = 0"
50574,TX,0x201,3,0x90,0x90,0x00,0x00,,,,,"Set torque = 0"
50600,TX,0x201,3,0x90,0x90,0x00,0x00,,,,,"Set torque = 0"
50624,RX,0x181,6,0x40,0x40,0x11,0x43,0x80,0x00,0x0B,,"Status word = 0x4311"
50630,TX,0x201,3,0x90,0x90,0x00,0x00,,,,,"Set torque = 0"
50637,RX,0x181,4,0x30,0x30,0x00,0x00,0x01,,,,"Speed feedback = 0 rpm"
50657,TX,0x201,3,0x90,0x90,0x00,0x00,,,,,"Set torque = 0"
50683,TX,0x201,3,0x90,0x90,0x00,0x00,,,,,"Set torque = 0"
50709,TX,0x201,3,0x90,0x90,0x00,0x00,,,,,"Set torque = 0"
50724,RX,0x181,6,0x40,0x40,0x11,0x43,0x80,0x00,0x0B,,"Status word = 0x4311"
50731,RX,0x181,4,0x30,0x30,0x00,0x00,0x01,,,,"Speed feedback = 0 rpm"
50737,TX,0x201,3,0x90,0x90,0x00,0x00,,,,,"Set torque = 0"
50763,TX,0x201,3,0x90,0x90,0x00,0x00,,,,,"Set torque = 0"
50789,TX,0x201,3,0x90,0x90,0x00,0x00,,,,,"Set torque = 0"
50815,TX,0x201,3,0x90,0x90,0x00,0x00,,,,,"Set torque = 0"
50824,RX,0x181,6,0x40,0x40,0x11,0x43,0x80,0x00,0x0B,,"Status word = 0x4311"
50831,RX,0x181,4,0x30,0x30,0x00,0x00,0x01,,,,"Speed feedback = 0 rpm"
50841,TX,0x201,3,0x90,0x90,0x00,0x00,,,,,"Set torque = 0"
50867,TX,0x201,3,0x90,0x90,0x00,0x00,,,,,"Set torque = 0"
50950,RX,0x181,6,0x40,0x40,0x11,0x43,0x80,0x00,0x0B,,"Status word = 0x4311"
50956,RX,0x181,4,0x30,0x30,0x00,0x00,0x01,,,,"Speed feedback = 0 rpm"
50970,TX,0x201,3,0x90,0x90,0x00,0x00,,,,,"Set torque = 0"
50996,TX,0x201,3,0x90,0x90,0x00,0x00,,,,,"Set torque = 0"
51022,TX,0x201,3,0x90,0x90,0x00,0x00,,,,,"Set torque = 0"
51028,RX,0x181,6,0x40,0x40,0x11,0x43,0x80,0x00,0x0B,,"Status word = 0x4311"
51034,RX,0x181,4,0x30,0x30,0x00,0x00,0x01,,,,"Speed feedback = 0 rpm"
51048,TX,0x201,3,0x90,0x90,0x45,0x02,,,,,"Set torque = 581"
51074,TX,0x201,3,0x90,0x90,0xB2,0x06,,,,,"Set torque = 1714"
51100,TX,0x201,3,0x90,0x90,0x68,0x0A,,,,,"Set torque = 2664"
51123,RX,0x181,6,0x40,0x40,0x11,0x43,0x80,0x00,0x0B,,"Status word = 0x4311"
51130,TX,0x201,3,0x90,0x90,0xD7,0x0B,,,,,"Set torque = 3031"
51136,RX,0x181,4,0x30,0x30,0x00,0x00,0x01,,,,"Speed feedback = 0 rpm"
51156,TX,0x201,3,0x90,0x90,0xAE,0x0C,,,,,"Set torque = 3246"
51182,TX,0x201,3,0x90,0x90,0x28,0x0D,,,,,"Set torque = 3368"
51208,TX,0x201,3,0x90,0x90,0xE0,0x0D,,,,,"Set torque = 3552"
51223,RX,0x181,6,0x40,0x40,0x11,0x41,0x80,0x00,0x0B,,"Status word = 0x4111"
51230,RX,0x181,4,0x30,0x30,0x9F,0x00,0x01,,,,"Speed feedback = 159 rpm"
51236,TX,0x201,3,0x90,0x90,0xDD,0x10,,,,,"Set torque = 4317"
51263,TX,0x201,3,0x90,0x90,0xFA,0x13,,,,,"Set torque = 5114"
51289,TX,0x201,3,0x90,0x90,0x90,0x17,,,,,"Set torque = 6032"
51315,TX,0x201,3,0x90,0x90,0x00,0x19,,,,,"Set torque = 6400"
51323,RX,0x181,6,0x40,0x40,0x11,0x41,0x80,0x02,0x0B,,"Status word = 0x4111"
51330,RX,0x181,4,0x30,0x30,0x46,0x03,0x01,,,,"Speed feedback = 838 rpm"
51409,TX,0x201,3,0x90,0x90,0x27,0x1B,,,,,"Set torque = 6951"
51423,RX,0x181,6,0x40,0x40,0x11,0x41,0x80,0x02,0x0B,,"Status word = 0x4111"
51430,RX,0x181,4,0x30,0x30,0x9D,0x05,0x01,,,,"Speed feedback = 1437 rpm"
51436,TX,0x201,3,0x90,0x90,0x7A,0x19,,,,,"Set torque = 6522"
51462,TX,0x201,3,0x90,0x90,0x51,0x1A,,,,,"Set torque = 6737"
51488,TX,0x201,3,0x90,0x90,0xB8,0x19,,,,,"Set torque = 6584"
51514,TX,0x201,3,0x90,0x90,0x8E,0x1A,,,,,"Set torque = 6798"
51523,RX,0x181,6,0x40,0x40,0x11,0x41,0x80,0x02,0x0B,,"Status word = 0x4111"
51530,RX,0x181,4,0x30,0x30,0x2D,0x07,0x01,,,,"Speed feedback = 1837 rpm"
51540,TX,0x201,3,0x90,0x90,0xC3,0x18,,,,,"Set torque = 6339"
51566,TX,0x201,3,0x90,0x90,0x51,0x1A,,,,,"Set torque = 6737"
51592,TX,0x201,3,0x90,0x90,0x13,0x1A,,,,,"Set torque = 6675"
51618,TX,0x201,3,0x90,0x90,0xB8,0x19,,,,,"Set torque = 6584"
51624,RX,0x181,6,0x40,0x40,0x11,0x41,0x80,0x02,0x0B,,"Status word = 0x4111"
51630,RX,0x181,4,0x30,0x30,0xB5,0x06,0x01,,,,"Speed feedback = 1717 rpm"
51644,TX,0x201,3,0x90,0x90,0x3D,0x19,,,,,"Set torque = 6461"
51670,TX,0x201,3,0x90,0x90,0x6F,0x1A,,,,,"Set torque = 6767"
51696,TX,0x201,3,0x90,0x90,0x13,0x1A,,,,,"Set torque = 6675"
51722,TX,0x201,3,0x90,0x90,0x51,0x1A,,,,,"Set torque = 6737"
51728,RX,0x181,6,0x40,0x40,0x11,0x41,0x80,0x02,0x0B,,"Status word = 0x4111"
51734,RX,0x181,4,0x30,0x30,0x05,0x07,0x01,,,,"Speed feedback = 1797 rpm"
51748,TX,0x201,3,0x90,0x90,0x13,0x1A,,,,,"Set torque = 6675"
51774,TX,0x201,3,0x90,0x90,0x8E,0x1A,,,,,"Set torque = 6798"
51800,TX,0x201,3,0x90,0x90,0xB8,0x19,,,,,"Set torque = 6584"
51880,RX,0x181,6,0x40,0x40,0x11,0x41,0x80,0x02,0x0B,,"Status word = 0x4111"
51886,RX,0x181,4,0x30,0x30,0x2D,0x07,0x01,,,,"Speed feedback = 1837 rpm"
51900,TX,0x201,3,0x90,0x90,0xCB,0x1A,,,,,"Set torque = 6859"
51922,RX,0x181,6,0x40,0x40,0x11,0x41,0x80,0x02,0x0B,,"Status word = 0x4111"
51928,TX,0x201,3,0x90,0x90,0x51,0x1A,,,,,"Set torque = 6737"
51935,RX,0x181,4,0x30,0x30,0x7D,0x07,0x01,,,,"Speed feedback = 1917 rpm"
51955,TX,0x201,3,0x90,0x90,0x8E,0x1A,,,,,"Set torque = 6798"
51981,TX,0x201,3,0x90,0x90,0x8E,0x1A,,,,,"Set torque = 6798"
52007,TX,0x201,3,0x90,0x90,0x99,0x19,,,,,"Set torque = 6553"
52022,RX,0x181,6,0x40,0x40,0x11,0x41,0x80,0x02,0x0B,,"Status word = 0x4111"
52029,RX,0x181,4,0x30,0x30,0x55,0x07,0x01,,,,"Speed feedback = 1877 rpm"
52035,TX,0x201,3,0x90,0x90,0x99,0x19,,,,,"Set torque = 6553"
52062,TX,0x201,3,0x90,0x90,0xB8,0x19,,,,,"Set torque = 6584"
52088,TX,0x201,3,0x90,0x90,0x6F,0x1A,,,,,"Set torque = 6767"
52114,TX,0x201,3,0x90,0x90,0x1E,0x19,,,,,"Set torque = 6430"
52122,RX,0x181,6,0x40,0x40,0x11,0x41,0x80,0x02,0x0B,,"Status word = 0x4111"
52129,RX,0x181,4,0x30,0x30,0x55,0x07,0x01,,,,"Speed feedback = 1877 rpm"
52140,TX,0x201,3,0x90,0x90,0x8E,0x1A,,,,,"Set torque = 6798"
52166,TX,0x201,3,0x90,0x90,0xCE,0x17,,,,,"Set torque = 6094"
52192,TX,0x201,3,0x90,0x90,0xE1,0x18,,,,,"Set torque = 6369"
52218,TX,0x201,3,0x90,0x90,0x8E,0x1A,,,,,"Set torque = 6798"
52224,RX,0x181,6,0x40,0x40,0x11,0x41,0x80,0x02,0x0B,,"Status word = 0x4111"
52231,RX,0x181,4,0x30,0x30,0x05,0x07,0x01,,,,"Speed feedback = 1797 rpm"
52244,TX,0x201,3,0x90,0x90,0x6F,0x1A,,,,,"Set torque = 6767"
52326,RX,0x181,6,0x40,0x40,0x11,0x41,0x80,0x02,0x0B,,"Status word = 0x4111"
52333,RX,0x181,4,0x30,0x30,0xDD,0x06,0x01,,,,"Speed feedback = 1757 rpm"
52346,TX,0x201,3,0x90,0x90,0x08,0x1B,,,,,"Set torque = 6920"
52372,TX,0x201,3,0x90,0x90,0x13,0x1A,,,,,"Set torque = 6675"
52398,TX,0x201,3,0x90,0x90,0xF5,0x19,,,,,"Set torque = 6645"
52421,RX,0x181,6,0x40,0x40,0x11,0x41,0x80,0x02,0x0B,,"Status word = 0x4111"
52428,TX,0x201,3,0x90,0x90,0xF5,0x19,,,,,"Set torque = 6645"
52434,RX,0x181,4,0x30,0x30,0x55,0x07,0x01,,,,"Speed feedback = 1877 rpm"
52454,TX,0x201,3,0x90,0x90,0x0B,0x18,,,,,"Set torque = 6155"
52480,TX,0x201,3,0x90,0x90,0x1E,0x19,,,,,"Set torque = 6430"
52506,TX,0x201,3,0x90,0x90,0x1E,0x19,,,,,"Set torque = 6430"
52521,RX,0x181,6,0x40,0x40,0x11,0x41,0x80,0x02,0x0B,,"Status word = 0x4111"
52528,RX,0x181,4,0x30,0x30,0x2D,0x07,0x01,,,,"Speed feedback = 1837 rpm"
52534,TX,0x201,3,0x90,0x90,0x51,0x1A,,,,,"Set torque = 6737"
52561,TX,0x201,3,0x90,0x90,0xE1,0x18,,,,,"Set torque = 6369"
52587,TX,0x201,3,0x90,0x90,0x13,0x1A,,,,,"Set torque = 6675"
52613,TX,0x201,3,0x90,0x90,0x99,0x19,,,,,"Set torque = 6553"
52621,RX,0x181,6,0x40,0x40,0x11,0x41,0x80,0x02,0x0B,,"Status word = 0x4111"
52628,RX,0x181,4,0x30,0x30,0x7D,0x07,0x01,,,,"Speed feedback = 1917 rpm"
52639,TX,0x201,3,0x90,0x90,0x8E,0x1A,,,,,"Set torque = 6798"
52665,TX,0x201,3,0x90,0x90,0x13,0x1A,,,,,"Set torque = 6675"
52691,TX,0x201,3,0x90,0x90,0xF5,0x19,,,,,"Set torque = 6645"
52717,TX,0x201,3,0x90,0x90,0x6F,0x1A,,,,,"Set torque = 6767"
52723,RX,0x181,6,0x40,0x40,0x11,0x41,0x80,0x02,0x0B,,"Status word = 0x4111"
52808,RX,0x181,4,0x30,0x30,0x05,0x07,0x01,,,,"Speed feedback = 1797 rpm"
52814,TX,0x201,3,0x90,0x90,0x6F,0x1A,,,,,"Set torque = 6767"
52821,RX,0x181,6,0x40,0x40,0x11,0x41,0x80,0x02,0x0B,,"Status word = 0x4111"
52828,RX,0x181,4,0x30,0x30,0x05,0x07,0x01,,,,"Speed feedback = 1797 rpm"
52840,TX,0x201,3,0x90,0x90,0xB8,0x19,,,,,"Set torque = 6584"
52866,TX,0x201,3,0x90,0x90,0x99,0x19,,,,,"Set torque = 6553"
52892,TX,0x201,3,0x90,0x90,0x99,0x19,,,,,"Set torque = 6553"
52918,TX,0x201,3,0x90,0x90,0xAD,0x1A,,,,,"Set torque = 6829"
52924,RX,0x181,6,0x40,0x40,0x11,0x41,0x80,0x02,0x0B,,"Status word = 0x4111"
52930,RX,0x181,4,0x30,0x30,0xDD,0x06,0x01,,,,"Speed feedback = 1757 rpm"
52944,TX,0x201,3,0x90,0x90,0x99,0x19,,,,,"Set torque = 6553"
52970,TX,0x201,3,0x90,0x90,0x3D,0x19,,,,,"Set torque = 6461"
52996,TX,0x201,3,0x90,0x90,0x3D,0x19,,,,,"Set torque = 6461"
53020,RX,0x181,6,0x40,0x40,0x11,0x41,0x80,0x02,0x0B,,"Status word = 0x4111"
53027,TX,0x201,3,0x90,0x90,0x8E,0x1A,,,,,"Set torque = 6798"
53033,RX,0x181,4,0x30,0x30,0x2D,0x07,0x01,,,,"Speed feedback = 1837 rpm"
53053,TX,0x201,3,0x90,0x90,0x64,0x1B,,,,,"Set torque = 7012"
53079,TX,0x201,3,0x90,0x90,0xAD,0x1A,,,,,"Set torque = 6829"
53105,TX,0x201,3,0x90,0x90,0x99,0x19,,,,,"Set torque = 6553"
53120,RX,0x181,6,0x40,0x40,0x11,0x41,0x80,0x02,0x0B,,"Status word = 0x4111"
53127,RX,0x181,4,0x30,0x30,0x7D,0x07,0x01,,,,"Speed feedback = 1917 rpm"
53133,TX,0x201,3,0x90,0x90,0x64,0x1B,,,,,"Set torque = 7012"
53160,TX,0x201,3,0x90,0x90,0xB8,0x19,,,,,"Set torque = 6584"
53186,TX,0x201,3,0x90,0x90,0x3D,0x19,,,,,"Set torque = 6461"
53272,RX,0x181,6,0x40,0x40,0x11,0x41,0x80,0x02,0x0B,,"Status word = 0x4111"
53278,RX,0x181,4,0x30,0x30,0x55,0x07,0x01,,,,"Speed feedback = 1877 rpm"
53292,TX,0x201,3,0x90,0x90,0x7A,0x19,,,,,"Set torque = 6522"
53318,TX,0x201,3,0x90,0x90,0x32,0x1A,,,,,"Set torque = 6706"
53324,RX,0x181,6,0x40,0x40,0x11,0x41,0x80,0x02,0x0B,,"Status word = 0x4111"
53330,RX,0x181,4,0x30,0x30,0x2D,0x07,0x01,,,,"Speed feedback = 1837 rpm"
53344,TX,0x201,3,0x90,0x90,0x08,0x1B,,,,,"Set torque = 6920"
53370,TX,0x201,3,0x90,0x90,0xAD,0x1A,,,,,"Set torque = 6829"
53396,TX,0x201,3,0x90,0x90,0x8E,0x1A,,,,,"Set torque = 6798"
53420,RX,0x181,6,0x40,0x40,0x11,0x41,0x80,0x02,0x0B,,"Status word = 0x4111"
53426,TX,0x201,3,0x90,0x90,0xAD,0x1A,,,,,"Set torque = 6829"
53436,RX,0x181,4,0x30,0x30,0x8D,0x06,0x01,,,,"Speed feedback = 1677 rpm"
53456,TX,0x201,3,0x90,0x90,0x08,0x1B,,,,,"Set torque = 6920"
53482,TX,0x201,3,0x90,0x90,0xB8,0x19,,,,,"Set torque = 6584"
53508,TX,0x201,3,0x90,0x90,0xB8,0x19,,,,,"Set torque = 6584"
53520,RX,0x181,6,0x40,0x40,0x11,0x41,0x80,0x02,0x0B,,"Status word = 0x4111"
53527,RX,0x181,4,0x30,0x30,0x05,0x07,0x01,,,,"Speed feedback = 1797 rpm"
53534,TX,0x201,3,0x90,0x90,0xD6,0x19,,,,,"Set torque = 6614"
53560,TX,0x201,3,0x90,0x90,0x13,0x1A,,,,,"Set torque = 6675"
53586,TX,0x201,3,0x90,0x90,0x13,0x1A,,,,,"Set torque = 6675"
53612,TX,0x201,3,0x90,0x90,0xA1,0x1B,,,,,"Set torque = 7073"
53619,RX,0x181,6,0x40,0x40,0x11,0x41,0x80,0x02,0x0B,,"Status word = 0x4111"
53626,RX,0x181,4,0x30,0x30,0x05,0x07,0x01,,,,"Speed feedback = 1797 rpm"
53712,TX,0x201,3,0x90,0x90,0x6F,0x1A,,,,,"Set torque = 6767"
53719,RX,0x181,6,0x40,0x40,0x11,0x41,0x80,0x02,0x0B,,"Status word = 0x4111"
53726,RX,0x181,4,0x30,0x30,0x7D,0x07,0x01,,,,"Speed feedback = 1917 rpm"
53738,TX,0x201,3,0x90,0x90,0x99,0x19,,,,,"Set torque = 6553"
53764,TX,0x201,3,0x90,0x90,0x3D,0x19,,,,,"Set torque = 6461"
53790,TX,0x201,3,0x90,0x90,0xF5,0x19,,,,,"Set torque = 6645"
53816,TX,0x201,3,0x90,0x90,0x5C,0x19,,,,,"Set torque = 6492"
53822,RX,0x181,6,0x40,0x40,0x11,0x41,0x80,0x02,0x0B,,"Status word = 0x4111"
53828,RX,0x181,4,0x30,0x30,0x7D,0x07,0x01,,,,"Speed feedback = 1917 rpm"
53842,TX,0x201,3,0x90,0x90,0xCB,0x1A,,,,,"Set torque = 6859"
53868,TX,0x201,3,0x90,0x90,0x51,0x1A,,,,,"Set torque = 6737"
53894,TX,0x201,3,0x90,0x90,0x64,0x1B,,,,,"Set torque = 7012"
53919,RX,0x181,6,0x40,0x40,0x11,0x41,0x80,0x02,0x0B,,"Status word = 0x4111"
53925,TX,0x201,3,0x90,0x90,0x13,0x1A,,,,,"Set torque = 6675"
53931,RX,0x181,4,0x30,0x30,0x2D,0x07,0x01,,,,"Speed feedback = 1837 rpm"
53951,TX,0x201,3,0x90,0x90,0x8E,0x1A,,,,,"Set torque = 6798"
53977,TX,0x201,3,0x90,0x90,0xE1,0x18,,,,,"Set torque = 6369"
54003,TX,0x201,3,0x90,0x90,0x1E,0x19,,,,,"Set torque = 6430"
54019,RX,0x181,6,0x40,0x40,0x11,0x41,0x80,0x02,0x0B,,"Status word = 0x4111"
54026,RX,0x181,4,0x30,0x30,0x05,0x07,0x01,,,,"Speed feedback = 1797 rpm"
54032,TX,0x201,3,0x90,0x90,0x7A,0x19,,,,,"Set torque = 6522"
54058,TX,0x201,3,0x90,0x90,0x5C,0x19,,,,,"Set torque = 6492"
54084,TX,0x201,3,0x90,0x90,0x5C,0x19,,,,,"Set torque = 6492"
54110,TX,0x201,3,0x90,0x90,0x13,0x1A,,,,,"Set torque = 6675"
54193,RX,0x181,6,0x40,0x40,0x11,0x41,0x80,0x02,0x0B,,"Status word = 0x4111"
54199,RX,0x181,4,0x30,0x30,0xB5,0x06,0x01,,,,"Speed feedback = 1717 rpm"
54213,TX,0x201,3,0x90,0x90,0xEC,0x17,,,,,"Set torque = 6124"
54219,RX,0x181,6,0x40,0x40,0x11,0x41,0x80,0x02,0x0B,,"Status word = 0x4111"
54225,RX,0x181,4,0x30,0x30,0x2D,0x07,0x01,,,,"Speed feedback = 1837 rpm"
54239,TX,0x201,3,0x90,0x90,0xAF,0x17,,,,,"Set torque = 6063"
54265,TX,0x201,3,0x90,0x90,0xD0,0x14,,,,,"Set torque = 5328"
54291,TX,0x201,3,0x90,0x90,0xBC,0x13,,,,,"Set torque = 5052"
54317,TX,0x201,3,0x90,0x90,0x37,0x14,,,,,"Set torque = 5175"
54323,RX,0x181,6,0x40,0x40,0x11,0x41,0x80,0x02,0x0B,,"Status word = 0x4111"
54328,RX,0x181,4,0x30,0x30,0x2D,0x07,0x01,,,,"Speed feedback = 1837 rpm"
54343,TX,0x201,3,0x90,0x90,0x05,0x13,,,,,"Set torque = 4869"
54369,TX,0x201,3,0x90,0x90,0xFA,0x13,,,,,"Set torque = 5114"
54395,TX,0x201,3,0x90,0x90,0x7F,0x13,,,,,"Set torque = 4991"
54418,RX,0x181,6,0x40,0x40,0x11,0x41,0x80,0x02,0x0B,,"Status word = 0x4111"
54424,TX,0x201,3,0x90,0x90,0xC7,0x12,,,,,"Set torque = 4807"
54431,RX,0x181,4,0x30,0x30,0x55,0x07,0x01,,,,"Speed feedback = 1877 rpm"
54451,TX,0x201,3,0x90,0x90,0xF1,0x11,,,,,"Set torque = 4593"
54477,TX,0x201,3,0x90,0x90,0x60,0x13,,,,,"Set torque = 4960"
54503,TX,0x201,3,0x90,0x90,0x2E,0x12,,,,,"Set torque = 4654"
54518,RX,0x181,6,0x40,0x40,0x11,0x41,0x80,0x02,0x0B,,"Status word = 0x4111"
54525,RX,0x181,4,0x30,0x30,0x55,0x07,0x01,,,,"Speed feedback = 1877 rpm"
54531,TX,0x201,3,0x90,0x90,0xB1,0x14,,,,,"Set torque = 5297"
54557,TX,0x201,3,0x90,0x90,0x23,0x13,,,,,"Set torque = 4899"
54641,RX,0x181,6,0x40,0x40,0x11,0x41,0x80,0x02,0x0B,,"Status word = 0x4111"
54647,RX,0x181,4,0x30,0x30,0x05,0x07,0x01,,,,"Speed feedback = 1797 rpm"
54661,TX,0x201,3,0x90,0x90,0xBC,0x13,,,,,"Set torque = 5052"
54687,TX,0x201,3,0x90,0x90,0x60,0x13,,,,,"Set torque = 4960"
54713,TX,0x201,3,0x90,0x90,0xE6,0x12,,,,,"Set torque = 4838"
54719,RX,0x181,6,0x40,0x40,0x11,0x41,0x80,0x02,0x0B,,"Status word = 0x4111"
54725,RX,0x181,4,0x30,0x30,0x2D,0x07,0x01,,,,"Speed feedback = 1837 rpm"
54739,TX,0x201,3,0x90,0x90,0x37,0x14,,,,,"Set torque = 5175"
54765,TX,0x201,3,0x90,0x90,0x37,0x14,,,,,"Set torque = 5175"
54791,TX,0x201,3,0x90,0x90,0xE6,0x12,,,,,"Set torque = 4838"
54817,TX,0x201,3,0x90,0x90,0x05,0x13,,,,,"Set torque = 4869"
54823,RX,0x181,6,0x40,0x40,0x11,0x41,0x80,0x02,0x0B,,"Status word = 0x4111"
54829,RX,0x181,4,0x30,0x30,0x2D,0x07,0x01,,,,"Speed feedback = 1837 rpm"
54843,TX,0x201,3,0x90,0x90,0xBC,0x13,,,,,"Set torque = 5052"
54869,TX,0x201,3,0x90,0x90,0x8A,0x12,,,,,"Set torque = 4746"
54895,TX,0x201,3,0x90,0x90,0x18,0x14,,,,,"Set torque = 5144"
54917,RX,0x181,6,0x40,0x40,0x11,0x41,0x80,0x02,0x0B,,"Status word = 0x4111"
54924,TX,0x201,3,0x90,0x90,0xD0,0x14,,,,,"Set torque = 5328"
54930,RX,0x181,4,0x30,0x30,0x7D,0x07,0x01,,,,"Speed feedback = 1917 rpm"
54950,TX,0x201,3,0x90,0x90,0x05,0x13,,,,,"Set torque = 4869"
54976,TX,0x201,3,0x90,0x90,0x23,0x13,,,,,"Set torque = 4899"
55002,TX,0x201,3,0x90,0x90,0x42,0x13,,,,,"Set torque = 4930"
55017,RX,0x181,6,0x40,0x40,0x11,0x41,0x80,0x02,0x0B,,"Status word = 0x4111"
55024,RX,0x181,4,0x30,0x30,0x05,0x07,0x01,,,,"Speed feedback = 1797 rpm"
55108,TX,0x201,3,0x90,0x90,0xBC,0x13,,,,,"Set torque = 5052"
55117,RX,0x181,6,0x40,0x40,0x11,0x41,0x80,0x02,0x0B,,"Status word = 0x4111"
55124,RX,0x181,4,0x30,0x30,0x2D,0x07,0x01,,,,"Speed feedback = 1837 rpm"
55134,TX,0x201,3,0x90,0x90,0xBC,0x13,,,,,"Set torque = 5052"
55160,TX,0x201,3,0x90,0x90,0x6B,0x12,,,,,"Set torque = 4715"
55186,TX,0x201,3,0x90,0x90,0xFA,0x13,,,,,"Set torque = 5114"
55212,TX,0x201,3,0x90,0x90,0x60,0x13,,,,,"Set torque = 4960"
55218,RX,0x181,6,0x40,0x40,0x11,0x41,0x80,0x02,0x0B,,"Status word = 0x4111"
55224,RX,0x181,4,0x30,0x30,0xB5,0x06,0x01,,,,"Speed feedback = 1717 rpm"
55238,TX,0x201,3,0x90,0x90,0xC7,0x12,,,,,"Set torque = 4807"
55264,TX,0x201,3,0x90,0x90,0xE6,0x12,,,,,"Set torque = 4838"
55290,TX,0x201,3,0x90,0x90,0x60,0x13,,,,,"Set torque = 4960"
55316,TX,0x201,3,0x90,0x90,0x10,0x12,,,,,"Set torque = 4624"
55322,RX,0x181,6,0x40,0x40,0x11,0x41,0x80,0x02,0x0B,,"Status word = 0x4111"
55328,RX,0x181,4,0x30,0x30,0x55,0x07,0x01,,,,"Speed feedback = 1877 rpm"
55342,TX,0x201,3,0x90,0x90,0x2E,0x12,,,,,"Set torque = 4654"
55368,TX,0x201,3,0x90,0x90,0x58,0x11,,,,,"Set torque = 4440"
55394,TX,0x201,3,0x90,0x90,0xFA,0x13,,,,,"Set torque = 5114"
55417,RX,0x181,6,0x40,0x40,0x11,0x41,0x80,0x02,0x0B,,"Status word = 0x4111"
55423,TX,0x201,3,0x90,0x90,0x39,0x11,,,,,"Set torque = 4409"
55429,RX,0x181,4,0x30,0x30,0x55,0x07,0x01,,,,"Speed feedback = 1877 rpm"
55449,TX,0x201,3,0x90,0x90,0xD2,0x11,,,,,"Set torque = 4562"
55475,TX,0x201,3,0x90,0x90,0x77,0x11,,,,,"Set torque = 4471"
55501,TX,0x201,3,0x90,0x90,0x8D,0x0F,,,,,"Set torque = 3981"
55586,RX,0x181,6,0x40,0x40,0x11,0x41,0x80,0x02,0x0B,,"Status word = 0x4111"
55592,RX,0x181,4,0x30,0x30,0x7D,0x07,0x01,,,,"Speed feedback = 1917 rpm"
55606,TX,0x201,3,0x90,0x90,0xC4,0x0A,,,,,"Set torque = 2756"
55616,RX,0x181,6,0x40,0x40,0x11,0x41,0x80,0x02,0x0B,,"Status word = 0x4111"
55623,RX,0x181,4,0x30,0x30,0x7D,0x07,0x01,,,,"Speed feedback = 1917 rpm"
55632,TX,0x201,3,0x90,0x90,0x17,0x09,,,,,"Set torque = 2327"
55658,TX,0x201,3,0x90,0x90,0x73,0x09,,,,,"Set torque = 2419"
55684,TX,0x201,3,0x90,0x90,0xF8,0x08,,,,,"Set torque = 2296"
55710,TX,0x201,3,0x90,0x90,0xBB,0x08,,,,,"Set torque = 2235"
55716,RX,0x181,6,0x40,0x40,0x11,0x41,0x80,0x02,0x0B,,"Status word = 0x4111"
55723,RX,0x181,4,0x30,0x30,0xDD,0x06,0x01,,,,"Speed feedback = 1757 rpm"
55736,TX,0x201,3,0x90,0x90,0xA7,0x07,,,,,"Set torque = 1959"
55762,TX,0x201,3,0x90,0x90,0xFB,0x05,,,,,"Set torque = 1531"
55788,TX,0x201,3,0x90,0x90,0x43,0x05,,,,,"Set torque = 1347"
55814,TX,0x201,3,0x90,0x90,0x9F,0x05,,,,,"Set torque = 1439"
55820,RX,0x181,6,0x40,0x40,0x11,0x41,0x80,0x02,0x0B,,"Status word = 0x4111"
55826,RX,0x181,4,0x30,0x30,0x05,0x07,0x01,,,,"Speed feedback = 1797 rpm"
55840,TX,0x201,3,0x90,0x90,0x11,0x04,,,,,"Set torque = 1041"
55866,TX,0x201,3,0x90,0x90,0xD3,0x03,,,,,"Set torque = 979"
55892,TX,0x201,3,0x90,0x90,0x96,0x03,,,,,"Set torque = 918"
55916,RX,0x181,6,0x40,0x40,0x11,0x41,0x80,0x02,0x0B,,"Status word = 0x4111"
55922,TX,0x201,3,0x90,0x90,0x59,0x03,,,,,"Set torque = 857"
55928,RX,0x181,4,0x30,0x30,0x8D,0x06,0x01,,,,"Speed feedback = 1677 rpm"
55948,TX,0x201,3,0x90,0x90,0x96,0x03,,,,,"Set torque = 918"
56032,RX,0x181,6,0x40,0x40,0x11,0x41,0x80,0x02,0x0B,,"Status word = 0x4111"
56038,RX,0x181,4,0x30,0x30,0x7D,0x07,0x01,,,,"Speed feedback = 1917 rpm"
56052,TX,0x201,3,0x90,0x90,0x83,0x02,,,,,"Set torque = 643"
56078,TX,0x201,3,0x90,0x90,0xB5,0x03,,,,,"Set torque = 949"
56104,TX,0x201,3,0x90,0x90,0x3A,0x03,,,,,"Set torque = 826"
56116,RX,0x181,6,0x40,0x40,0x11,0x41,0x80,0x02,0x0B,,"Status word = 0x4111"
56122,RX,0x181,4,0x30,0x30,0x55,0x07,0x01,,,,"Speed feedback = 1877 rpm"
56130,TX,0x201,3,0x90,0x90,0xDE,0x02,,,,,"Set torque = 734"
56156,TX,0x201,3,0x90,0x90,0x50,0x01,,,,,"Set torque = 336"
56182,TX,0x201,3,0x90,0x90,0x3A,0x03,,,,,"Set torque = 826"
56208,TX,0x201,3,0x90,0x90,0xCB,0x01,,,,,"Set torque = 459"
56215,RX,0x181,6,0x40,0x40,0x11,0x41,0x80,0x02,0x0B,,"Status word = 0x4111"
56222,RX,0x181,4,0x30,0x30,0x55,0x07,0x01,,,,"Speed feedback = 1877 rpm"
56234,TX,0x201,3,0x90,0x90,0x8E,0x01,,,,,"Set torque = 398"
56260,TX,0x201,3,0x90,0x90,0xDE,0x02,,,,,"Set torque = 734"
56286,TX,0x201,3,0x90,0x90,0x08,0x02,,,,,"Set torque = 520"
56312,TX,0x201,3,0x90,0x90,0xDE,0x02,,,,,"Set torque = 734"
56318,RX,0x181,6,0x40,0x40,0x11,0x41,0x80,0x02,0x0B,,"Status word = 0x4111"
56324,RX,0x181,4,0x30,0x30,0x55,0x07,0x01,,,,"Speed feedback = 1877 rpm"
56338,TX,0x201,3,0x90,0x90,0x1C,0x03,,,,,"Set torque = 796"
56364,TX,0x201,3,0x90,0x90,0x78,0x03,,,,,"Set torque = 888"
56390,TX,0x201,3,0x90,0x90,0xAC,0x01,,,,,"Set torque = 428"
56415,RX,0x181,6,0x40,0x40,0x11,0x41,0x80,0x02,0x0B,,"Status word = 0x4111"
56421,TX,0x201,3,0x90,0x90,0x27,0x02,,,,,"Set torque = 551"
56508,RX,0x181,4,0x30,0x30,0x05,0x07,0x01,,,,"Speed feedback = 1797 rpm"
56515,RX,0x181,6,0x40,0x40,0x11,0x41,0x80,0x02,0x0B,,"Status word = 0x4111"
56522,RX,0x181,4,0x30,0x30,0x05,0x07,0x01,,,,"Speed feedback = 1797 rpm"
56528,TX,0x201,3,0x90,0x90,0x00,0x00,,,,,"Set torque = 0"
56554,TX,0x201,3,0x90,0x90,0x00,0x00,,,,,"Set torque = 0"
56580,TX,0x201,3,0x90,0x90,0x00,0x00,,,,,"Set torque = 0"
56606,TX,0x201,3,0x90,0x90,0x00,0x00,,,,,"Set torque = 0"
56615,RX,0x181,6,0x40,0x40,0x11,0x41,0x80,0x02,0x0B,,"Status word = 0x4111"
56622,RX,0x181,4,0x30,0x30,0x3D,0x06,0x01,,,,"Speed feedback = 1597 rpm"
56632,TX,0x201,3,0x90,0x90,0x00,0x00,,,,,"Set torque = 0"
56658,TX,0x201,3,0x90,0x90,0x00,0x00,,,,,"Set torque = 0"
56684,TX,0x201,3,0x90,0x90,0x00,0x00,,,,,"Set torque = 0"
56710,TX,0x201,3,0x90,0x90,0x00,0x00,,,,,"Set torque = 0"
56716,RX,0x181,6,0x40,0x40,0x11,0x41,0x80,0x02,0x0B,,"Status word = 0x4111"
56722,RX,0x181,4,0x30,0x30,0xC5,0x05,0x01,,,,"Speed feedback = 1477 rpm"
56736,TX,0x201,3,0x90,0x90,0x00,0x00,,,,,"Set torque = 0"
56762,TX,0x201,3,0x90,0x90,0x00,0x00,,,,,"Set torque = 0"
56788,TX,0x201,3,0x90,0x90,0x00,0x00,,,,,"Set torque = 0"
56814,TX,0x201,3,0x90,0x90,0x00,0x00,,,,,"Set torque = 0"
56820,RX,0x181,6,0x40,0x40,0x11,0x41,0x80,0x02,0x0B,,"Status word = 0x4111"
56826,RX,0x181,4,0x30,0x30,0x25,0x05,0x01,,,,"Speed feedback = 1317 rpm"
56840,TX,0x201,3,0x90,0x90,0x00,0x00,,,,,"Set torque = 0"
56866,TX,0x201,3,0x90,0x90,0x00,0x00,,,,,"Set torque = 0"
56892,TX,0x201,3,0x90,0x90,0x00,0x00,,,,,"Set torque = 0"
56984,RX,0x181,6,0x40,0x40,0x11,0x41,0x80,0x02,0x0B,,"Status word = 0x4111"
56990,RX,0x181,4,0x30,0x30,0x36,0x04,0x01,,,,"Speed feedback = 1078 rpm"
57004,TX,0x201,3,0x90,0x90,0x00,0x00,,,,,"Set torque = 0"
57014,RX,0x181,6,0x40,0x40,0x11,0x41,0x80,0x02,0x0B,,"Status word = 0x4111"
57021,RX,0x181,4,0x30,0x30,0x6E,0x03,0x01,,,,"Speed feedback = 878 rpm"
57031,TX,0x201,3,0x90,0x90,0x00,0x00,,,,,"Set torque = 0"
57057,TX,0x201,3,0x90,0x90,0x00,0x00,,,,,"Set torque = 0"
57083,TX,0x201,3,0x90,0x90,0x00,0x00,,,,,"Set torque = 0"
57109,TX,0x201,3,0x90,0x90,0x00,0x00,,,,,"Set torque = 0"
57115,RX,0x181,6,0x40,0x40,0x11,0x41,0x80,0x02,0x0B,,"Status word = 0x4111"
57121,RX,0x181,4,0x30,0x30,0xCE,0x02,0x01,,,,"Speed feedback = 718 rpm"
57135,TX,0x201,3,0x90,0x90,0x00,0x00,,,,,"Set torque = 0"
57161,TX,0x201,3,0x90,0x90,0x00,0x00,,,,,"Set torque = 0"
57187,TX,0x201,3,0x90,0x90,0x00,0x00,,,,,"Set torque = 0"
57213,TX,0x201,3,0x90,0x90,0x00,0x00,,,,,"Set torque = 0"
57219,RX,0x181,6,0x40,0x40,0x11,0x41,0x80,0x00,0x0B,,"Status word = 0x4111"
57225,RX,0x181,4,0x30,0x30,0x2F,0x02,0x01,,,,"Speed feedback = 559 rpm"
57239,TX,0x201,3,0x90,0x90,0x00,0x00,,,,,"Set torque = 0"
57265,TX,0x201,3,0x90,0x90,0x00,0x00,,,,,"Set torque = 0"
57291,TX,0x201,3,0x90,0x90,0x00,0x00,,,,,"Set torque = 0"
57314,RX,0x181,6,0x40,0x40,0x11,0x41,0x80,0x00,0x0B,,"Status word = 0x4111"
57320,TX,0x201,3,0x90,0x90,0x00,0x00,,,,,"Set torque = 0"
57326,RX,0x181,4,0x30,0x30,0x67,0x01,0x01,,,,"Speed feedback = 359 rpm"
57417,RX,0x181,6,0x40,0x40,0x11,0x41,0x80,0x00,0x0B,,"Status word = 0x4111"
57424,RX,0x181,4,0x30,0x30,0xEF,0x00,0x01,,,,"Speed feedback = 239 rpm"
57430,TX,0x201,3,0x90,0x90,0x00,0x00,,,,,"Set torque = 0"
57456,TX,0x201,3,0x90,0x90,0x00,0x00,,,,,"Set torque = 0"
57482,TX,0x201,3,0x90,0x90,0x00,0x00,,,,,"Set torque = 0"
57508,TX,0x201,3,0x90,0x90,0x00,0x00,,,,,"Set torque = 0"
57514,RX,0x181,6,0x40,0x40,0x11,0x41,0x80,0x00,0x0B,,"Status word = 0x4111"
57520,RX,0x181,4,0x30,0x30,0xC7,0x00,0x01,,,,"Speed feedback = 199 rpm"
57534,TX,0x201,3,0x90,0x90,0x00,0x00,,,,,"Set torque = 0"
57560,TX,0x201,3,0x90,0x90,0x00,0x00,,,,,"Set torque = 0"
57586,TX,0x201,3,0x90,0x90,0x00,0x00,,,,,"Set torque = 0"
57612,TX,0x201,3,0x90,0x90,0x00,0x00,,,,,"Set torque = 0"
57618,RX,0x181,6,0x40,0x40,0x11,0x41,0x80,0x00,0x0B,,"Status word = 0x4111"
57624,RX,0x181,4,0x30,0x30,0x77,0x00,0x01,,,,"Speed feedback = 119 rpm"
57638,TX,0x201,3,0x90,0x90,0x00,0x00,,,,,"Set torque = 0"
57664,TX,0x201,3,0x90,0x90,0x00,0x00,,,,,"Set torque = 0"
57690,TX,0x201,3,0x90,0x90,0x00,0x00,,,,,"Set torque = 0"
57713,RX,0x181,6,0x40,0x40,0x11,0x41,0x80,0x00,0x0B,,"Status word = 0x4111"
57719,TX,0x201,3,0x90,0x90,0x00,0x00,,,,,"Set torque = 0"
57725,RX,0x181,4,0x30,0x30,0x4F,0x00,0x01,,,,"Speed feedback = 79 rpm"
57745,TX,0x201,3,0x90,0x90,0x00,0x00,,,,,"Set torque = 0"
57771,TX,0x201,3,0x90,0x90,0x00,0x00,,,,,"Set torque = 0"
57797,TX,0x201,3,0x90,0x90,0x00,0x00,,,,,"Set torque = 0"
57813,RX,0x181,6,0x40,0x40,0x11,0x43,0x80,0x00,0x0B,,"Status word = 0x4311"
57904,RX,0x181,4,0x30,0x30,0x00,0x00,0x01,,,,"Speed feedback = 0 rpm"
57910,TX,0x201,3,0x90,0x90,0x00,0x00,,,,,"Set torque = 0"
57917,RX,0x181,6,0x40,0x40,0x11,0x43,0x80,0x00,0x0B,,"Status word = 0x4311"
57923,RX,0x181,4,0x30,0x30,0x00,0x00,0x01,,,,"Speed feedback = 0 rpm"
57937,TX,0x201,3,0x90,0x90,0x00,0x00,,,,,"Set torque = 0"
57963,TX,0x201,3,0x90,0x90,0x00,0x00,,,,,"Set torque = 0"
57989,TX,0x201,3,0x90,0x90,0x00,0x00,,,,,"Set torque = 0"
58013,RX,0x181,6,0x40,0x40,0x11,0x43,0x80,0x00,0x0B,,"Status word = 0x4311"
58019,TX,0x201,3,0x90,0x90,0x00,0x00,,,,,"Set torque = 0"
58025,RX,0x181,4,0x30,0x30,0x00,0x00,0x01,,,,"Speed feedback = 0 rpm"
58045,TX,0x201,3,0x90,0x90,0x00,0x00,,,,,"Set torque = 0"
58071,TX,0x201,3,0x90,0x90,0x00,0x00,,,,,"Set torque = 0"
58097,TX,0x201,3,0x90,0x90,0x00,0x00,,,,,"Set torque = 0"
58112,RX,0x181,6,0x40,0x40,0x11,0x43,0x80,0x00,0x0B,,"Status word = 0x4311"
58119,RX,0x181,4,0x30,0x30,0x00,0x00,0x01,,,,"Speed feedback = 0 rpm"
58126,TX,0x201,3,0x90,0x90,0x00,0x00,,,,,"Set torque = 0"
58152,TX,0x201,3,0x90,0x90,0x00,0x00,,,,,"Set torque = 0"
58178,TX,0x201,3,0x90,0x90,0x00,0x00,,,,,"Set torque = 0"
58204,TX,0x201,3,0x90,0x90,0x00,0x00,,,,,"Set torque = 0"
58212,RX,0x181,6,0x40,0x40,0x11,0x43,0x80,0x00,0x0B,,"Status word = 0x4311"
58221,RX,0x181,4,0x30,0x30,0x00,0x00,0x01,,,,"Speed feedback = 0 rpm"
58230,TX,0x201,3,0x90,0x90,0x00,0x00,,,,,"Set torque = 0"
58256,TX,0x201,3,0x90,0x90,0x00,0x00,,,,,"Set torque = 0"
58347,RX,0x181,6,0x40,0x40,0x11,0x43,0x80,0x00,0x0B,,"Status word = 0x4311"
58354,RX,0x181,4,0x30,0x30,0x00,0x00,0x01,,,,"Speed feedback = 0 rpm"
58367,TX,0x201,3,0x90,0x90,0x00,0x00,,,,,"Set torque = 0"
58393,TX,0x201,3,0x90,0x90,0x00,0x00,,,,,"Set torque = 0"
58412,RX,0x181,6,0x40,0x40,0x11,0x43,0x80,0x00,0x0B,,"Status word = 0x4311"
58419,TX,0x201,3,0x90,0x90,0x00,0x00,,,,,"Set torque = 0"
58425,RX,0x181,4,0x30,0x30,0x00,0x00,0x01,,,,"Speed feedback = 0 rpm"
58445,TX,0x201,3,0x90,0x90,0x00,0x00,,,,,"Set torque = 0"
58471,TX,0x201,3,0x90,0x90,0x00,0x00,,,,,"Set torque = 0"
58497,TX,0x201,3,0x90,0x90,0x00,0x00,,,,,"Set torque = 0"
58512,RX,0x181,6,0x40,0x40,0x11,0x43,0x80,0x00,0x0B,,"Status word = 0x4311"
58519,RX,0x181,4,0x30,0x30,0x00,0x00,0x01,,,,"Speed feedback = 0 rpm"
58525,TX,0x201,3,0x90,0x90,0x00,0x00,,,,,"Set torque = 0"
58551,TX,0x201,3,0x90,0x90,0x00,0x00,,,,,"Set torque = 0"
58577,TX,0x201,3,0x90,0x90,0x00,0x00,,,,,"Set torque = 0"
58603,TX,0x201,3,0x90,0x90,0x00,0x00,,,,,"Set torque = 0"
58612,RX,0x181,6,0x40,0x40,0x11,0x43,0x80,0x00,0x0B,,"Status word = 0x4311"
58619,RX,0x181,4,0x30,0x30,0x00,0x00,0x01,,,,"Speed feedback = 0 rpm"
58629,TX,0x201,3,0x90,0x90,0x00,0x00,,,,,"Set torque = 0"
58655,TX,0x201,3,0x90,0x90,0x00,0x00,,,,,"Set torque = 0"
58681,TX,0x201,3,0x90,0x90,0x00,0x00,,,,,"Set torque = 0"
58707,TX,0x201,3,0x90,0x90,0x00,0x00,,,,,"Set torque = 0"
58713,RX,0x181,6,0x40,0x40,0x11,0x43,0x80,0x00,0x0B,,"Status word = 0x4311"
58719,RX,0x181,4,0x30,0x30,0x00,0x00,0x01,,,,"Speed feedback = 0 rpm"
58814,RX,0x181,6,0x40,0x40,0x11,0x43,0x80,0x00,0x0B,,"Status word = 0x4311"
58820,RX,0x181,4,0x30,0x30,0x00,0x00,0x01,,,,"Speed feedback = 0 rpm"
58826,TX,0x201,3,0x90,0x90,0x00,0x00,,,,,"Set torque = 0"
58853,TX,0x201,3,0x90,0x90,0x00,0x00,,,,,"Set torque = 0"
58879,TX,0x201,3,0x90,0x90,0x00,0x00,,,,,"Set torque = 0"
58905,TX,0x201,3,0x90,0x90,0x00,0x00,,,,,"Set torque = 0"
58911,RX,0x181,6,0x40,0x40,0x11,0x43,0x80,0x00,0x0B,,"Status word = 0x4311"
58918,RX,0x181,4,0x30,0x30,0x00,0x00,0x01,,,,"Speed feedback = 0 rpm"
58931,TX,0x201,3,0x90,0x90,0x00,0x00,,,,,"Set torque = 0"
58957,TX,0x201,3,0x90,0x90,0x00,0x00,,,,,"Set torque = 0"
58983,TX,0x201,3,0x90,0x90,0x00,0x00,,,,,"Set torque = 0"
59009,TX,0x201,3,0x90,0x90,0x00,0x00,,,,,"Set torque = 0"
59015,RX,0x181,6,0x40,0x40,0x11,0x43,0x80,0x00,0x0B,,"Status word = 0x4311"
59021,RX,0x181,4,0x30,0x30,0x00,0x00,0x01,,,,"Speed feedback = 0 rpm"
59035,TX,0x201,3,0x90,0x90,0x00,0x00,,,,,"Set torque = 0"
59061,TX,0x201,3,0x90,0x90,0x00,0x00,,,,,"Set torque = 0"
59087,TX,0x201,3,0x90,0x90,0x00,0x00,,,,,"Set torque = 0"
59111,RX,0x181,6,0x40,0x40,0x11,0x43,0x80,0x00,0x0B,,"Status word = 0x4311"
59117,TX,0x201,3,0x90,0x90,0x00,0x00,,,,,"Set torque = 0"
59123,RX,0x181,4,0x30,0x30,0x00,0x00,0x01,,,,"Speed feedback = 0 rpm"
59143,TX,0x201,3,0x90,0x90,0x00,0x00,,,,,"Set torque = 0"
59169,TX,0x201,3,0x90,0x90,0x00,0x00,,,,,"Set torque = 0"
59195,TX,0x201,3,0x90,0x90,0x00,0x00,,,,,"Set torque = 0"
59211,RX,0x181,6,0x40,0x40,0x11,0x43,0x80,0x00,0x0B,,"Status word = 0x4311"
59301,RX,0x181,4,0x30,0x30,0x00,0x00,0x01,,,,"Speed feedback = 0 rpm"
59307,TX,0x201,3,0x90,0x90,0x00,0x00,,,,,"Set torque = 0"
59313,RX,0x181,6,0x40,0x40,0x11,0x43,0x80,0x00,0x0B,,"Status word = 0x4311"
59319,RX,0x181,4,0x30,0x30,0x00,0x00,0x01,,,,"Speed feedback = 0 rpm"
59333,TX,0x201,3,0x90,0x90,0x00,0x00,,,,,"Set torque = 0"
59359,TX,0x201,3,0x90,0x90,0x00,0x00,,,,,"Set torque = 0"
59385,TX,0x201,3,0x90,0x90,0x00,0x00,,,,,"Set torque = 0"
59410,RX,0x181,6,0x40,0x40,0x11,0x43,0x80,0x00,0x0B,,"Status word = 0x4311"
59417,TX,0x201,3,0x90,0x90,0x00,0x00,,,,,"Set torque = 0"
59423,RX,0x181,4,0x30,0x30,0x00,0x00,0x01,,,,"Speed feedback = 0 rpm"
59443,TX,0x201,3,0x90,0x90,0x00,0x00,,,,,"Set torque = 0"
59469,TX,0x201,3,0x90,0x90,0x00,0x00,,,,,"Set torque = 0"
59495,TX,0x201,3,0x90,0x90,0x00,0x00,,,,,"Set torque = 0"
59510,RX,0x181,6,0x40,0x40,0x11,0x43,0x80,0x00,0x0B,,"Status word = 0x4311"
59517,RX,0x181,4,0x30,0x30,0x00,0x00,0x01,,,,"Speed feedback = 0 rpm"
59524,TX,0x201,3,0x90,0x90,0x00,0x00,,,,,"Set torque = 0"
59550,TX,0x201,3,0x90,0x90,0x00,0x00,,,,,"Set torque = 0"
59576,TX,0x201,3,0x90,0x90,0x00,0x00,,,,,"Set torque = 0"
59602,TX,0x201,3,0x90,0x90,0x00,0x00,,,,,"Set torque = 0"
59610,RX,0x181,6,0x40,0x40,0x11,0x43,0x80,0x00,0x0B,,"Status word = 0x4311"
59617,RX,0x181,4,0x30,0x30,0x00,0x00,0x01,,,,"Speed feedback = 0 rpm"
59628,TX,0x201,3,0x90,0x90,0x00,0x00,,,,,"Set torque = 0"
59654,TX,0x201,3,0x90,0x90,0x00,0x00,,,,,"Set torque = 0"
59680,TX,0x201,3,0x90,0x90,0x00,0x00,,,,,"Set torque = 0"
59706,TX,0x201,3,0x90,0x90,0x00,0x00,,,,,"Set torque = 0"
59712,RX,0x181,6,0x40,0x40,0x11,0x43,0x80,0x00,0x0B,,"Status word = 0x4311"
59718,RX,0x181,4,0x30,0x30,0x00,0x00,0x01,,,,"Speed feedback = 0 rpm"
59732,TX,0x201,3,0x90,0x90,0x00,0x00,,,,,"Set torque = 0"
59758,TX,0x201,3,0x90,0x90,0x00,0x00,,,,,"Set torque = 0"
59784,TX,0x201,3,0x90,0x90,0x00,0x00,,,,,"Set torque = 0"
59810,TX,0x201,3,0x90,0x90,0x00,0x00,,,,,"Set torque = 0"
59816,RX,0x181,6,0x40,0x40,0x11,0x43,0x80,0x00,0x0B,,"Status word = 0x4311"
59822,RX,0x181,4,0x30,0x30,0x00,0x00,0x01,,,,"Speed feedback = 0 rpm"
59836,TX,0x201,3,0x90,0x90,0x00,0x00,,,,,"Set torque = 0"
59862,TX,0x201,3,0x90,0x90,0x00,0x00,,,,,"Set torque = 0"
59888,TX,0x201,3,0x90,0x90,0x00,0x00,,,,,"Set torque = 0"
59909,RX,0x181,6,0x40,0x40,0x11,0x43,0x80,0x00,0x0B,,"Status word = 0x4311"
59916,TX,0x201,3,0x90,0x90,0x00,0x00,,,,,"Set torque = 0"
59922,RX,0x181,4,0x30,0x30,0x00,0x00,0x01,,,,"Speed feedback = 0 rpm"
59942,TX,0x201,3,0x90,0x90,0x00,0x00,,,,,"Set torque = 0"
59968,TX,0x201,3,0x90,0x90,0x00,0x00,,,,,"Set torque = 0"
59994,TX,0x201,3,0x90,0x90,0x00,0x00,,,,,"Set torque = 0"
60009,RX,0x181,6,0x40,0x40,0x11,0x43,0x80,0x00,0x0B,,"Status word = 0x4311"
60016,RX,0x181,4,0x30,0x30,0x00,0x00,0x01,,,,"Speed feedback = 0 rpm"
60023,TX,0x201,3,0x90,0x90,0x00,0x00,,,,,"Set torque = 0"
60049,TX,0x201,3,0x90,0x90,0x00,0x00,,,,,"Set torque = 0"
60075,TX,0x201,3,0x90,0x90,0x00,0x00,,,,,"Set torque = 0"
60101,TX,0x201,3,0x90,0x90,0x00,0x00,,,,,"Set torque = 0"
60109,RX,0x181,6,0x40,0x40,0x11,0x43,0x80,0x00,0x0B,,"Status word = 0x4311"
60116,RX,0x181,4,0x30,0x30,0x00,0x00,0x01,,,,"Speed feedback = 0 rpm"
60127,TX,0x201,3,0x90,0x90,0x00,0x00,,,,,"Set torque = 0"
60153,TX,0x201,3,0x90,0x90,0x00,0x00,,,,,"Set torque = 0"
60179,TX,0x201,3,0x90,0x90,0x00,0x00,,,,,"Set torque = 0"
60205,TX,0x201,3,0x90,0x90,0x00,0x00,,,,,"Set torque = 0"
60211,RX,0x181,6,0x40,0x40,0x11,0x43,0x80,0x00,0x0B,,"Status word = 0x4311"
60217,RX,0x181,4,0x30,0x30,0x00,0x00,0x01,,,,"Speed feedback = 0 rpm"
60231,TX,0x201,3,0x90,0x90,0x00,0x00,,,,,"Set torque = 0"
60257,TX,0x201,3,0x90,0x90,0x00,0x00,,,,,"Set torque = 0"
60283,TX,0x201,3,0x90,0x90,0x00,0x00,,,,,"Set torque = 0"
60309,TX,0x201,3,0x90,0x90,0x00,0x00,,,,,"Set torque = 0"
60315,RX,0x181,6,0x40,0x40,0x11,0x43,0x80,0x00,0x0B,,"Status word = 0x4311"
60321,RX,0x181,4,0x30,0x30,0x00,0x00,0x01,,,,"Speed feedback = 0 rpm"
60335,TX,0x201,3,0x90,0x90,0x00,0x00,,,,,"Set torque = 0"
60361,TX,0x201,3,0x90,0x90,0x00,0x00,,,,,"Set torque = 0"
60387,TX,0x201,3,0x90,0x90,0x00,0x00,,,,,"Set torque = 0"
60409,RX,0x181,6,0x40,0x40,0x11,0x43,0x80,0x00,0x0B,,"Status word = 0x4311"
60415,TX,0x201,3,0x90,0x90,0x00,0x00,,,,,"Set torque = 0"
60421,RX,0x181,4,0x30,0x30,0x00,0x00,0x01,,,,"Speed feedback = 0 rpm"
60441,TX,0x201,3,0x90,0x90,0x00,0x00,,,,,"Set torque = 0"
60467,TX,0x201,3,0x90,0x90,0x00,0x00,,,,,"Set torque = 0"
60493,TX,0x201,3,0x90,0x90,0x00,0x00,,,,,"Set torque = 0"
60509,RX,0x181,6,0x40,0x40,0x11,0x43,0x80,0x00,0x0B,,"Status word = 0x4311"
60516,RX,0x181,4,0x30,0x30,0x00,0x00,0x01,,,,"Speed feedback = 0 rpm"
60522,TX,0x201,3,0x90,0x90,0x00,0x00,,,,,"Set torque = 0"
60549,TX,0x201,3,0x90,0x90,0x00,0x00,,,,,"Set torque = 0"
60575,TX,0x201,3,0x90,0x90,0x00,0x00,,,,,"Set torque = 0"
60601,TX,0x201,3,0x90,0x90,0x00,0x00,,,,,"Set torque = 0"
60608,RX,0x181,6,0x40,0x40,0x11,0x43,0x80,0x00,0x0B,,"Status word = 0x4311"
60615,RX,0x181,4,0x30,0x30,0x00,0x00,0x01,,,,"Speed feedback = 0 rpm"
60627,TX,0x201,3,0x90,0x90,0x00,0x00,,,,,"Set torque = 0"
60653,TX,0x201,3,0x90,0x90,0x00,0x00,,,,,"Set torque = 0"
60679,TX,0x201,3,0x90,0x90,0x00,0x00,,,,,"Set torque = 0"
60705,TX,0x201,3,0x90,0x90,0x00,0x00,,,,,"Set torque = 0"
60711,RX,0x181,6,0x40,0x40,0x11,0x43,0x80,0x00,0x0B,,"Status word = 0x4311"
60717,RX,0x181,4,0x30,0x30,0x00,0x00,0x01,,,,"Speed feedback = 0 rpm"
60731,TX,0x201,3,0x90,0x90,0x00,0x00,,,,,"Set torque = 0"
60757,TX,0x201,3,0x90,0x90,0x00,0x00,,,,,"Set torque = 0"
60783,TX,0x201,3,0x90,0x90,0x00,0x00,,,,,"Set torque = 0"
60808,RX,0x181,6,0x40,0x40,0x11,0x43,0x80,0x00,0x0B,,"Status word = 0x4311"
60814,TX,0x201,3,0x90,0x90,0x00,0x00,,,,,"Set torque = 0"
60821,RX,0x181,4,0x30,0x30,0x00,0x00,0x01,,,,"Speed feedback = 0 rpm"
60841,TX,0x201,3,0x90,0x90,0x00,0x00,,,,,"Set torque = 0"
60867,TX,0x201,3,0x90,0x90,0x00,0x00,,,,,"Set torque = 0"
60893,TX,0x201,3,0x90,0x90,0x00,0x00,,,,,"Set torque = 0"
60908,RX,0x181,6,0x40,0x40,0x11,0x43,0x80,0x00,0x0B,,"Status word = 0x4311"
60915,RX,0x181,4,0x30,0x30,0x00,0x00,0x01,,,,"Speed feedback = 0 rpm"
60921,TX,0x201,3,0x90,0x90,0x00,0x00,,,,,"Set torque = 0"
60948,TX,0x201,3,0x90,0x90,0x00,0x00,,,,,"Set torque = 0"
60974,TX,0x201,3,0x90,0x90,0x00,0x00,,,,,"Set torque = 0"
61000,TX,0x201,3,0x90,0x90,0x00,0x00,,,,,"Set torque = 0"
61008,RX,0x181,6,0x40,0x40,0x11,0x43,0x80,0x00,0x0B,,"Status word = 0x4311"
61015,RX,0x181,4,0x30,0x30,0x00,0x00,0x01,,,,"Speed feedback = 0 rpm"
61026,TX,0x201,3,0x90,0x90,0x00,0x00,,,,,"Set torque = 0"
61052,TX,0x201,3,0x90,0x90,0x00,0x00,,,,,"Set torque = 0"
61078,TX,0x201,3,0x90,0x90,0x00,0x00,,,,,"Set torque = 0"
61104,TX,0x201,3,0x90,0x90,0x00,0x00,,,,,"Set torque = 0"
61110,RX,0x181,6,0x40,0x40,0x11,0x43,0x80,0x00,0x0B,,"Status word = 0x4311"
61116,RX,0x181,4,0x30,0x30,0x00,0x00,0x01,,,,"Speed feedback = 0 rpm"
61130,TX,0x201,3,0x90,0x90,0x00,0x00,,,,,"Set torque = 0"
61156,TX,0x201,3,0x90,0x90,0x00,0x00,,,,,"Set torque = 0"
61182,TX,0x201,3,0x90,0x90,0x00,0x00,,,,,"Set torque = 0"
61207,RX,0x181,6,0x40,0x40,0x11,0x43,0x80,0x00,0x0B,,"Status word = 0x4311"
61214,TX,0x201,3,0x90,0x90,0x00,0x00,,,,,"Set torque = 0"
61220,RX,0x181,4,0x30,0x30,0x00,0x00,0x01,,,,"Speed feedback = 0 rpm"
61240,TX,0x201,3,0x90,0x90,0x00,0x00,,,,,"Set torque = 0"
61266,TX,0x201,3,0x90,0x90,0x00,0x00,,,,,"Set torque = 0"
61292,TX,0x201,3,0x90,0x90,0x00,0x00,,,,,"Set torque = 0"
61307,RX,0x181,6,0x40,0x40,0x11,0x43,0x80,0x00,0x0B,,"Status word = 0x4311"
61314,RX,0x181,4,0x30,0x30,0x00,0x00,0x01,,,,"Speed feedback = 0 rpm"
61321,TX,0x201,3,0x90,0x90,0x00,0x00,,,,,"Set torque = 0"
61347,TX,0x201,3,0x90,0x90,0x00,0x00,,,,,"Set torque = 0"
61373,TX,0x201,3,0x90,0x90,0x00,0x00,,,,,"Set torque = 0"
61399,TX,0x201,3,0x90,0x90,0x00,0x00,,,,,"Set torque = 0"
61407,RX,0x181,6,0x40,0x40,0x11,0x43,0x80,0x00,0x0B,,"Status word = 0x4311"
61414,RX,0x181,4,0x30,0x30,0x00,0x00,0x01,,,,"Speed feedback = 0 rpm"
61425,TX,0x201,3,0x90,0x90,0x00,0x00,,,,,"Set torque = 0"
61451,TX,0x201,3,0x90,0x90,0x00,0x00,,,,,"Set torque = 0"
61477,TX,0x201,3,0x90,0x90,0x00,0x00,,,,,"Set torque = 0"
61503,TX,0x201,3,0x90,0x90,0x00,0x00,,,,,"Set torque = 0"
61509,RX,0x181,6,0x40,0x40,0x11,0x43,0x80,0x00,0x0B,,"Status word = 0x4311"
61515,RX,0x181,4,0x30,0x30,0x00,0x00,0x01,,,,"Speed feedback = 0 rpm"
61529,TX,0x201,3,0x90,0x90,0x00,0x00,,,,,"Set torque = 0"
61555,TX,0x201,3,0x90,0x90,0x00,0x00,,,,,"Set torque = 0"
61581,TX,0x201,3,0x90,0x90,0x00,0x00,,,,,"Set torque = 0"
61607,TX,0x201,3,0x90,0x90,0x00,0x00,,,,,"Set torque = 0"
61613,RX,0x181,6,0x40,0x40,0x11,0x43,0x80,0x00,0x0B,,"Status word = 0x4311"
61619,RX,0x181,4,0x30,0x30,0x00,0x00,0x01,,,,"Speed feedback = 0 rpm"
61633,TX,0x201,3,0x90,0x90,0x00,0x00,,,,,"Set torque = 0"
61659,TX,0x201,3,0x90,0x90,0x00,0x00,,,,,"Set torque = 0"
61686,TX,0x201,3,0x90,0x90,0x00,0x00,,,,,"Set torque = 0"
61707,RX,0x181,6,0x40,0x40,0x11,0x43,0x80,0x00,0x0B,,"Status word = 0x4311"
61713,TX,0x201,3,0x90,0x90,0x00,0x00,,,,,"Set torque = 0"
61720,RX,0x181,4,0x30,0x30,0x00,0x00,0x01,,,,"Speed feedback = 0 rpm"
61740,TX,0x201,3,0x90,0x90,0x00,0x00,,,,,"Set torque = 0"
61766,TX,0x201,3,0x90,0x90,0x00,0x00,,,,,"Set torque = 0"
61792,TX,0x201,3,0x90,0x90,0x00,0x00,,,,,"Set torque = 0"
61806,RX,0x181,6,0x40,0x40,0x11,0x43,0x80,0x00,0x0B,,"Status word = 0x4311"
61813,RX,0x181,4,0x30,0x30,0x00,0x00,0x01,,,,"Speed feedback = 0 rpm"
61820,TX,0x201,3,0x90,0x90,0x00,0x00,,,,,"Set torque = 0"
61846,TX,0x201,3,0x90,0x90,0x00,0x00,,,,,"Set torque = 0"
61872,TX,0x201,3,0x90,0x90,0x00,0x00,,,,,"Set torque = 0"
61898,TX,0x201,3,0x90,0x90,0x00,0x00,,,,,"Set torque = 0"
61906,RX,0x181,6,0x40,0x40,0x11,0x43,0x80,0x00,0x0B,,"Status word = 0x4311"
61913,RX,0x181,4,0x30,0x30,0x00,0x00,0x01,,,,"Speed feedback = 0 rpm"
61924,TX,0x201,3,0x90,0x90,0x00,0x00,,,,,"Set torque = 0"
61950,TX,0x201,3,0x90,0x90,0x00,0x00,,,,,"Set torque = 0"
61976,TX,0x201,3,0x90,0x90,0x00,0x00,,,,,"Set torque = 0"
62002,TX,0x201,3,0x90,0x90,0x00,0x00,,,,,"Set torque = 0"
62008,RX,0x181,6,0x40,0x40,0x11,0x43,0x80,0x00,0x0B,,"Status word = 0x4311"
62014,RX,0x181,4,0x30,0x30,0x00,0x00,0x01,,,,"Speed feedback = 0 rpm"
62028,TX,0x201,3,0x90,0x90,0x00,0x00,,,,,"Set torque = 0"
62054,TX,0x201,3,0x90,0x90,0x00,0x00,,,,,"Set torque = 0"
62080,TX,0x201,3,0x90,0x90,0x00,0x00,,,,,"Set torque = 0"
62106,TX,0x201,3,0x90,0x90,0x00,0x00,,,,,"Set torque = 0"
62112,RX,0x181,6,0x40,0x40,0x11,0x43,0x80,0x00,0x0B,,"Status word = 0x4311"
62118,RX,0x181,4,0x30,0x30,0x00,0x00,0x01,,,,"Speed feedback = 0 rpm"
62132,TX,0x201,3,0x90,0x90,0x00,0x00,,,,,"Set torque = 0"
62158,TX,0x201,3,0x90,0x90,0x00,0x00,,,,,"Set torque = 0"
62184,TX,0x201,3,0x90,0x90,0x00,0x00,,,,,"Set torque = 0"
62206,RX,0x181,6,0x40,0x40,0x11,0x43,0x80,0x00,0x0B,,"Status word = 0x4311"
62212,TX,0x201,3,0x90,0x90,0x00,0x00,,,,,"Set torque = 0"
62218,RX,0x181,4,0x30,0x30,0x00,0x00,0x01,,,,"Speed feedback = 0 rpm"
62238,TX,0x201,3,0x90,0x90,0x00,0x00,,,,,"Set torque = 0"
62264,TX,0x201,3,0x90,0x90,0x00,0x00,,,,,"Set torque = 0"
62290,TX,0x201,3,0x90,0x90,0x00,0x00,,,,,"Set torque = 0"
62306,RX,0x181,6,0x40,0x40,0x11,0x43,0x80,0x00,0x0B,,"Status word = 0x4311"
62313,RX,0x181,4,0x30,0x30,0x00,0x00,0x01,,,,"Speed feedback = 0 rpm"
62319,TX,0x201,3,0x90,0x90,0x00,0x00,,,,,"Set torque = 0"
62345,TX,0x201,3,0x90,0x90,0x00,0x00,,,,,"Set torque = 0"
62371,TX,0x201,3,0x90,0x90,0x00,0x00,,,,,"Set torque = 0"
62397,TX,0x201,3,0x90,0x90,0x00,0x00,,,,,"Set torque = 0"
62406,RX,0x181,6,0x40,0x40,0x11,0x43,0x80,0x00,0x0B,,"Status word = 0x4311"
62412,RX,0x181,4,0x30,0x30,0x00,0x00,0x01,,,,"Speed feedback = 0 rpm"
62423,TX,0x201,3,0x90,0x90,0x00,0x00,,,,,"Set torque = 0"
62449,TX,0x201,3,0x90,0x90,0x00,0x00,,,,,"Set torque = 0"
62475,TX,0x201,3,0x90,0x90,0x00,0x00,,,,,"Set torque = 0"
62501,TX,0x201,3,0x90,0x90,0x00,0x00,,,,,"Set torque = 0"
62507,RX,0x181,6,0x40,0x40,0x11,0x43,0x80,0x00,0x0B,,"Status word = 0x4311"
62513,RX,0x181,4,0x30,0x30,0x00,0x00,0x01,,,,"Speed feedback = 0 rpm"
62527,TX,0x201,3,0x90,0x90,0x00,0x00,,,,,"Set torque = 0"
62553,TX,0x201,3,0x90,0x90,0x00,0x00,,,,,"Set torque = 0"
62579,TX,0x201,3,0x90,0x90,0x00,0x00,,,,,"Set torque = 0"
62605,TX,0x201,3,0x90,0x90,0x00,0x00,,,,,"Set torque = 0"
62611,RX,0x181,6,0x40,0x40,0x11,0x43,0x80,0x00,0x0B,,"Status word = 0x4311"
62617,RX,0x181,4,0x30,0x30,0x00,0x00,0x01,,,,"Speed feedback = 0 rpm"
62631,TX,0x201,3,0x90,0x90,0x00,0x00,,,,,"Set torque = 0"
62657,TX,0x201,3,0x90,0x90,0x00,0x00,,,,,"Set torque = 0"
62683,TX,0x201,3,0x90,0x90,0x00,0x00,,,,,"Set torque = 0"
62705,RX,0x181,6,0x40,0x40,0x11,0x43,0x80,0x00,0x0B,,"Status word = 0x4311"
62711,TX,0x201,3,0x90,0x90,0x00,0x00,,,,,"Set torque = 0"
62718,RX,0x181,4,0x30,0x30,0x00,0x00,0x01,,,,"Speed feedback = 0 rpm"
62738,TX,0x201,3,0x90,0x90,0x00,0x00,,,,,"Set torque = 0"
62764,TX,0x201,3,0x90,0x90,0x00,0x00,,,,,"Set torque = 0"
62793,TX,0x201,3,0x90,0x90,0x00,0x00,,,,,"Set torque = 0"
62805,RX,0x181,6,0x40,0x40,0x11,0x43,0x80,0x00,0x0B,,"Status word = 0x4311"
62812,RX,0x181,4,0x30,0x30,0x00,0x00,0x01,,,,"Speed feedback = 0 rpm"
62819,TX,0x201,3,0x90,0x90,0x3D,0x00,,,,,"Set torque = 61"
62845,TX,0x201,3,0x90,0x90,0x7A,0x00,,,,,"Set torque = 122"
62871,TX,0x201,3,0x90,0x90,0x11,0x04,,,,,"Set torque = 1041"
62897,TX,0x201,3,0x90,0x90,0x96,0x03,,,,,"Set torque = 918"
62905,RX,0x181,6,0x40,0x40,0x11,0x43,0x80,0x00,0x0B,,"Status word = 0x4311"
62912,RX,0x181,4,0x30,0x30,0x00,0x00,0x01,,,,"Speed feedback = 0 rpm"
62923,TX,0x201,3,0x90,0x90,0x4E,0x04,,,,,"Set torque = 1102"
62949,TX,0x201,3,0x90,0x90,0x94,0x06,,,,,"Set torque = 1684"
62975,TX,0x201,3,0x90,0x90,0x54,0x09,,,,,"Set torque = 2388"
63001,TX,0x201,3,0x90,0x90,0xED,0x09,,,,,"Set torque = 2541"
63007,RX,0x181,6,0x40,0x40,0x11,0x41,0x80,0x00,0x0B,,"Status word = 0x4111"
63013,RX,0x181,4,0x30,0x30,0x9F,0x00,0x01,,,,"Speed feedback = 159 rpm"
63027,TX,0x201,3,0x90,0x90,0xAE,0x0C,,,,,"Set torque = 3246"
63053,TX,0x201,3,0x90,0x90,0x98,0x0E,,,,,"Set torque = 3736"
63079,TX,0x201,3,0x90,0x90,0xF3,0x0E,,,,,"Set torque = 3827"
63104,RX,0x181,6,0x40,0x40,0x11,0x41,0x80,0x00,0x0B,,"Status word = 0x4111"
63111,TX,0x201,3,0x90,0x90,0x07,0x10,,,,,"Set torque = 4103"
63117,RX,0x181,4,0x30,0x30,0x1E,0x03,0x01,,,,"Speed feedback = 798 rpm"
63137,TX,0x201,3,0x90,0x90,0x6B,0x12,,,,,"Set torque = 4715"
63163,TX,0x201,3,0x90,0x90,0xB1,0x14,,,,,"Set torque = 5297"
63189,TX,0x201,3,0x90,0x90,0x88,0x15,,,,,"Set torque = 5512"
63204,RX,0x181,6,0x40,0x40,0x11,0x41,0x80,0x02,0x0B,,"Status word = 0x4111"
63211,RX,0x181,4,0x30,0x30,0x75,0x05,0x01,,,,"Speed feedback = 1397 rpm"
63217,TX,0x201,3,0x90,0x90,0xE1,0x18,,,,,"Set torque = 6369"
63244,TX,0x201,3,0x90,0x90,0x51,0x1A,,,,,"Set torque = 6737"
63270,TX,0x201,3,0x90,0x90,0xD6,0x19,,,,,"Set torque = 6614"
63296,TX,0x201,3,0x90,0x90,0x51,0x1A,,,,,"Set torque = 6737"
63304,RX,0x181,6,0x40,0x40,0x11,0x41,0x80,0x02,0x0B,,"Status word = 0x4111"
63311,RX,0x181,4,0x30,0x30,0x2D,0x07,0x01,,,,"Speed feedback = 1837 rpm"
63322,TX,0x201,3,0x90,0x90,0x6F,0x1A,,,,,"Set torque = 6767"
63348,TX,0x201,3,0x90,0x90,0xC0,0x1B,,,,,"Set torque = 7104"
63374,TX,0x201,3,0x90,0x90,0xC0,0x1B,,,,,"Set torque = 7104"
63400,TX,0x201,3,0x90,0x90,0x96,0x1C,,,,,"Set torque = 7318"
63406,RX,0x181,6,0x40,0x40,0x11,0x41,0x80,0x02,0x0B,,"Status word = 0x4111"
63412,RX,0x181,4,0x30,0x30,0xDD,0x06,0x01,,,,"Speed feedback = 1757 rpm"
63426,TX,0x201,3,0x90,0x90,0x96,0x1C,,,,,"Set torque = 7318"
63452,TX,0x201,3,0x90,0x90,0x08,0x1B,,,,,"Set torque = 6920"
63478,TX,0x201,3,0x90,0x90,0xFD,0x1B,,,,,"Set torque = 7165"
63504,TX,0x201,3,0x90,0x90,0x59,0x1C,,,,,"Set torque = 7257"
63510,RX,0x181,6,0x40,0x40,0x11,0x41,0x80,0x02,0x0B,,"Status word = 0x4111"
63516,RX,0x181,4,0x30,0x30,0x2D,0x07,0x01,,,,"Speed feedback = 1837 rpm"
63530,TX,0x201,3,0x90,0x90,0x3B,0x1C,,,,,"Set torque = 7227"
63556,TX,0x201,3,0x90,0x90,0xAD,0x1A,,,,,"Set torque = 6829"
63582,TX,0x201,3,0x90,0x90,0x96,0x1C,,,,,"Set torque = 7318"
63604,RX,0x181,6,0x40,0x40,0x11,0x41,0x80,0x02,0x0B,,"Status word = 0x4111"
63610,TX,0x201,3,0x90,0x90,0x59,0x1C,,,,,"Set torque = 7257"
63616,RX,0x181,4,0x30,0x30,0x05,0x07,0x01,,,,"Speed feedback = 1797 rpm"
63636,TX,0x201,3,0x90,0x90,0x1C,0x1C,,,,,"Set torque = 7196"
63662,TX,0x201,3,0x90,0x90,0xDF,0x1B,,,,,"Set torque = 7135"
63688,TX,0x201,3,0x90,0x90,0xD4,0x1C,,,,,"Set torque = 7380"
63703,RX,0x181,6,0x40,0x40,0x11,0x41,0x80,0x02,0x0B,,"Status word = 0x4111"
63710,RX,0x181,4,0x30,0x30,0x55,0x07,0x01,,,,"Speed feedback = 1877 rpm"
63717,TX,0x201,3,0x90,0x90,0x64,0x1B,,,,,"Set torque = 7012"
63743,TX,0x201,3,0x90,0x90,0xC0,0x1B,,,,,"Set torque = 7104"
63769,TX,0x201,3,0x90,0x90,0xFD,0x1B,,,,,"Set torque = 7165"
63795,TX,0x201,3,0x90,0x90,0xC0,0x1B,,,,,"Set torque = 7104"
63803,RX,0x181,6,0x40,0x40,0x11,0x41,0x80,0x02,0x0B,,"Status word = 0x4111"
63811,RX,0x181,4,0x30,0x30,0x2D,0x07,0x01,,,,"Speed feedback = 1837 rpm"
63821,TX,0x201,3,0x90,0x90,0x06,0x1E,,,,,"Set torque = 7686"
63847,TX,0x201,3,0x90,0x90,0xA1,0x1B,,,,,"Set torque = 7073"
63873,TX,0x201,3,0x90,0x90,0xD4,0x1C,,,,,"Set torque = 7380"
63899,TX,0x201,3,0x90,0x90,0x96,0x1C,,,,,"Set torque = 7318"
63905,RX,0x181,6,0x40,0x40,0x11,0x41,0x80,0x02,0x0B,,"Status word = 0x4111"
63911,RX,0x181,4,0x30,0x30,0x55,0x07,0x01,,,,"Speed feedback = 1877 rpm"
63925,TX,0x201,3,0x90,0x90,0x6D,0x1D,,,,,"Set torque = 7533"
63951,TX,0x201,3,0x90,0x90,0xD4,0x1C,,,,,"Set torque = 7380"
63977,TX,0x201,3,0x90,0x90,0x08,0x1B,,,,,"Set torque = 6920"
64003,TX,0x201,3,0x90,0x90,0x64,0x1B,,,,,"Set torque = 7012"
64009,RX,0x181,6,0x40,0x40,0x11,0x41,0x80,0x02,0x0B,,"Status word = 0x4111"
64016,RX,0x181,4,0x30,0x30,0x05,0x07,0x01,,,,"Speed feedback = 1797 rpm"
64029,TX,0x201,3,0x90,0x90,0x4E,0x1D,,,,,"Set torque = 7502"
64055,TX,0x201,3,0x90,0x90,0xA1,0x1B,,,,,"Set torque = 7073"
64081,TX,0x201,3,0x90,0x90,0xB5,0x1C,,,,,"Set torque = 7349"
64103,RX,0x181,6,0x40,0x40,0x11,0x41,0x80,0x02,0x0B,,"Status word = 0x4111"
64109,TX,0x201,3,0x90,0x90,0xFD,0x1B,,,,,"Set torque = 7165"
64116,RX,0x181,4,0x30,0x30,0x05,0x07,0x01,,,,"Speed feedback = 1797 rpm"
64136,TX,0x201,3,0x90,0x90,0xD4,0x1C,,,,,"Set torque = 7380"
64162,TX,0x201,3,0x90,0x90,0xDF,0x1B,,,,,"Set torque = 7135"
64188,TX,0x201,3,0x90,0x90,0xF2,0x1C,,,,,"Set torque = 7410"
64203,RX,0x181,6,0x40,0x40,0x11,0x41,0x80,0x02,0x0B,,"Status word = 0x4111"
64210,RX,0x181,4,0x30,0x30,0x55,0x07,0x01,,,,"Speed feedback = 1877 rpm"
64216,TX,0x201,3,0x90,0x90,0xDF,0x1B,,,,,"Set torque = 7135"
64242,TX,0x201,3,0x90,0x90,0xEA,0x1A,,,,,"Set torque = 6890"
64268,TX,0x201,3,0x90,0x90,0x59,0x1C,,,,,"Set torque = 7257"
64294,TX,0x201,3,0x90,0x90,0x11,0x1D,,,,,"Set torque = 7441"
64303,RX,0x181,6,0x40,0x40,0x11,0x41,0x80,0x02,0x0B,,"Status word = 0x4111"
64309,RX,0x181,4,0x30,0x30,0x7D,0x07,0x01,,,,"Speed feedback = 1917 rpm"
64320,TX,0x201,3,0x90,0x90,0x08,0x1B,,,,,"Set torque = 6920"
64346,TX,0x201,3,0x90,0x90,0xA1,0x1B,,,,,"Set torque = 7073"
64372,TX,0x201,3,0x90,0x90,0xDF,0x1B,,,,,"Set torque = 7135"
64398,TX,0x201,3,0x90,0x90,0x78,0x1C,,,,,"Set torque = 7288"
64404,RX,0x181,6,0x40,0x40,0x11,0x41,0x80,0x02,0x0B,,"Status word = 0x4111"
64410,RX,0x181,4,0x30,0x30,0x55,0x07,0x01,,,,"Speed feedback = 1877 rpm"
64424,TX,0x201,3,0x90,0x90,0xA1,0x1B,,,,,"Set torque = 7073"
64450,TX,0x201,3,0x90,0x90,0x3B,0x1C,,,,,"Set torque = 7227"
64476,TX,0x201,3,0x90,0x90,0xEA,0x1A,,,,,"Set torque = 6890"
64502,TX,0x201,3,0x90,0x90,0x46,0x1B,,,,,"Set torque = 6982"
64508,RX,0x181,6,0x40,0x40,0x11,0x41,0x80,0x02,0x0B,,"Status word = 0x4111"
64514,RX,0x181,4,0x30,0x30,0xDD,0x06,0x01,,,,"Speed feedback = 1757 rpm"
64528,TX,0x201,3,0x90,0x90,0x85,0x18,,,,,"Set torque = 6277"
64554,TX,0x201,3,0x90,0x90,0x6F,0x1A,,,,,"Set torque = 6767"
64580,TX,0x201,3,0x90,0x90,0xFD,0x1B,,,,,"Set torque = 7165"
64602,RX,0x181,6,0x40,0x40,0x11,0x41,0x80,0x02,0x0B,,"Status word = 0x4111"
64608,TX,0x201,3,0x90,0x90,0x46,0x1B,,,,,"Set torque = 6982"
64615,RX,0x181,4,0x30,0x30,0x05,0x07,0x01,,,,"Speed feedback = 1797 rpm"
64635,TX,0x201,3,0x90,0x90,0xDF,0x1B,,,,,"Set torque = 7135"
64661,TX,0x201,3,0x90,0x90,0x1C,0x1C,,,,,"Set torque = 7196"
64687,TX,0x201,3,0x90,0x90,0x30,0x1D,,,,,"Set torque = 7472"
64702,RX,0x181,6,0x40,0x40,0x11,0x41,0x80,0x02,0x0B,,"Status word = 0x4111"
64709,RX,0x181,4,0x30,0x30,0xDD,0x06,0x01,,,,"Speed feedback = 1757 rpm"
64715,TX,0x201,3,0x90,0x90,0xB5,0x1C,,,,,"Set torque = 7349"
64741,TX,0x201,3,0x90,0x90,0xFD,0x1B,,,,,"Set torque = 7165"
64767,TX,0x201,3,0x90,0x90,0x59,0x1C,,,,,"Set torque = 7257"
64793,TX,0x201,3,0x90,0x90,0x27,0x1B,,,,,"Set torque = 6951"
64802,RX,0x181,6,0x40,0x40,0x11,0x41,0x80,0x02,0x0B,,"Status word = 0x4111"
64809,RX,0x181,4,0x30,0x30,0x55,0x07,0x01,,,,"Speed feedback = 1877 rpm"
64819,TX,0x201,3,0x90,0x90,0x83,0x1B,,,,,"Set torque = 7043"
64845,TX,0x201,3,0x90,0x90,0x78,0x1C,,,,,"Set torque = 7288"
64871,TX,0x201,3,0x90,0x90,0x78,0x1C,,,,,"Set torque = 7288"
64897,TX,0x201,3,0x90,0x90,0xF2,0x1C,,,,,"Set torque = 7410"
64903,RX,0x181,6,0x40,0x40,0x11,0x41,0x80,0x02,0x0B,,"Status word = 0x4111"
64909,RX,0x181,4,0x30,0x30,0x7D,0x07,0x01,,,,"Speed feedback = 1917 rpm"
64923,TX,0x201,3,0x90,0x90,0x11,0x1D,,,,,"Set torque = 7441"
64949,TX,0x201,3,0x90,0x90,0x3B,0x1C,,,,,"Set torque = 7227"
64975,TX,0x201,3,0x90,0x90,0x83,0x1B,,,,,"Set torque = 7043"
65001,TX,0x201,3,0x90,0x90,0x3B,0x1C,,,,,"Set torque = 7227"
65007,RX,0x181,6,0x40,0x40,0x11,0x41,0x80,0x02,0x0B,,"Status word = 0x4111"
65013,RX,0x181,4,0x30,0x30,0x55,0x07,0x01,,,,"Speed feedback = 1877 rpm"
65027,TX,0x201,3,0x90,0x90,0x3B,0x1C,,,,,"Set torque = 7227"
65053,TX,0x201,3,0x90,0x90,0x1E,0x19,,,,,"Set torque = 6430"
65079,TX,0x201,3,0x90,0x90,0xC0,0x1B,,,,,"Set torque = 7104"
65101,RX,0x181,6,0x40,0x40,0x11,0x41,0x80,0x02,0x0B,,"Status word = 0x4111"
65108,TX,0x201,3,0x90,0x90,0xFD,0x1B,,,,,"Set torque = 7165"
65114,RX,0x181,4,0x30,0x30,0x2D,0x07,0x01,,,,"Speed feedback = 1837 rpm"
65134,TX,0x201,3,0x90,0x90,0x1C,0x1C,,,,,"Set torque = 7196"
65160,TX,0x201,3,0x90,0x90,0x96,0x1C,,,,,"Set torque = 7318"
65186,TX,0x201,3,0x90,0x90,0xAD,0x1A,,,,,"Set torque = 6829"
65201,RX,0x181,6,0x40,0x40,0x11,0x41,0x80,0x02,0x0B,,"Status word = 0x4111"
65208,RX,0x181,4,0x30,0x30,0xB5,0x06,0x01,,,,"Speed feedback = 1717 rpm"
65214,TX,0x201,3,0x90,0x90,0x3B,0x1C,,,,,"Set torque = 7227"
65241,TX,0x201,3,0x90,0x90,0x1C,0x1C,,,,,"Set torque = 7196"
65267,TX,0x201,3,0x90,0x90,0xC0,0x1B,,,,,"Set torque = 7104"
65293,TX,0x201,3,0x90,0x90,0x1C,0x1C,,,,,"Set torque = 7196"
65301,RX,0x181,6,0x40,0x40,0x11,0x41,0x80,0x02,0x0B,,"Status word = 0x4111"
65308,RX,0x181,4,0x30,0x30,0x05,0x07,0x01,,,,"Speed feedback = 1797 rpm"
65319,TX,0x201,3,0x90,0x90,0xA1,0x1B,,,,,"Set torque = 7073"
65345,TX,0x201,3,0x90,0x90,0xDF,0x1B,,,,,"Set torque = 7135"
65371,TX,0x201,3,0x90,0x90,0xC0,0x1B,,,,,"Set torque = 7104"
65397,TX,0x201,3,0x90,0x90,0x27,0x1B,,,,,"Set torque = 6951"
65403,RX,0x181,6,0x40,0x40,0x11,0x41,0x80,0x02,0x0B,,"Status word = 0x4111"
65409,RX,0x181,4,0x30,0x30,0x2D,0x07,0x01,,,,"Speed feedback = 1837 rpm"
65423,TX,0x201,3,0x90,0x90,0x78,0x1C,,,,,"Set torque = 7288"
65449,TX,0x201,3,0x90,0x90,0x1C,0x1C,,,,,"Set torque = 7196"
65475,TX,0x201,3,0x90,0x90,0x51,0x1A,,,,,"Set torque = 6737"
65501,TX,0x201,3,0x90,0x90,0x64,0x1B,,,,,"Set torque = 7012"
65507,RX,0x181,6,0x40,0x40,0x11,0x41,0x80,0x02,0x0B,,"Status word = 0x4111"
65513,RX,0x181,4,0x30,0x30,0x55,0x07,0x01,,,,"Speed feedback = 1877 rpm"
65527,TX,0x201,3,0x90,0x90,0xCB,0x1A,,,,,"Set torque = 6859"
65553,TX,0x201,3,0x90,0x90,0xAD,0x1A,,,,,"Set torque = 6829"
65579,TX,0x201,3,0x90,0x90,0x3B,0x1C,,,,,"Set torque = 7227"
65600,RX,0x181,6,0x40,0x40,0x11,0x41,0x80,0x02,0x0B,,"Status word = 0x4111"
65607,TX,0x201,3,0x90,0x90,0x46,0x1B,,,,,"Set torque = 6982"
65613,RX,0x181,4,0x30,0x30,0x55,0x07,0x01,,,,"Speed feedback = 1877 rpm"
65633,TX,0x201,3,0x90,0x90,0xA1,0x1B,,,,,"Set torque = 7073"
65659,TX,0x201,3,0x90,0x90,0x59,0x1C,,,,,"Set torque = 7257"
65685,TX,0x201,3,0x90,0x90,0x27,0x1B,,,,,"Set torque = 6951"
65700,RX,0x181,6,0x40,0x40,0x11,0x41,0x80,0x02,0x0B,,"Status word = 0x4111"
65707,RX,0x181,4,0x30,0x30,0x05,0x07,0x01,,,,"Speed feedback = 1797 rpm"
65714,TX,0x201,3,0x90,0x90,0xC0,0x1B,,,,,"Set torque = 7104"
65740,TX,0x201,3,0x90,0x90,0x6F,0x1A,,,,,"Set torque = 6767"
65766,TX,0x201,3,0x90,0x90,0x11,0x1D,,,,,"Set torque = 7441"
65792,TX,0x201,3,0x90,0x90,0x59,0x1C,,,,,"Set torque = 7257"
65800,RX,0x181,6,0x40,0x40,0x11,0x41,0x80,0x02,0x0B,,"Status word = 0x4111"
65807,RX,0x181,4,0x30,0x30,0x05,0x07,0x01,,,,"Speed feedback = 1797 rpm"
65818,TX,0x201,3,0x90,0x90,0x08,0x1B,,,,,"Set torque = 6920"
65844,TX,0x201,3,0x90,0x90,0x46,0x1B,,,,,"Set torque = 6982"
65870,TX,0x201,3,0x90,0x90,0xCB,0x1A,,,,,"Set torque = 6859"
65896,TX,0x201,3,0x90,0x90,0x27,0x1B,,,,,"Set torque = 6951"
65902,RX,0x181,6,0x40,0x40,0x11,0x41,0x80,0x02,0x0B,,"Status word = 0x4111"
65908,RX,0x181,4,0x30,0x30,0x2D,0x07,0x01,,,,"Speed feedback = 1837 rpm"
65922,TX,0x201,3,0x90,0x90,0xD6,0x19,,,,,"Set torque = 6614"
65949,TX,0x201,3,0x90,0x90,0x4E,0x1D,,,,,"Set torque = 7502"
65975,TX,0x201,3,0x90,0x90,0xA1,0x1B,,,,,"Set torque = 7073"
66000,RX,0x181,6,0x40,0x40,0x11,0x41,0x80,0x02,0x0B,,"Status word = 0x4111"
66006,TX,0x201,3,0x90,0x90,0xDF,0x1B,,,,,"Set torque = 7135"
66013,RX,0x181,4,0x30,0x30,0x55,0x07,0x01,,,,"Speed feedback = 1877 rpm"
66033,TX,0x201,3,0x90,0x90,0xFD,0x1B,,,,,"Set torque = 7165"
66059,TX,0x201,3,0x90,0x90,0x46,0x1B,,,,,"Set torque = 6982"
66085,TX,0x201,3,0x90,0x90,0x6F,0x1A,,,,,"Set torque = 6767"
66100,RX,0x181,6,0x40,0x40,0x11,0x41,0x80,0x02,0x0B,,"Status word = 0x4111"
66107,RX,0x181,4,0x30,0x30,0x2D,0x07,0x01,,,,"Speed feedback = 1837 rpm"
66113,TX,0x201,3,0x90,0x90,0xD6,0x19,,,,,"Set torque = 6614"
66139,TX,0x201,3,0x90,0x90,0x64,0x1B,,,,,"Set torque = 7012"
66165,TX,0x201,3,0x90,0x90,0x1C,0x1C,,,,,"Set torque = 7196"
66191,TX,0x201,3,0x90,0x90,0x96,0x1C,,,,,"Set torque = 7318"
66200,RX,0x181,6,0x40,0x40,0x11,0x41,0x80,0x02,0x0B,,"Status word = 0x4111"
66206,RX,0x181,4,0x30,0x30,0x2D,0x07,0x01,,,,"Speed feedback = 1837 rpm"
66217,TX,0x201,3,0x90,0x90,0xFD,0x1B,,,,,"Set torque = 7165"
66243,TX,0x201,3,0x90,0x90,0x83,0x1B,,,,,"Set torque = 7043"
66269,TX,0x201,3,0x90,0x90,0xC0,0x1B,,,,,"Set torque = 7104"
66295,TX,0x201,3,0x90,0x90,0xEA,0x1A,,,,,"Set torque = 6890"
66301,RX,0x181,6,0x40,0x40,0x11,0x41,0x80,0x02,0x0B,,"Status word = 0x4111"
66307,RX,0x181,4,0x30,0x30,0xDD,0x06,0x01,,,,"Speed feedback = 1757 rpm"
66321,TX,0x201,3,0x90,0x90,0x11,0x1D,,,,,"Set torque = 7441"
66347,TX,0x201,3,0x90,0x90,0x27,0x1B,,,,,"Set torque = 6951"
66373,TX,0x201,3,0x90,0x90,0x11,0x1D,,,,,"Set torque = 7441"
66399,TX,0x201,3,0x90,0x90,0x08,0x1B,,,,,"Set torque = 6920"
66405,RX,0x181,6,0x40,0x40,0x11,0x41,0x80,0x02,0x0B,,"Status word = 0x4111"
66411,RX,0x181,4,0x30,0x30,0x2D,0x07,0x01,,,,"Speed feedback = 1837 rpm"
66425,TX,0x201,3,0x90,0x90,0xA1,0x1B,,,,,"Set torque = 7073"
66451,TX,0x201,3,0x90,0x90,0xC0,0x1B,,,,,"Set torque = 7104"
66477,TX,0x201,3,0x90,0x90,0x3B,0x1C,,,,,"Set torque = 7227"
66499,RX,0x181,6,0x40,0x40,0x11,0x41,0x80,0x02,0x0B,,"Status word = 0x4111"
66505,TX,0x201,3,0x90,0x90,0xD4,0x1C,,,,,"Set torque = 7380"
66512,RX,0x181,4,0x30,0x30,0x2D,0x07,0x01,,,,"Speed feedback = 1837 rpm"
66532,TX,0x201,3,0x90,0x90,0xFD,0x1B,,,,,"Set torque = 7165"
66558,TX,0x201,3,0x90,0x90,0x08,0x1B,,,,,"Set torque = 6920"
66584,TX,0x201,3,0x90,0x90,0x83,0x1B,,,,,"Set torque = 7043"
66599,RX,0x181,6,0x40,0x40,0x11,0x41,0x80,0x02,0x0B,,"Status word = 0x4111"
66606,RX,0x181,4,0x30,0x30,0x7D,0x07,0x01,,,,"Speed feedback = 1917 rpm"
66612,TX,0x201,3,0x90,0x90,0x6D,0x1D,,,,,"Set torque = 7533"
66639,TX,0x201,3,0x90,0x90,0x59,0x1C,,,,,"Set torque = 7257"
66665,TX,0x201,3,0x90,0x90,0xA1,0x1B,,,,,"Set torque = 7073"
66691,TX,0x201,3,0x90,0x90,0x1C,0x1C,,,,,"Set torque = 7196"
66699,RX,0x181,6,0x40,0x40,0x11,0x41,0x80,0x02,0x0B,,"Status word = 0x4111"
66706,RX,0x181,4,0x30,0x30,0xA4,0x07,0x01,,,,"Speed feedback = 1956 rpm"
66717,TX,0x201,3,0x90,0x90,0x08,0x1B,,,,,"Set torque = 6920"
66743,TX,0x201,3,0x90,0x90,0xC0,0x1B,,,,,"Set torque = 7104"
66769,TX,0x201,3,0x90,0x90,0x27,0x1B,,,,,"Set torque = 6951"
66795,TX,0x201,3,0x90,0x90,0xB5,0x1C,,,,,"Set torque = 7349"
66801,RX,0x181,6,0x40,0x40,0x11,0x41,0x80,0x02,0x0B,,"Status word = 0x4111"
66807,RX,0x181,4,0x30,0x30,0xDD,0x06,0x01,,,,"Speed feedback = 1757 rpm"
66821,TX,0x201,3,0x90,0x90,0xCB,0x1A,,,,,"Set torque = 6859"
66847,TX,0x201,3,0x90,0x90,0xC0,0x1B,,,,,"Set torque = 7104"
66873,TX,0x201,3,0x90,0x90,0x3B,0x1C,,,,,"Set torque = 7227"
66898,RX,0x181,6,0x40,0x40,0x11,0x41,0x80,0x02,0x0B,,"Status word = 0x4111"
66905,TX,0x201,3,0x90,0x90,0x3B,0x1C,,,,,"Set torque = 7227"
66911,RX,0x181,4,0x30,0x30,0x2D,0x07,0x01,,,,"Speed feedback = 1837 rpm"
66931,TX,0x201,3,0x90,0x90,0xEA,0x1A,,,,,"Set torque = 6890"
66957,TX,0x201,3,0x90,0x90,0x3B,0x1C,,,,,"Set torque = 7227"
66983,TX,0x201,3,0x90,0x90,0xEA,0x1A,,,,,"Set torque = 6890"
66998,RX,0x181,6,0x40,0x40,0x11,0x41,0x80,0x02,0x0B,,"Status word = 0x4111"
67005,RX,0x181,4,0x30,0x30,0xB5,0x06,0x01,,,,"Speed feedback = 1717 rpm"
67014,TX,0x201,3,0x90,0x90,0xC0,0x1B,,,,,"Set torque = 7104"
67041,TX,0x201,3,0x90,0x90,0x46,0x1B,,,,,"Set torque = 6982"
67067,TX,0x201,3,0x90,0x90,0x78,0x1C,,,,,"Set torque = 7288"
67093,TX,0x201,3,0x90,0x90,0x27,0x1B,,,,,"Set torque = 6951"
67100,RX,0x181,6,0x40,0x40,0x11,0x41,0x80,0x02,0x0B,,"Status word = 0x4111"
67107,RX,0x181,4,0x30,0x30,0x7D,0x07,0x01,,,,"Speed feedback = 1917 rpm"
67120,TX,0x201,3,0x90,0x90,0xCB,0x1A,,,,,"Set torque = 6859"
67146,TX,0x201,3,0x90,0x90,0x3D,0x19,,,,,"Set torque = 6461"
67172,TX,0x201,3,0x90,0x90,0xAD,0x1A,,,,,"Set torque = 6829"
67198,TX,0x201,3,0x90,0x90,0xEA,0x1A,,,,,"Set torque = 6890"
67204,RX,0x181,6,0x40,0x40,0x11,0x41,0x80,0x02,0x0B,,"Status word = 0x4111"
67210,RX,0x181,4,0x30,0x30,0x7D,0x07,0x01,,,,"Speed feedback = 1917 rpm"
67224,TX,0x201,3,0x90,0x90,0x67,0x18,,,,,"Set torque = 6247"
67250,TX,0x201,3,0x90,0x90,0x5C,0x19,,,,,"Set torque = 6492"
67276,TX,0x201,3,0x90,0x90,0x85,0x18,,,,,"Set torque = 6277"
67298,RX,0x181,6,0x40,0x40,0x11,0x41,0x80,0x02,0x0B,,"Status word = 0x4111"
67304,TX,0x201,3,0x90,0x90,0xB8,0x19,,,,,"Set torque = 6584"
67310,RX,0x181,4,0x30,0x30,0x55,0x07,0x01,,,,"Speed feedback = 1877 rpm"
67330,TX,0x201,3,0x90,0x90,0xD6,0x19,,,,,"Set torque = 6614"
67356,TX,0x201,3,0x90,0x90,0x99,0x19,,,,,"Set torque = 6553"
67382,TX,0x201,3,0x90,0x90,0x90,0x17,,,,,"Set torque = 6032"
67398,RX,0x181,6,0x40,0x40,0x11,0x41,0x80,0x02,0x0B,,"Status word = 0x4111"
67405,RX,0x181,4,0x30,0x30,0x55,0x07,0x01,,,,"Speed feedback = 1877 rpm"
67411,TX,0x201,3,0x90,0x90,0xB8,0x19,,,,,"Set torque = 6584"
67437,TX,0x201,3,0x90,0x90,0xEC,0x17,,,,,"Set torque = 6124"
67463,TX,0x201,3,0x90,0x90,0xA4,0x18,,,,,"Set torque = 6308"
67489,TX,0x201,3,0x90,0x90,0x32,0x1A,,,,,"Set torque = 6706"
67497,RX,0x181,6,0x40,0x40,0x11,0x41,0x80,0x02,0x0B,,"Status word = 0x4111"
67504,RX,0x181,4,0x30,0x30,0x05,0x07,0x01,,,,"Speed feedback = 1797 rpm"
67515,TX,0x201,3,0x90,0x90,0xF5,0x19,,,,,"Set torque = 6645"
67541,TX,0x201,3,0x90,0x90,0x8E,0x1A,,,,,"Set torque = 6798"
67566,TX,0x201,3,0x90,0x90,0xB8,0x19,,,,,"Set torque = 6584"
67592,TX,0x201,3,0x90,0x90,0x67,0x18,,,,,"Set torque = 6247"
67598,RX,0x181,6,0x40,0x40,0x11,0x41,0x80,0x02,0x0B,,"Status word = 0x4111"
67604,RX,0x181,4,0x30,0x30,0x2D,0x07,0x01,,,,"Speed feedback = 1837 rpm"
67618,TX,0x201,3,0x90,0x90,0x67,0x18,,,,,"Set torque = 6247"
67644,TX,0x201,3,0x90,0x90,0xC3,0x18,,,,,"Set torque = 6339"
67670,TX,0x201,3,0x90,0x90,0x0B,0x18,,,,,"Set torque = 6155"
67696,TX,0x201,3,0x90,0x90,0x5C,0x19,,,,,"Set torque = 6492"
67702,RX,0x181,6,0x40,0x40,0x11,0x41,0x80,0x02,0x0B,,"Status word = 0x4111"
67708,RX,0x181,4,0x30,0x30,0x2D,0x07,0x01,,,,"Speed feedback = 1837 rpm"
67722,TX,0x201,3,0x90,0x90,0x0B,0x18,,,,,"Set torque = 6155"
67748,TX,0x201,3,0x90,0x90,0x16,0x17,,,,,"Set torque = 5910"
67774,TX,0x201,3,0x90,0x90,0x4A,0x15,,,,,"Set torque = 5450"
67797,RX,0x181,6,0x40,0x40,0x11,0x41,0x80,0x02,0x0B,,"Status word = 0x4111"
67803,TX,0x201,3,0x90,0x90,0xB1,0x14,,,,,"Set torque = 5297"
67809,RX,0x181,4,0x30,0x30,0x55,0x07,0x01,,,,"Speed feedback = 1877 rpm"
67829,TX,0x201,3,0x90,0x90,0x9E,0x13,,,,,"Set torque = 5022"
67855,TX,0x201,3,0x90,0x90,0x8A,0x12,,,,,"Set torque = 4746"
67881,TX,0x201,3,0x90,0x90,0xF1,0x11,,,,,"Set torque = 4593"
67897,RX,0x181,6,0x40,0x40,0x11,0x41,0x80,0x02,0x0B,,"Status word = 0x4111"
67904,RX,0x181,4,0x30,0x30,0x05,0x07,0x01,,,,"Speed feedback = 1797 rpm"
67910,TX,0x201,3,0x90,0x90,0xD2,0x11,,,,,"Set torque = 4562"
67936,TX,0x201,3,0x90,0x90,0x77,0x11,,,,,"Set torque = 4471"
67962,TX,0x201,3,0x90,0x90,0x95,0x11,,,,,"Set torque = 4501"
67988,TX,0x201,3,0x90,0x90,0xDD,0x10,,,,,"Set torque = 4317"
67997,RX,0x181,6,0x40,0x40,0x11,0x41,0x80,0x02,0x0B,,"Status word = 0x4111"
68004,RX,0x181,4,0x30,0x30,0x05,0x07,0x01,,,,"Speed feedback = 1797 rpm"
68014,TX,0x201,3,0x90,0x90,0x77,0x11,,,,,"Set torque = 4471"
68040,TX,0x201,3,0x90,0x90,0x39,0x11,,,,,"Set torque = 4409"
68066,TX,0x201,3,0x90,0x90,0x42,0x13,,,,,"Set torque = 4930"
68092,TX,0x201,3,0x90,0x90,0xA0,0x10,,,,,"Set torque = 4256"
68098,RX,0x181,6,0x40,0x40,0x11,0x41,0x80,0x02,0x0B,,"Status word = 0x4111"
68104,RX,0x181,4,0x30,0x30,0xDD,0x06,0x01,,,,"Speed feedback = 1757 rpm"
68118,TX,0x201,3,0x90,0x90,0x82,0x10,,,,,"Set torque = 4226"
68144,TX,0x201,3,0x90,0x90,0x39,0x11,,,,,"Set torque = 4409"
68170,TX,0x201,3,0x90,0x90,0x63,0x10,,,,,"Set torque = 4195"
68196,TX,0x201,3,0x90,0x90,0x77,0x11,,,,,"Set torque = 4471"
68202,RX,0x181,6,0x40,0x40,0x11,0x41,0x80,0x02,0x0B,,"Status word = 0x4111"
68208,RX,0x181,4,0x30,0x30,0x7D,0x07,0x01,,,,"Speed feedback = 1917 rpm"
68222,TX,0x201,3,0x90,0x90,0xFC,0x10,,,,,"Set torque = 4348"
68248,TX,0x201,3,0x90,0x90,0x63,0x10,,,,,"Set torque = 4195"
68274,TX,0x201,3,0x90,0x90,0x6B,0x12,,,,,"Set torque = 4715"
68296,RX,0x181,6,0x40,0x40,0x11,0x41,0x80,0x02,0x0B,,"Status word = 0x4111"
68302,TX,0x201,3,0x90,0x90,0x77,0x11,,,,,"Set torque = 4471"
68309,RX,0x181,4,0x30,0x30,0x7D,0x07,0x01,,,,"Speed feedback = 1917 rpm"
68329,TX,0x201,3,0x90,0x90,0x77,0x11,,,,,"Set torque = 4471"
68355,TX,0x201,3,0x90,0x90,0xDD,0x10,,,,,"Set torque = 4317"
68381,TX,0x201,3,0x90,0x90,0x1B,0x11,,,,,"Set torque = 4379"
68396,RX,0x181,6,0x40,0x40,0x11,0x41,0x80,0x02,0x0B,,"Status word = 0x4111"
68403,RX,0x181,4,0x30,0x30,0x2D,0x07,0x01,,,,"Speed feedback = 1837 rpm"
68409,TX,0x201,3,0x90,0x90,0xD2,0x11,,,,,"Set torque = 4562"
68435,TX,0x201,3,0x90,0x90,0xB4,0x11,,,,,"Set torque = 4532"
68461,TX,0x201,3,0x90,0x90,0xFC,0x10,,,,,"Set torque = 4348"
68487,TX,0x201,3,0x90,0x90,0xB4,0x11,,,,,"Set torque = 4532"
68496,RX,0x181,6,0x40,0x40,0x11,0x41,0x80,0x02,0x0B,,"Status word = 0x4111"
68503,RX,0x181,4,0x30,0x30,0x2D,0x07,0x01,,,,"Speed feedback = 1837 rpm"
68513,TX,0x201,3,0x90,0x90,0xA0,0x10,,,,,"Set torque = 4256"
68539,TX,0x201,3,0x90,0x90,0x1B,0x11,,,,,"Set torque = 4379"
68565,TX,0x201,3,0x90,0x90,0xFC,0x10,,,,,"Set torque = 4348"
68591,TX,0x201,3,0x90,0x90,0xB4,0x11,,,,,"Set torque = 4532"
68597,RX,0x181,6,0x40,0x40,0x11,0x41,0x80,0x02,0x0B,,"Status word = 0x4111"
68603,RX,0x181,4,0x30,0x30,0xB5,0x06,0x01,,,,"Speed feedback = 1717 rpm"
68617,TX,0x201,3,0x90,0x90,0xA0,0x10,,,,,"Set torque = 4256"
68643,TX,0x201,3,0x90,0x90,0x77,0x11,,,,,"Set torque = 4471"
68669,TX,0x201,3,0x90,0x90,0x77,0x11,,,,,"Set torque = 4471"
68695,TX,0x201,3,0x90,0x90,0x42,0x13,,,,,"Set torque = 4930"
68701,RX,0x181,6,0x40,0x40,0x11,0x41,0x80,0x02,0x0B,,"Status word = 0x4111"
68707,RX,0x181,4,0x30,0x30,0x55,0x07,0x01,,,,"Speed feedback = 1877 rpm"
68721,TX,0x201,3,0x90,0x90,0xB4,0x11,,,,,"Set torque = 4532"
68747,TX,0x201,3,0x90,0x90,0x39,0x11,,,,,"Set torque = 4409"
68773,TX,0x201,3,0x90,0x90,0xE8,0x0F,,,,,"Set torque = 4072"
68795,RX,0x181,6,0x40,0x40,0x11,0x41,0x80,0x02,0x0B,,"Status word = 0x4111"
68802,TX,0x201,3,0x90,0x90,0xD2,0x11,,,,,"Set torque = 4562"
68808,RX,0x181,4,0x30,0x30,0x55,0x07,0x01,,,,"Speed feedback = 1877 rpm"
68828,TX,0x201,3,0x90,0x90,0x23,0x13,,,,,"Set torque = 4899"
68854,TX,0x201,3,0x90,0x90,0x39,0x11,,,,,"Set torque = 4409"
68880,TX,0x201,3,0x90,0x90,0x39,0x11,,,,,"Set torque = 4409"
68895,RX,0x181,6,0x40,0x40,0x11,0x41,0x80,0x02,0x0B,,"Status word = 0x4111"
68902,RX,0x181,4,0x30,0x30,0x7D,0x07,0x01,,,,"Speed feedback = 1917 rpm"
68908,TX,0x201,3,0x90,0x90,0x39,0x11,,,,,"Set torque = 4409"
68935,TX,0x201,3,0x90,0x90,0xB4,0x11,,,,,"Set torque = 4532"
68961,TX,0x201,3,0x90,0x90,0x10,0x12,,,,,"Set torque = 4624"
68987,TX,0x201,3,0x90,0x90,0xFC,0x10,,,,,"Set torque = 4348"
68995,RX,0x181,6,0x40,0x40,0x11,0x41,0x80,0x02,0x0B,,"Status word = 0x4111"
69002,RX,0x181,4,0x30,0x30,0x55,0x07,0x01,,,,"Speed feedback = 1877 rpm"
69013,TX,0x201,3,0x90,0x90,0xB4,0x11,,,,,"Set torque = 4532"
69039,TX,0x201,3,0x90,0x90,0x2E,0x12,,,,,"Set torque = 4654"
69065,TX,0x201,3,0x90,0x90,0x77,0x11,,,,,"Set torque = 4471"
69091,TX,0x201,3,0x90,0x90,0x1B,0x11,,,,,"Set torque = 4379"
69097,RX,0x181,6,0x40,0x40,0x11,0x41,0x80,0x02,0x0B,,"Status word = 0x4111"
69103,RX,0x181,4,0x30,0x30,0xDD,0x06,0x01,,,,"Speed feedback = 1757 rpm"
69117,TX,0x201,3,0x90,0x90,0x77,0x11,,,,,"Set torque = 4471"
69143,TX,0x201,3,0x90,0x90,0x2E,0x12,,,,,"Set torque = 4654"
69169,TX,0x201,3,0x90,0x90,0xB4,0x11,,,,,"Set torque = 4532"
69195,TX,0x201,3,0x90,0x90,0xFC,0x10,,,,,"Set torque = 4348"
69201,RX,0x181,6,0x40,0x40,0x11,0x41,0x80,0x02,0x0B,,"Status word = 0x4111"
69207,RX,0x181,4,0x30,0x30,0x2D,0x07,0x01,,,,"Speed feedback = 1837 rpm"
69221,TX,0x201,3,0x90,0x90,0xD2,0x11,,,,,"Set torque = 4562"
69247,TX,0x201,3,0x90,0x90,0x1B,0x11,,,,,"Set torque = 4379"
69273,TX,0x201,3,0x90,0x90,0x39,0x11,,,,,"Set torque = 4409"
69295,RX,0x181,6,0x40,0x40,0x11,0x41,0x80,0x02,0x0B,,"Status word = 0x4111"
69301,TX,0x201,3,0x90,0x90,0x6E,0x0F,,,,,"Set torque = 3950"
69307,RX,0x181,4,0x30,0x30,0x05,0x07,0x01,,,,"Speed feedback = 1797 rpm"
69327,TX,0x201,3,0x90,0x90,0x82,0x10,,,,,"Set torque = 4226"
69353,TX,0x201,3,0x90,0x90,0x1B,0x11,,,,,"Set torque = 4379"
69379,TX,0x201,3,0x90,0x90,0x10,0x12,,,,,"Set torque = 4624"
69394,RX,0x181,6,0x40,0x40,0x11,0x41,0x80,0x02,0x0B,,"Status word = 0x4111"
69401,RX,0x181,4,0x30,0x30,0x7D,0x07,0x01,,,,"Speed feedback = 1917 rpm"
69408,TX,0x201,3,0x90,0x90,0xE6,0x12,,,,,"Set torque = 4838"
69434,TX,0x201,3,0x90,0x90,0x6B,0x12,,,,,"Set torque = 4715"
69460,TX,0x201,3,0x90,0x90,0x42,0x13,,,,,"Set torque = 4930"
69486,TX,0x201,3,0x90,0x90,0x95,0x11,,,,,"Set torque = 4501"
69494,RX,0x181,6,0x40,0x40,0x11,0x41,0x80,0x02,0x0B,,"Status word = 0x4111"
69501,RX,0x181,4,0x30,0x30,0x55,0x07,0x01,,,,"Speed feedback = 1877 rpm"
69512,TX,0x201,3,0x90,0x90,0xA9,0x12,,,,,"Set torque = 4777"
69538,TX,0x201,3,0x90,0x90,0x18,0x14,,,,,"Set torque = 5144"
69564,TX,0x201,3,0x90,0x90,0x74,0x14,,,,,"Set torque = 5236"
69590,TX,0x201,3,0x90,0x90,0xB1,0x14,,,,,"Set torque = 5297"
69596,RX,0x181,6,0x40,0x40,0x11,0x41,0x80,0x02,0x0B,,"Status word = 0x4111"
69602,RX,0x181,4,0x30,0x30,0x55,0x07,0x01,,,,"Speed feedback = 1877 rpm"
69616,TX,0x201,3,0x90,0x90,0x4A,0x15,,,,,"Set torque = 5450"
69642,TX,0x201,3,0x90,0x90,0xC5,0x15,,,,,"Set torque = 5573"
69668,TX,0x201,3,0x90,0x90,0x4A,0x15,,,,,"Set torque = 5450"
69694,TX,0x201,3,0x90,0x90,0xA6,0x15,,,,,"Set torque = 5542"
69700,RX,0x181,6,0x40,0x40,0x11,0x41,0x80,0x02,0x0B,,"Status word = 0x4111"
69706,RX,0x181,4,0x30,0x30,0xDD,0x06,0x01,,,,"Speed feedback = 1757 rpm"
69720,TX,0x201,3,0x90,0x90,0xD0,0x14,,,,,"Set torque = 5328"
69746,TX,0x201,3,0x90,0x90,0xEF,0x14,,,,,"Set torque = 5359"
69772,TX,0x201,3,0x90,0x90,0xD0,0x14,,,,,"Set torque = 5328"
69794,RX,0x181,6,0x40,0x40,0x11,0x41,0x80,0x02,0x0B,,"Status word = 0x4111"
69800,TX,0x201,3,0x90,0x90,0x3F,0x16,,,,,"Set torque = 5695"
69806,RX,0x181,4,0x30,0x30,0x2D,0x07,0x01,,,,"Speed feedback = 1837 rpm"
69826,TX,0x201,3,0x90,0x90,0x02,0x16,,,,,"Set torque = 5634"
69852,TX,0x201,3,0x90,0x90,0x2C,0x15,,,,,"Set torque = 5420"
69878,TX,0x201,3,0x90,0x90,0x3F,0x16,,,,,"Set torque = 5695"
69894,RX,0x181,6,0x40,0x40,0x11,0x41,0x80,0x02,0x0B,,"Status word = 0x4111"
69901,RX,0x181,4,0x30,0x30,0x7D,0x07,0x01,,,,"Speed feedback = 1917 rpm"
69907,TX,0x201,3,0x90,0x90,0xC5,0x15,,,,,"Set torque = 5573"
69933,TX,0x201,3,0x90,0x90,0x5E,0x16,,,,,"Set torque = 5726"
69959,TX,0x201,3,0x90,0x90,0x0D,0x15,,,,,"Set torque = 5389"
69985,TX,0x201,3,0x90,0x90,0x02,0x16,,,,,"Set torque = 5634"
69994,RX,0x181,6,0x40,0x40,0x11,0x41,0x80,0x02,0x0B,,"Status word = 0x4111"
70000,RX,0x181,4,0x30,0x30,0x7D,0x07,0x01,,,,"Speed feedback = 1917 rpm"
70011,TX,0x201,3,0x90,0x90,0x69,0x15,,,,,"Set torque = 5481"
70037,TX,0x201,3,0x90,0x90,0x37,0x14,,,,,"Set torque = 5175"
70063,TX,0x201,3,0x90,0x90,0xEF,0x14,,,,,"Set torque = 5359"
70089,TX,0x201,3,0x90,0x90,0x3F,0x16,,,,,"Set torque = 5695"
70095,RX,0x181,6,0x40,0x40,0x11,0x41,0x80,0x02,0x0B,,"Status word = 0x4111"
70101,RX,0x181,4,0x30,0x30,0x2D,0x07,0x01,,,,"Speed feedback = 1837 rpm"
70115,TX,0x201,3,0x90,0x90,0x88,0x15,,,,,"Set torque = 5512"
70141,TX,0x201,3,0x90,0x90,0x2C,0x15,,,,,"Set torque = 5420"
70167,TX,0x201,3,0x90,0x90,0x4A,0x15,,,,,"Set torque = 5450"
70193,TX,0x201,3,0x90,0x90,0xBA,0x16,,,,,"Set torque = 5818"
70200,RX,0x181,6,0x40,0x40,0x11,0x41,0x80,0x02,0x0B,,"Status word = 0x4111"
70206,RX,0x181,4,0x30,0x30,0x8D,0x06,0x01,,,,"Speed feedback = 1677 rpm"
70220,TX,0x201,3,0x90,0x90,0xA6,0x15,,,,,"Set torque = 5542"
70246,TX,0x201,3,0x90,0x90,0xEF,0x14,,,,,"Set torque = 5359"
70272,TX,0x201,3,0x90,0x90,0x5E,0x16,,,,,"Set torque = 5726"
70293,RX,0x181,6,0x40,0x40,0x11,0x41,0x80,0x02,0x0B,,"Status word = 0x4111"
70299,TX,0x201,3,0x90,0x90,0x5E,0x16,,,,,"Set torque = 5726"
70306,RX,0x181,4,0x30,0x30,0x2D,0x07,0x01,,,,"Speed feedback = 1837 rpm"
70326,TX,0x201,3,0x90,0x90,0xA6,0x15,,,,,"Set torque = 5542"
70352,TX,0x201,3,0x90,0x90,0xA6,0x15,,,,,"Set torque = 5542"
70378,TX,0x201,3,0x90,0x90,0xB1,0x14,,,,,"Set torque = 5297"
70393,RX,0x181,6,0x40,0x40,0x11,0x41,0x80,0x02,0x0B,,"Status word = 0x4111"
70400,RX,0x181,4,0x30,0x30,0x05,0x07,0x01,,,,"Speed feedback = 1797 rpm"
70407,TX,0x201,3,0x90,0x90,0xCE,0x17,,,,,"Set torque = 6094"
70433,TX,0x201,3,0x90,0x90,0xC5,0x15,,,,,"Set torque = 5573"
70459,TX,0x201,3,0x90,0x90,0xC5,0x15,,,,,"Set torque = 5573"
70485,TX,0x201,3,0x90,0x90,0xC5,0x15,,,,,"Set torque = 5573"
70493,RX,0x181,6,0x40,0x40,0x11,0x41,0x80,0x02,0x0B,,"Status word = 0x4111"
70500,RX,0x181,4,0x30,0x30,0x7D,0x07,0x01,,,,"Speed feedback = 1917 rpm"
70511,TX,0x201,3,0x90,0x90,0x2C,0x15,,,,,"Set torque = 5420"
70537,TX,0x201,3,0x90,0x90,0x88,0x15,,,,,"Set torque = 5512"
70563,TX,0x201,3,0x90,0x90,0x9B,0x16,,,,,"Set torque = 5787"
70589,TX,0x201,3,0x90,0x90,0x93,0x14,,,,,"Set torque = 5267"
70595,RX,0x181,6,0x40,0x40,0x11,0x41,0x80,0x02,0x0B,,"Status word = 0x4111"
70601,RX,0x181,4,0x30,0x30,0xA4,0x07,0x01,,,,"Speed feedback = 1956 rpm"
70615,TX,0x201,3,0x90,0x90,0x3F,0x16,,,,,"Set torque = 5695"
70641,TX,0x201,3,0x90,0x90,0x69,0x15,,,,,"Set torque = 5481"
70667,TX,0x201,3,0x90,0x90,0x69,0x15,,,,,"Set torque = 5481"
70692,RX,0x181,6,0x40,0x40,0x11,0x41,0x80,0x02,0x0B,,"Status word = 0x4111"
70699,TX,0x201,3,0x90,0x90,0x55,0x14,,,,,"Set torque = 5205"
70705,RX,0x181,4,0x30,0x30,0x2D,0x07,0x01,,,,"Speed feedback = 1837 rpm"
70725,TX,0x201,3,0x90,0x90,0xDB,0x13,,,,,"Set torque = 5083"
70751,TX,0x201,3,0x90,0x90,0x8A,0x12,,,,,"Set torque = 4746"
70777,TX,0x201,3,0x90,0x90,0x37,0x14,,,,,"Set torque = 5175"
70792,RX,0x181,6,0x40,0x40,0x11,0x41,0x80,0x02,0x0B,,"Status word = 0x4111"
70799,RX,0x181,4,0x30,0x30,0x05,0x07,0x01,,,,"Speed feedback = 1797 rpm"
70806,TX,0x201,3,0x90,0x90,0xFA,0x13,,,,,"Set torque = 5114"
70832,TX,0x201,3,0x90,0x90,0x60,0x13,,,,,"Set torque = 4960"
70858,TX,0x201,3,0x90,0x90,0x74,0x14,,,,,"Set torque = 5236"
70884,TX,0x201,3,0x90,0x90,0x74,0x14,,,,,"Set torque = 5236"
70892,RX,0x181,6,0x40,0x40,0x11,0x41,0x80,0x02,0x0B,,"Status word = 0x4111"
70899,RX,0x181,4,0x30,0x30,0xB5,0x06,0x01,,,,"Speed feedback = 1717 rpm"
70910,TX,0x201,3,0x90,0x90,0x9E,0x13,,,,,"Set torque = 5022"
70936,TX,0x201,3,0x90,0x90,0x55,0x14,,,,,"Set torque = 5205"
70962,TX,0x201,3,0x90,0x90,0xDB,0x13,,,,,"Set torque = 5083"
70988,TX,0x201,3,0x90,0x90,0x18,0x14,,,,,"Set torque = 5144"
70994,RX,0x181,6,0x40,0x40,0x11,0x41,0x80,0x02,0x0B,,"Status word = 0x4111"
71000,RX,0x181,4,0x30,0x30,0x2D,0x07,0x01,,,,"Speed feedback = 1837 rpm"
71014,TX,0x201,3,0x90,0x90,0x37,0x14,,,,,"Set torque = 5175"
71040,TX,0x201,3,0x90,0x90,0x7F,0x13,,,,,"Set torque = 4991"
71066,TX,0x201,3,0x90,0x90,0x05,0x13,,,,,"Set torque = 4869"
71092,TX,0x201,3,0x90,0x90,0xBC,0x13,,,,,"Set torque = 5052"
71098,RX,0x181,6,0x40,0x40,0x11,0x41,0x80,0x02,0x0B,,"Status word = 0x4111"
71104,RX,0x181,4,0x30,0x30,0x2D,0x07,0x01,,,,"Speed feedback = 1837 rpm"
71118,TX,0x201,3,0x90,0x90,0xFA,0x13,,,,,"Set torque = 5114"
71144,TX,0x201,3,0x90,0x90,0xD2,0x11,,,,,"Set torque = 4562"
71170,TX,0x201,3,0x90,0x90,0x7F,0x13,,,,,"Set torque = 4991"
71192,RX,0x181,6,0x40,0x40,0x11,0x41,0x80,0x02,0x0B,,"Status word = 0x4111"
71198,TX,0x201,3,0x90,0x90,0xDB,0x13,,,,,"Set torque = 5083"
71204,RX,0x181,4,0x30,0x30,0x55,0x07,0x01,,,,"Speed feedback = 1877 rpm"
71224,TX,0x201,3,0x90,0x90,0x37,0x14,,,,,"Set torque = 5175"
71250,TX,0x201,3,0x90,0x90,0xE6,0x12,,,,,"Set torque = 4838"
71279,TX,0x201,3,0x90,0x90,0x2C,0x15,,,,,"Set torque = 5420"
71291,RX,0x181,6,0x40,0x40,0x11,0x41,0x80,0x02,0x0B,,"Status word = 0x4111"
71298,RX,0x181,4,0x30,0x30,0x2D,0x07,0x01,,,,"Speed feedback = 1837 rpm"
71305,TX,0x201,3,0x90,0x90,0x55,0x14,,,,,"Set torque = 5205"
71331,TX,0x201,3,0x90,0x90,0xE6,0x12,,,,,"Set torque = 4838"
71357,TX,0x201,3,0x90,0x90,0xDB,0x13,,,,,"Set torque = 5083"
71383,TX,0x201,3,0x90,0x90,0x18,0x14,,,,,"Set torque = 5144"
71391,RX,0x181,6,0x40,0x40,0x11,0x41,0x80,0x02,0x0B,,"Status word = 0x4111"
71398,RX,0x181,4,0x30,0x30,0x05,0x07,0x01,,,,"Speed feedback = 1797 rpm"
71409,TX,0x201,3,0x90,0x90,0xEF,0x14,,,,,"Set torque = 5359"
71435,TX,0x201,3,0x90,0x90,0xDB,0x13,,,,,"Set torque = 5083"
71461,TX,0x201,3,0x90,0x90,0xBC,0x13,,,,,"Set torque = 5052"
71487,TX,0x201,3,0x90,0x90,0x8A,0x12,,,,,"Set torque = 4746"
71493,RX,0x181,6,0x40,0x40,0x11,0x41,0x80,0x02,0x0B,,"Status word = 0x4111"
71499,RX,0x181,4,0x30,0x30,0x2D,0x07,0x01,,,,"Speed feedback = 1837 rpm"
71513,TX,0x201,3,0x90,0x90,0x37,0x14,,,,,"Set torque = 5175"
71539,TX,0x201,3,0x90,0x90,0xFA,0x13,,,,,"Set torque = 5114"
71565,TX,0x201,3,0x90,0x90,0x74,0x14,,,,,"Set torque = 5236"
71591,TX,0x201,3,0x90,0x90,0xFA,0x13,,,,,"Set torque = 5114"
71597,RX,0x181,6,0x40,0x40,0x11,0x41,0x80,0x02,0x0B,,"Status word = 0x4111"
71603,RX,0x181,4,0x30,0x30,0x55,0x07,0x01,,,,"Speed feedback = 1877 rpm"
71617,TX,0x201,3,0x90,0x90,0x9E,0x13,,,,,"Set torque = 5022"
71643,TX,0x201,3,0x90,0x90,0x0D,0x15,,,,,"Set torque = 5389"
71669,TX,0x201,3,0x90,0x90,0x37,0x14,,,,,"Set torque = 5175"
71691,RX,0x181,6,0x40,0x40,0x11,0x41,0x80,0x02,0x0B,,"Status word = 0x4111"
71697,TX,0x201,3,0x90,0x90,0xDB,0x13,,,,,"Set torque = 5083"
71703,RX,0x181,4,0x30,0x30,0x7D,0x07,0x01,,,,"Speed feedback = 1917 rpm"
71723,TX,0x201,3,0x90,0x90,0x37,0x14,,,,,"Set torque = 5175"
71749,TX,0x201,3,0x90,0x90,0x42,0x13,,,,,"Set torque = 4930"
71775,TX,0x201,3,0x90,0x90,0x18,0x14,,,,,"Set torque = 5144"
71791,RX,0x181,6,0x40,0x40,0x11,0x41,0x80,0x02,0x0B,,"Status word = 0x4111"
71798,RX,0x181,4,0x30,0x30,0x05,0x07,0x01,,,,"Speed feedback = 1797 rpm"
71804,TX,0x201,3,0x90,0x90,0x60,0x13,,,,,"Set torque = 4960"
71830,TX,0x201,3,0x90,0x90,0xD0,0x14,,,,,"Set torque = 5328"
71856,TX,0x201,3,0x90,0x90,0x55,0x14,,,,,"Set torque = 5205"
71882,TX,0x201,3,0x90,0x90,0x74,0x14,,,,,"Set torque = 5236"
71891,RX,0x181,6,0x40,0x40,0x11,0x41,0x80,0x02,0x0B,,"Status word = 0x4111"
71897,RX,0x181,4,0x30,0x30,0x2D,0x07,0x01,,,,"Speed feedback = 1837 rpm"
71908,TX,0x201,3,0x90,0x90,0xE4,0x15,,,,,"Set torque = 5604"
71934,TX,0x201,3,0x90,0x90,0x7F,0x13,,,,,"Set torque = 4991"
71960,TX,0x201,3,0x90,0x90,0x8A,0x12,,,,,"Set torque = 4746"
71986,TX,0x201,3,0x90,0x90,0x6B,0x12,,,,,"Set torque = 4715"
71992,RX,0x181,6,0x40,0x40,0x11,0x41,0x80,0x02,0x0B,,"Status word = 0x4111"
71998,RX,0x181,4,0x30,0x30,0xB5,0x06,0x01,,,,"Speed feedback = 1717 rpm"
72012,TX,0x201,3,0x90,0x90,0xF1,0x11,,,,,"Set torque = 4593"
72038,TX,0x201,3,0x90,0x90,0x6B,0x12,,,,,"Set torque = 4715"
72064,TX,0x201,3,0x90,0x90,0xD2,0x11,,,,,"Set torque = 4562"
72090,TX,0x201,3,0x90,0x90,0xB4,0x11,,,,,"Set torque = 4532"
72096,RX,0x181,6,0x40,0x40,0x11,0x41,0x80,0x02,0x0B,,"Status word = 0x4111"
72102,RX,0x181,4,0x30,0x30,0x7D,0x07,0x01,,,,"Speed feedback = 1917 rpm"
72116,TX,0x201,3,0x90,0x90,0xD2,0x11,,,,,"Set torque = 4562"
72142,TX,0x201,3,0x90,0x90,0xE8,0x0F,,,,,"Set torque = 4072"
72168,TX,0x201,3,0x90,0x90,0x77,0x11,,,,,"Set torque = 4471"
72190,RX,0x181,6,0x40,0x40,0x11,0x41,0x80,0x02,0x0B,,"Status word = 0x4111"
72195,TX,0x201,3,0x90,0x90,0x63,0x10,,,,,"Set torque = 4195"
72202,RX,0x181,4,0x30,0x30,0x7D,0x07,0x01,,,,"Speed feedback = 1917 rpm"
72222,TX,0x201,3,0x90,0x90,0xAB,0x0F,,,,,"Set torque = 4011"
72248,TX,0x201,3,0x90,0x90,0x39,0x11,,,,,"Set torque = 4409"
72274,TX,0x201,3,0x90,0x90,0x6E,0x0F,,,,,"Set torque = 3950"
72290,RX,0x181,6,0x40,0x40,0x11,0x41,0x80,0x02,0x0B,,"Status word = 0x4111"
72297,RX,0x181,4,0x30,0x30,0x55,0x07,0x01,,,,"Speed feedback = 1877 rpm"
72303,TX,0x201,3,0x90,0x90,0xE8,0x0F,,,,,"Set torque = 4072"
72329,TX,0x201,3,0x90,0x90,0x4F,0x0F,,,,,"Set torque = 3919"
72355,TX,0x201,3,0x90,0x90,0x07,0x10,,,,,"Set torque = 4103"
72381,TX,0x201,3,0x90,0x90,0x6E,0x0F,,,,,"Set torque = 3950"
72390,RX,0x181,6,0x40,0x40,0x11,0x41,0x80,0x02,0x0B,,"Status word = 0x4111"
72397,RX,0x181,4,0x30,0x30,0x55,0x07,0x01,,,,"Speed feedback = 1877 rpm"
72407,TX,0x201,3,0x90,0x90,0x5A,0x0E,,,,,"Set torque = 3674"
72433,TX,0x201,3,0x90,0x90,0xF3,0x0E,,,,,"Set torque = 3827"
72459,TX,0x201,3,0x90,0x90,0xF3,0x0E,,,,,"Set torque = 3827"
72485,TX,0x201,3,0x90,0x90,0x1D,0x0E,,,,,"Set torque = 3613"
72491,RX,0x181,6,0x40,0x40,0x11,0x41,0x80,0x02,0x0B,,"Status word = 0x4111"
72497,RX,0x181,4,0x30,0x30,0xB5,0x06,0x01,,,,"Speed feedback = 1717 rpm"
72511,TX,0x201,3,0x90,0x90,0x84,0x0D,,,,,"Set torque = 3460"
72537,TX,0x201,3,0x90,0x90,0x8F,0x0C,,,,,"Set torque = 3215"
72563,TX,0x201,3,0x90,0x90,0xCC,0x0C,,,,,"Set torque = 3276"
72589,TX,0x201,3,0x90,0x90,0xAE,0x0C,,,,,"Set torque = 3246"
72595,RX,0x181,6,0x40,0x40,0x11,0x41,0x80,0x02,0x0B,,"Status word = 0x4111"
72601,RX,0x181,4,0x30,0x30,0x05,0x07,0x01,,,,"Speed feedback = 1797 rpm"
72615,TX,0x201,3,0x90,0x90,0x09,0x0D,,,,,"Set torque = 3337"
72641,TX,0x201,3,0x90,0x90,0xD7,0x0B,,,,,"Set torque = 3031"
72667,TX,0x201,3,0x90,0x90,0xD7,0x0B,,,,,"Set torque = 3031"
72689,RX,0x181,6,0x40,0x40,0x11,0x41,0x80,0x02,0x0B,,"Status word = 0x4111"
72695,TX,0x201,3,0x90,0x90,0xB9,0x0B,,,,,"Set torque = 3001"
72702,RX,0x181,4,0x30,0x30,0x2D,0x07,0x01,,,,"Speed feedback = 1837 rpm"
72722,TX,0x201,3,0x90,0x90,0xCC,0x0C,,,,,"Set torque = 3276"
72748,TX,0x201,3,0x90,0x90,0xB9,0x0B,,,,,"Set torque = 3001"
72774,TX,0x201,3,0x90,0x90,0x68,0x0A,,,,,"Set torque = 2664"
72789,RX,0x181,6,0x40,0x40,0x11,0x41,0x80,0x02,0x0B,,"Status word = 0x4111"
72796,RX,0x181,4,0x30,0x30,0x7D,0x07,0x01,,,,"Speed feedback = 1917 rpm"
72803,TX,0x201,3,0x90,0x90,0x9C,0x08,,,,,"Set torque = 2204"
72829,TX,0x201,3,0x90,0x90,0x7E,0x08,,,,,"Set torque = 2174"
72855,TX,0x201,3,0x90,0x90,0x5F,0x08,,,,,"Set torque = 2143"
72881,TX,0x201,3,0x90,0x90,0x5F,0x08,,,,,"Set torque = 2143"
72889,RX,0x181,6,0x40,0x40,0x11,0x41,0x80,0x02,0x0B,,"Status word = 0x4111"
72896,RX,0x181,4,0x30,0x30,0x55,0x07,0x01,,,,"Speed feedback = 1877 rpm"
72907,TX,0x201,3,0x90,0x90,0x38,0x06,,,,,"Set torque = 1592"
72933,TX,0x201,3,0x90,0x90,0x41,0x08,,,,,"Set torque = 2113"
72959,TX,0x201,3,0x90,0x90,0x19,0x06,,,,,"Set torque = 1561"
72985,TX,0x201,3,0x90,0x90,0x43,0x05,,,,,"Set torque = 1347"
72991,RX,0x181,6,0x40,0x40,0x11,0x41,0x80,0x02,0x0B,,"Status word = 0x4111"
72997,RX,0x181,4,0x30,0x30,0x05,0x07,0x01,,,,"Speed feedback = 1797 rpm"
73011,TX,0x201,3,0x90,0x90,0x45,0x02,,,,,"Set torque = 581"
73037,TX,0x201,3,0x90,0x90,0x5B,0x00,,,,,"Set torque = 91"
73063,TX,0x201,3,0x90,0x90,0x00,0x00,,,,,"Set torque = 0"
73089,TX,0x201,3,0x90,0x90,0x00,0x00,,,,,"Set torque = 0"
73095,RX,0x181,6,0x40,0x40,0x11,0x41,0x80,0x02,0x0B,,"Status word = 0x4111"
73101,RX,0x181,4,0x30,0x30,0x05,0x07,0x01,,,,"Speed feedback = 1797 rpm"
73115,TX,0x201,3,0x90,0x90,0x00,0x00,,,,,"Set torque = 0"
73141,TX,0x201,3,0x90,0x90,0x00,0x00,,,,,"Set torque = 0"
73167,TX,0x201,3,0x90,0x90,0x00,0x00,,,,,"Set torque = 0"
73188,RX,0x181,6,0x40,0x40,0x11,0x41,0x80,0x02,0x0B,,"Status word = 0x4111"
73195,TX,0x201,3,0x90,0x90,0x00,0x00,,,,,"Set torque = 0"
73201,RX,0x181,4,0x30,0x30,0x3D,0x06,0x01,,,,"Speed feedback = 1597 rpm"
73221,TX,0x201,3,0x90,0x90,0x00,0x00,,,,,"Set torque = 0"
73247,TX,0x201,3,0x90,0x90,0x00,0x00,,,,,"Set torque = 0"
73273,TX,0x201,3,0x90,0x90,0x00,0x00,,,,,"Set torque = 0"
73288,RX,0x181,6,0x40,0x40,0x11,0x41,0x80,0x02,0x0B,,"Status word = 0x4111"
73295,RX,0x181,4,0x30,0x30,0x9D,0x05,0x01,,,,"Speed feedback = 1437 rpm"
73301,TX,0x201,3,0x90,0x90,0x00,0x00,,,,,"Set torque = 0"
73328,TX,0x201,3,0x90,0x90,0x00,0x00,,,,,"Set torque = 0"
73354,TX,0x201,3,0x90,0x90,0x00,0x00,,,,,"Set torque = 0"
73380,TX,0x201,3,0x90,0x90,0x00,0x00,,,,,"Set torque = 0"
73388,RX,0x181,6,0x40,0x40,0x11,0x41,0x80,0x02,0x0B,,"Status word = 0x4111"
73395,RX,0x181,4,0x30,0x30,0xFE,0x04,0x01,,,,"Speed feedback = 1278 rpm"
73406,TX,0x201,3,0x90,0x90,0x00,0x00,,,,,"Set torque = 0"
73432,TX,0x201,3,0x90,0x90,0x00,0x00,,,,,"Set torque = 0"
73458,TX,0x201,3,0x90,0x90,0x00,0x00,,,,,"Set torque = 0"
73484,TX,0x201,3,0x90,0x90,0x00,0x00,,,,,"Set torque = 0"
73490,RX,0x181,6,0x40,0x40,0x11,0x41,0x80,0x02,0x0B,,"Status word = 0x4111"
73496,RX,0x181,4,0x30,0x30,0x36,0x04,0x01,,,,"Speed feedback = 1078 rpm"
73510,TX,0x201,3,0x90,0x90,0x00,0x00,,,,,"Set torque = 0"
73536,TX,0x201,3,0x90,0x90,0x00,0x00,,,,,"Set torque = 0"
73562,TX,0x201,3,0x90,0x90,0x00,0x00,,,,,"Set torque = 0"
73588,TX,0x201,3,0x90,0x90,0x00,0x00,,,,,"Set torque = 0"
73594,RX,0x181,6,0x40,0x40,0x11,0x41,0x80,0x02,0x0B,,"Status word = 0x4111"
73600,RX,0x181,4,0x30,0x30,0x6E,0x03,0x01,,,,"Speed feedback = 878 rpm"
73614,TX,0x201,3,0x90,0x90,0x00,0x00,,,,,"Set torque = 0"
73640,TX,0x201,3,0x90,0x90,0x00,0x00,,,,,"Set torque = 0"
73666,TX,0x201,3,0x90,0x90,0x00,0x00,,,,,"Set torque = 0"
73688,RX,0x181,6,0x40,0x40,0x11,0x41,0x80,0x02,0x0B,,"Status word = 0x4111"
73695,RX,0x181,4,0x30,0x30,0xA6,0x02,0x01,,,,"Speed feedback = 678 rpm"
73701,TX,0x201,3,0x90,0x90,0x00,0x00,,,,,"Set torque = 0"
73728,TX,0x201,3,0x90,0x90,0x00,0x00,,,,,"Set torque = 0"
73754,TX,0x201,3,0x90,0x90,0x00,0x00,,,,,"Set torque = 0"
73780,TX,0x201,3,0x90,0x90,0x00,0x00,,,,,"Set torque = 0"
73787,RX,0x181,6,0x40,0x40,0x11,0x41,0x80,0x00,0x0B,,"Status word = 0x4111"
73794,RX,0x181,4,0x30,0x30,0x2F,0x02,0x01,,,,"Speed feedback = 559 rpm"
73806,TX,0x201,3,0x90,0x90,0x00,0x00,,,,,"Set torque = 0"
73832,TX,0x201,3,0x90,0x90,0x00,0x00,,,,,"Set torque = 0"
73858,TX,0x201,3,0x90,0x90,0x00,0x00,,,,,"Set torque = 0"
73884,TX,0x201,3,0x90,0x90,0x00,0x00,,,,,"Set torque = 0"
73890,RX,0x181,6,0x40,0x40,0x11,0x41,0x80,0x00,0x0B,,"Status word = 0x4111"
73896,RX,0x181,4,0x30,0x30,0x67,0x01,0x01,,,,"Speed feedback = 359 rpm"
73910,TX,0x201,3,0x90,0x90,0x00,0x00,,,,,"Set torque = 0"
73936,TX,0x201,3,0x90,0x90,0x00,0x00,,,,,"Set torque = 0"
73962,TX,0x201,3,0x90,0x90,0x00,0x00,,,,,"Set torque = 0"
73987,RX,0x181,6,0x40,0x40,0x11,0x41,0x80,0x00,0x0B,,"Status word = 0x4111"
73993,TX,0x201,3,0x90,0x90,0x00,0x00,,,,,"Set torque = 0"
74000,RX,0x181,4,0x30,0x30,0x17,0x01,0x01,,,,"Speed feedback = 279 rpm"
74020,TX,0x201,3,0x90,0x90,0x00,0x00,,,,,"Set torque = 0"
74046,TX,0x201,3,0x90,0x90,0x00,0x00,,,,,"Set torque = 0"
74072,TX,0x201,3,0x90,0x90,0x00,0x00,,,,,"Set torque = 0"
74087,RX,0x181,6,0x40,0x40,0x11,0x41,0x80,0x00,0x0B,,"Status word = 0x4111"
74094,RX,0x181,4,0x30,0x30,0x9F,0x00,0x01,,,,"Speed feedback = 159 rpm"
74100,TX,0x201,3,0x90,0x90,0x00,0x00,,,,,"Set torque = 0"
74126,TX,0x201,3,0x90,0x90,0x00,0x00,,,,,"Set torque = 0"
74152,TX,0x201,3,0x90,0x90,0x00,0x00,,,,,"Set torque = 0"
74178,TX,0x201,3,0x90,0x90,0x00,0x00,,,,,"Set torque = 0"
74187,RX,0x181,6,0x40,0x40,0x11,0x41,0x80,0x00,0x0B,,"Status word = 0x4111"
74194,RX,0x181,4,0x30,0x30,0x4F,0x00,0x01,,,,"Speed feedback = 79 rpm"
74204,TX,0x201,3,0x90,0x90,0x00,0x00,,,,,"Set torque = 0"
74230,TX,0x201,3,0x90,0x90,0x00,0x00,,,,,"Set torque = 0"
74256,TX,0x201,3,0x90,0x90,0x00,0x00,,,,,"Set torque = 0"
74282,TX,0x201,3,0x90,0x90,0x00,0x00,,,,,"Set torque = 0"
74288,RX,0x181,6,0x40,0x40,0x11,0x41,0x80,0x00,0x0B,,"Status word = 0x4111"
74294,RX,0x181,4,0x30,0x30,0x4F,0x00,0x01,,,,"Speed feedback = 79 rpm"
74308,TX,0x201,3,0x90,0x90,0x00,0x00,,,,,"Set torque = 0"
74334,TX,0x201,3,0x90,0x90,0x00,0x00,,,,,"Set torque = 0"
74360,TX,0x201,3,0x90,0x90,0x00,0x00,,,,,"Set torque = 0"
74386,TX,0x201,3,0x90,0x90,0x00,0x00,,,,,"Set torque = 0"
74392,RX,0x181,6,0x40,0x40,0x11,0x43,0x80,0x00,0x0B,,"Status word = 0x4311"
74398,RX,0x181,4,0x30,0x30,0x00,0x00,0x01,,,,"Speed feedback = 0 rpm"
74412,TX,0x201,3,0x90,0x90,0x00,0x00,,,,,"Set torque = 0"
74438,TX,0x201,3,0x90,0x90,0x00,0x00,,,,,"Set torque = 0"
74464,TX,0x201,3,0x90,0x90,0x00,0x00,,,,,"Set torque = 0"
74486,RX,0x181,6,0x40,0x40,0x11,0x43,0x80,0x00,0x0B,,"Status word = 0x4311"
74493,RX,0x181,4,0x30,0x30,0x00,0x00,0x01,,,,"Speed feedback = 0 rpm"
74500,TX,0x201,3,0x90,0x90,0x00,0x00,,,,,"Set torque = 0"
74526,TX,0x201,3,0x90,0x90,0x00,0x00,,,,,"Set torque = 0"
74552,TX,0x201,3,0x90,0x90,0x00,0x00,,,,,"Set torque = 0"
74578,TX,0x201,3,0x90,0x90,0x00,0x00,,,,,"Set torque = 0"
74586,RX,0x181,6,0x40,0x40,0x11,0x43,0x80,0x00,0x0B,,"Status word = 0x4311"
74593,RX,0x181,4,0x30,0x30,0x00,0x00,0x01,,,,"Speed feedback = 0 rpm"
74604,TX,0x201,3,0x90,0x90,0x00,0x00,,,,,"Set torque = 0"
74630,TX,0x201,3,0x90,0x90,0x00,0x00,,,,,"Set torque = 0"
74656,TX,0x201,3,0x90,0x90,0x00,0x00,,,,,"Set torque = 0"
74682,TX,0x201,3,0x90,0x90,0x00,0x00,,,,,"Set torque = 0"
74688,RX,0x181,6,0x40,0x40,0x11,0x43,0x80,0x00,0x0B,,"Status word = 0x4311"
74694,RX,0x181,4,0x30,0x30,0x00,0x00,0x01,,,,"Speed feedback = 0 rpm"
74708,TX,0x201,3,0x90,0x90,0x00,0x00,,,,,"Set torque = 0"
74734,TX,0x201,3,0x90,0x90,0x00,0x00,,,,,"Set torque = 0"
74760,TX,0x201,3,0x90,0x90,0x00,0x00,,,,,"Set torque = 0"
74786,TX,0x201,3,0x90,0x90,0x00,0x00,,,,,"Set torque = 0"
74792,RX,0x181,6,0x40,0x40,0x11,0x43,0x80,0x00,0x0B,,"Status word = 0x4311"
74798,RX,0x181,4,0x30,0x30,0x00,0x00,0x01,,,,"Speed feedback = 0 rpm"
74812,TX,0x201,3,0x90,0x90,0x00,0x00,,,,,"Set torque = 0"
74838,TX,0x201,3,0x90,0x90,0x00,0x00,,,,,"Set torque = 0"
74864,TX,0x201,3,0x90,0x90,0x00,0x00,,,,,"Set torque = 0"
74886,RX,0x181,6,0x40,0x40,0x11,0x43,0x80,0x00,0x0B,,"Status word = 0x4311"
74892,TX,0x201,3,0x90,0x90,0x00,0x00,,,,,"Set torque = 0"
74898,RX,0x181,4,0x30,0x30,0x00,0x00,0x01,,,,"Speed feedback = 0 rpm"
74918,TX,0x201,3,0x90,0x90,0x00,0x00,,,,,"Set torque = 0"
74944,TX,0x201,3,0x90,0x90,0x00,0x00,,,,,"Set torque = 0"
74970,TX,0x201,3,0x90,0x90,0x00,0x00,,,,,"Set torque = 0"
74986,RX,0x181,6,0x40,0x40,0x11,0x43,0x80,0x00,0x0B,,"Status word = 0x4311"
74993,RX,0x181,4,0x30,0x30,0x00,0x00,0x01,,,,"Speed feedback = 0 rpm"
74999,TX,0x201,3,0x90,0x90,0x00,0x00,,,,,"Set torque = 0"
75025,TX,0x201,3,0x90,0x90,0x00,0x00,,,,,"Set torque = 0"
75051,TX,0x201,3,0x90,0x90,0x00,0x00,,,,,"Set torque = 0"
75077,TX,0x201,3,0x90,0x90,0x00,0x00,,,,,"Set torque = 0"
75085,RX,0x181,6,0x40,0x40,0x11,0x43,0x80,0x00,0x0B,,"Status word = 0x4311"
75092,RX,0x181,4,0x30,0x30,0x00,0x00,0x01,,,,"Speed feedback = 0 rpm"
75103,TX,0x201,3,0x90,0x90,0x00,0x00,,,,,"Set torque = 0"
75129,TX,0x201,3,0x90,0x90,0x00,0x00,,,,,"Set torque = 0"
75155,TX,0x201,3,0x90,0x90,0x00,0x00,,,,,"Set torque = 0"
75181,TX,0x201,3,0x90,0x90,0x00,0x00,,,,,"Set torque = 0"
75187,RX,0x181,6,0x40,0x40,0x11,0x43,0x80,0x00,0x0B,,"Status word = 0x4311"
75193,RX,0x181,4,0x30,0x30,0x00,0x00,0x01,,,,"Speed feedback = 0 rpm"
75207,TX,0x201,3,0x90,0x90,0x00,0x00,,,,,"Set torque = 0"
75233,TX,0x201,3,0x90,0x90,0x00,0x00,,,,,"Set torque = 0"
75259,TX,0x201,3,0x90,0x90,0x00,0x00,,,,,"Set torque = 0"
75285,TX,0x201,3,0x90,0x90,0x00,0x00,,,,,"Set torque = 0"
75291,RX,0x181,6,0x40,0x40,0x11,0x43,0x80,0x00,0x0B,,"Status word = 0x4311"
75297,RX,0x181,4,0x30,0x30,0x00,0x00,0x01,,,,"Speed feedback = 0 rpm"
75311,TX,0x201,3,0x90,0x90,0x00,0x00,,,,,"Set torque = 0"
75337,TX,0x201,3,0x90,0x90,0x00,0x00,,,,,"Set torque = 0"
75363,TX,0x201,3,0x90,0x90,0x00,0x00,,,,,"Set torque = 0"
75385,RX,0x181,6,0x40,0x40,0x11,0x43,0x80,0x00,0x0B,,"Status word = 0x4311"
75391,TX,0x201,3,0x90,0x90,0x00,0x00,,,,,"Set torque = 0"
75397,RX,0x181,4,0x30,0x30,0x00,0x00,0x01,,,,"Speed feedback = 0 rpm"
75417,TX,0x201,3,0x90,0x90,0x00,0x00,,,,,"Set torque = 0"
75443,TX,0x201,3,0x90,0x90,0x00,0x00,,,,,"Set torque = 0"
75469,TX,0x201,3,0x90,0x90,0x00,0x00,,,,,"Set torque = 0"
75485,RX,0x181,6,0x40,0x40,0x11,0x43,0x80,0x00,0x0B,,"Status word = 0x4311"
75492,RX,0x181,4,0x30,0x30,0x00,0x00,0x01,,,,"Speed feedback = 0 rpm"
75498,TX,0x201,3,0x90,0x90,0x00,0x00,,,,,"Set torque = 0"
75524,TX,0x201,3,0x90,0x90,0x00,0x00,,,,,"Set torque = 0"
75550,TX,0x201,3,0x90,0x90,0x00,0x00,,,,,"Set torque = 0"
75576,TX,0x201,3,0x90,0x90,0x00,0x00,,,,,"Set torque = 0"
75585,RX,0x181,6,0x40,0x40,0x11,0x43,0x80,0x00,0x0B,,"Status word = 0x4311"
75594,RX,0x181,4,0x30,0x30,0x00,0x00,0x01,,,,"Speed feedback = 0 rpm"
75602,TX,0x201,3,0x90,0x90,0x00,0x00,,,,,"Set torque = 0"
75628,TX,0x201,3,0x90,0x90,0x00,0x00,,,,,"Set torque = 0"
75654,TX,0x201,3,0x90,0x90,0x00,0x00,,,,,"Set torque = 0"
75680,TX,0x201,3,0x90,0x90,0x00,0x00,,,,,"Set torque = 0"
75686,RX,0x181,6,0x40,0x40,0x11,0x43,0x80,0x00,0x0B,,"Status word = 0x4311"
75692,RX,0x181,4,0x30,0x30,0x00,0x00,0x01,,,,"Speed feedback = 0 rpm"
75706,TX,0x201,3,0x90,0x90,0x00,0x00,,,,,"Set torque = 0"
75732,TX,0x201,3,0x90,0x90,0x00,0x00,,,,,"Set torque = 0"
75758,TX,0x201,3,0x90,0x90,0x00,0x00,,,,,"Set torque = 0"
75784,TX,0x201,3,0x90,0x90,0x00,0x00,,,,,"Set torque = 0"
75790,RX,0x181,6,0x40,0x40,0x11,0x43,0x80,0x00,0x0B,,"Status word = 0x4311"
75796,RX,0x181,4,0x30,0x30,0x00,0x00,0x01,,,,"Speed feedback = 0 rpm"
75810,TX,0x201,3,0x90,0x90,0x00,0x00,,,,,"Set torque = 0"
75836,TX,0x201,3,0x90,0x90,0x00,0x00,,,,,"Set torque = 0"
75862,TX,0x201,3,0x90,0x90,0x00,0x00,,,,,"Set torque = 0"
75884,RX,0x181,6,0x40,0x40,0x11,0x43,0x80,0x00,0x0B,,"Status word = 0x4311"
75891,TX,0x201,3,0x90,0x90,0x00,0x00,,,,,"Set torque = 0"
75897,RX,0x181,4,0x30,0x30,0x00,0x00,0x01,,,,"Speed feedback = 0 rpm"
75917,TX,0x201,3,0x90,0x90,0x00,0x00,,,,,"Set torque = 0"
75943,TX,0x201,3,0x90,0x90,0x00,0x00,,,,,"Set torque = 0"
75969,TX,0x201,3,0x90,0x90,0x00,0x00,,,,,"Set torque = 0"
75984,RX,0x181,6,0x40,0x40,0x11,0x43,0x80,0x00,0x0B,,"Status word = 0x4311"
75991,RX,0x181,4,0x30,0x30,0x00,0x00,0x01,,,,"Speed feedback = 0 rpm"
75997,TX,0x201,3,0x90,0x90,0x00,0x00,,,,,"Set torque = 0"
76023,TX,0x201,3,0x90,0x90,0x00,0x00,,,,,"Set torque = 0"
76049,TX,0x201,3,0x90,0x90,0x00,0x00,,,,,"Set torque = 0"
76075,TX,0x201,3,0x90,0x90,0x00,0x00,,,,,"Set torque = 0"
76084,RX,0x181,6,0x40,0x40,0x11,0x43,0x80,0x00,0x0B,,"Status word = 0x4311"
76091,RX,0x181,4,0x30,0x30,0x00,0x00,0x01,,,,"Speed feedback = 0 rpm"
76101,TX,0x201,3,0x90,0x90,0x00,0x00,,,,,"Set torque = 0"
76127,TX,0x201,3,0x90,0x90,0x00,0x00,,,,,"Set torque = 0"
76153,TX,0x201,3,0x90,0x90,0x00,0x00,,,,,"Set torque = 0"
76179,TX,0x201,3,0x90,0x90,0x00,0x00,,,,,"Set torque = 0"
76185,RX,0x181,6,0x40,0x40,0x11,0x43,0x80,0x00,0x0B,,"Status word = 0x4311"
76191,RX,0x181,4,0x30,0x30,0x00,0x00,0x01,,,,"Speed feedback = 0 rpm"
76205,TX,0x201,3,0x90,0x90,0x00,0x00,,,,,"Set torque = 0"
76231,TX,0x201,3,0x90,0x90,0x00,0x00,,,,,"Set torque = 0"
76257,TX,0x201,3,0x90,0x90,0x00,0x00,,,,,"Set torque = 0"
76283,TX,0x201,3,0x90,0x90,0x00,0x00,,,,,"Set torque = 0"
76289,RX,0x181,6,0x40,0x40,0x11,0x43,0x80,0x00,0x0B,,"Status word = 0x4311"
76295,RX,0x181,4,0x30,0x30,0x00,0x00,0x01,,,,"Speed feedback = 0 rpm"
76309,TX,0x201,3,0x90,0x90,0x00,0x00,,,,,"Set torque = 0"
76335,TX,0x201,3,0x90,0x90,0x00,0x00,,,,,"Set torque = 0"
76361,TX,0x201,3,0x90,0x90,0x00,0x00,,,,,"Set torque = 0"
76383,RX,0x181,6,0x40,0x40,0x11,0x43,0x80,0x00,0x0B,,"Status word = 0x4311"
76390,TX,0x201,3,0x90,0x90,0x00,0x00,,,,,"Set torque = 0"
76396,RX,0x181,4,0x30,0x30,0x00,0x00,0x01,,,,"Speed feedback = 0 rpm"
76416,TX,0x201,3,0x90,0x90,0x00,0x00,,,,,"Set torque = 0"
76442,TX,0x201,3,0x90,0x90,0x00,0x00,,,,,"Set torque = 0"
76468,TX,0x201,3,0x90,0x90,0x00,0x00,,,,,"Set torque = 0"
76483,RX,0x181,6,0x40,0x40,0x11,0x43,0x80,0x00,0x0B,,"Status word = 0x4311"
76490,RX,0x181,4,0x30,0x30,0x00,0x00,0x01,,,,"Speed feedback = 0 rpm"
76497,TX,0x201,3,0x90,0x90,0x00,0x00,,,,,"Set torque = 0"
76523,TX,0x201,3,0x90,0x90,0x00,0x00,,,,,"Set torque = 0"
76549,TX,0x201,3,0x90,0x90,0x00,0x00,,,,,"Set torque = 0"
76575,TX,0x201,3,0x90,0x90,0x00,0x00,,,,,"Set torque = 0"
76583,RX,0x181,6,0x40,0x40,0x11,0x43,0x80,0x00,0x0B,,"Status word = 0x4311"
76590,RX,0x181,4,0x30,0x30,0x00,0x00,0x01,,,,"Speed feedback = 0 rpm"
76601,TX,0x201,3,0x90,0x90,0x00,0x00,,,,,"Set torque = 0"
76627,TX,0x201,3,0x90,0x90,0x00,0x00,,,,,"Set torque = 0"
76653,TX,0x201,3,0x90,0x90,0x00,0x00,,,,,"Set torque = 0"
76679,TX,0x201,3,0x90,0x90,0x00,0x00,,,,,"Set torque = 0"
76685,RX,0x181,6,0x40,0x40,0x11,0x43,0x80,0x00,0x0B,,"Status word = 0x4311"
76691,RX,0x181,4,0x30,0x30,0x00,0x00,0x01,,,,"Speed feedback = 0 rpm"
76705,TX,0x201,3,0x90,0x90,0x00,0x00,,,,,"Set torque = 0"
76731,TX,0x201,3,0x90,0x90,0x00,0x00,,,,,"Set torque = 0"
76757,TX,0x201,3,0x90,0x90,0x00,0x00,,,,,"Set torque = 0"
76783,TX,0x201,3,0x90,0x90,0x00,0x00,,,,,"Set torque = 0"
76789,RX,0x181,6,0x40,0x40,0x11,0x43,0x80,0x00,0x0B,,"Status word = 0x4311"
76795,RX,0x181,4,0x30,0x30,0x00,0x00,0x01,,,,"Speed feedback = 0 rpm"
76809,TX,0x201,3,0x90,0x90,0x00,0x00,,,,,"Set torque = 0"
76835,TX,0x201,3,0x90,0x90,0x00,0x00,,,,,"Set torque = 0"
76861,TX,0x201,3,0x90,0x90,0x00,0x00,,,,,"Set torque = 0"
76883,RX,0x181,6,0x40,0x40,0x11,0x43,0x80,0x00,0x0B,,"Status word = 0x4311"
76889,TX,0x201,3,0x90,0x90,0x00,0x00,,,,,"Set torque = 0"
76895,RX,0x181,4,0x30,0x30,0x00,0x00,0x01,,,,"Speed feedback = 0 rpm"
76915,TX,0x201,3,0x90,0x90,0x00,0x00,,,,,"Set torque = 0"
76941,TX,0x201,3,0x90,0x90,0x00,0x00,,,,,"Set torque = 0"
76967,TX,0x201,3,0x90,0x90,0x00,0x00,,,,,"Set torque = 0"
76982,RX,0x181,6,0x40,0x40,0x11,0x43,0x80,0x00,0x0B,,"Status word = 0x4311"
76989,RX,0x181,4,0x30,0x30,0x00,0x00,0x01,,,,"Speed feedback = 0 rpm"
76996,TX,0x201,3,0x90,0x90,0x00,0x00,,,,,"Set torque = 0"
77022,TX,0x201,3,0x90,0x90,0x00,0x00,,,,,"Set torque = 0"
77048,TX,0x201,3,0x90,0x90,0x00,0x00,,,,,"Set torque = 0"
77074,TX,0x201,3,0x90,0x90,0x00,0x00,,,,,"Set torque = 0"
77082,RX,0x181,6,0x40,0x40,0x11,0x43,0x80,0x00,0x0B,,"Status word = 0x4311"
77089,RX,0x181,4,0x30,0x30,0x00,0x00,0x01,,,,"Speed feedback = 0 rpm"
77100,TX,0x201,3,0x90,0x90,0x00,0x00,,,,,"Set torque = 0"
77126,TX,0x201,3,0x90,0x90,0x00,0x00,,,,,"Set torque = 0"
77152,TX,0x201,3,0x90,0x90,0x00,0x00,,,,,"Set torque = 0"
77178,TX,0x201,3,0x90,0x90,0x00,0x00,,,,,"Set torque = 0"
77184,RX,0x181,6,0x40,0x40,0x11,0x43,0x80,0x00,0x0B,,"Status word = 0x4311"
77190,RX,0x181,4,0x30,0x30,0x00,0x00,0x01,,,,"Speed feedback = 0 rpm"
77204,TX,0x201,3,0x90,0x90,0x00,0x00,,,,,"Set torque = 0"
77230,TX,0x201,3,0x90,0x90,0x00,0x00,,,,,"Set torque = 0"
77256,TX,0x201,3,0x90,0x90,0x00,0x00,,,,,"Set torque = 0"
77282,TX,0x201,3,0x90,0x90,0x00,0x00,,,,,"Set torque = 0"
77288,RX,0x181,6,0x40,0x40,0x11,0x43,0x80,0x00,0x0B,,"Status word = 0x4311"
77294,RX,0x181,4,0x30,0x30,0x00,0x00,0x01,,,,"Speed feedback = 0 rpm"
77308,TX,0x201,3,0x90,0x90,0x00,0x00,,,,,"Set torque = 0"
77334,TX,0x201,3,0x90,0x90,0x00,0x00,,,,,"Set torque = 0"
77360,TX,0x201,3,0x90,0x90,0x00,0x00,,,,,"Set torque = 0"
77382,RX,0x181,6,0x40,0x40,0x11,0x43,0x80,0x00,0x0B,,"Status word = 0x4311"
77388,TX,0x201,3,0x90,0x90,0x00,0x00,,,,,"Set torque = 0"
77394,RX,0x181,4,0x30,0x30,0x00,0x00,0x01,,,,"Speed feedback = 0 rpm"
77414,TX,0x201,3,0x90,0x90,0x00,0x00,,,,,"Set torque = 0"
77440,TX,0x201,3,0x90,0x90,0x00,0x00,,,,,"Set torque = 0"
77466,TX,0x201,3,0x90,0x90,0x00,0x00,,,,,"Set torque = 0"
77482,RX,0x181,6,0x40,0x40,0x11,0x43,0x80,0x00,0x0B,,"Status word = 0x4311"
77489,RX,0x181,4,0x30,0x30,0x00,0x00,0x01,,,,"Speed feedback = 0 rpm"
77495,TX,0x201,3,0x90,0x90,0x00,0x00,,,,,"Set torque = 0"
77521,TX,0x201,3,0x90,0x90,0x00,0x00,,,,,"Set torque = 0"
77547,TX,0x201,3,0x90,0x90,0x00,0x00,,,,,"Set torque = 0"
77573,TX,0x201,3,0x90,0x90,0x00,0x00,,,,,"Set torque = 0"
77581,RX,0x181,6,0x40,0x40,0x11,0x43,0x80,0x00,0x0B,,"Status word = 0x4311"
77588,RX,0x181,4,0x30,0x30,0x00,0x00,0x01,,,,"Speed feedback = 0 rpm"
77599,TX,0x201,3,0x90,0x90,0x00,0x00,,,,,"Set torque = 0"
77625,TX,0x201,3,0x90,0x90,0x00,0x00,,,,,"Set torque = 0"
77651,TX,0x201,3,0x90,0x90,0x00,0x00,,,,,"Set torque = 0"
77677,TX,0x201,3,0x90,0x90,0x00,0x00,,,,,"Set torque = 0"
77683,RX,0x181,6,0x40,0x40,0x11,0x43,0x80,0x00,0x0B,,"Status word = 0x4311"
77689,RX,0x181,4,0x30,0x30,0x00,0x00,0x01,,,,"Speed feedback = 0 rpm"
77703,TX,0x201,3,0x90,0x90,0x00,0x00,,,,,"Set torque = 0"
77729,TX,0x201,3,0x90,0x90,0x00,0x00,,,,,"Set torque = 0"
77755,TX,0x201,3,0x90,0x90,0x00,0x00,,,,,"Set torque = 0"
77781,TX,0x201,3,0x90,0x90,0x00,0x00,,,,,"Set torque = 0"
77787,RX,0x181,6,0x40,0x40,0x11,0x43,0x80,0x00,0x0B,,"Status word = 0x4311"
77793,RX,0x181,4,0x30,0x30,0x00,0x00,0x01,,,,"Speed feedback = 0 rpm"
77807,TX,0x201,3,0x90,0x90,0x00,0x00,,,,,"Set torque = 0"
77833,TX,0x201,3,0x90,0x90,0x00,0x00,,,,,"Set torque = 0"
77859,TX,0x201,3,0x90,0x90,0x00,0x00,,,,,"Set torque = 0"
77881,RX,0x181,6,0x40,0x40,0x11,0x43,0x80,0x00,0x0B,,"Status word = 0x4311"
77887,TX,0x201,3,0x90,0x90,0x00,0x00,,,,,"Set torque = 0"
77894,RX,0x181,4,0x30,0x30,0x00,0x00,0x01,,,,"Speed feedback = 0 rpm"
77914,TX,0x201,3,0x90,0x90,0x00,0x00,,,,,"Set torque = 0"
77940,TX,0x201,3,0x90,0x90,0x00,0x00,,,,,"Set torque = 0"
77966,TX,0x201,3,0x90,0x90,0x00,0x00,,,,,"Set torque = 0"
77981,RX,0x181,6,0x40,0x40,0x11,0x43,0x80,0x00,0x0B,,"Status word = 0x4311"
77988,RX,0x181,4,0x30,0x30,0x00,0x00,0x01,,,,"Speed feedback = 0 rpm"
77994,TX,0x201,3,0x90,0x90,0x00,0x00,,,,,"Set torque = 0"
78020,TX,0x201,3,0x90,0x90,0x00,0x00,,,,,"Set torque = 0"
78046,TX,0x201,3,0x90,0x90,0x00,0x00,,,,,"Set torque = 0"
78072,TX,0x201,3,0x90,0x90,0x00,0x00,,,,,"Set torque = 0"
78081,RX,0x181,6,0x40,0x40,0x11,0x43,0x80,0x00,0x0B,,"Status word = 0x4311"
78088,RX,0x181,4,0x30,0x30,0x00,0x00,0x01,,,,"Speed feedback = 0 rpm"
78098,TX,0x201,3,0x90,0x90,0x00,0x00,,,,,"Set torque = 0"
78124,TX,0x201,3,0x90,0x90,0x00,0x00,,,,,"Set torque = 0"
78150,TX,0x201,3,0x90,0x90,0x00,0x00,,,,,"Set torque = 0"
78176,TX,0x201,3,0x90,0x90,0x00,0x00,,,,,"Set torque = 0"
78182,RX,0x181,6,0x40,0x40,0x11,0x43,0x80,0x00,0x0B,,"Status word = 0x4311"
78188,RX,0x181,4,0x30,0x30,0x00,0x00,0x01,,,,"Speed feedback = 0 rpm"
78202,TX,0x201,3,0x90,0x90,0x00,0x00,,,,,"Set torque = 0"
78228,TX,0x201,3,0x90,0x90,0x00,0x00,,,,,"Set torque = 0"
78254,TX,0x201,3,0x90,0x90,0x00,0x00,,,,,"Set torque = 0"
78280,TX,0x201,3,0x90,0x90,0x00,0x00,,,,,"Set torque = 0"
78286,RX,0x181,6,0x40,0x40,0x11,0x43,0x80,0x00,0x0B,,"Status word = 0x4311"
78292,RX,0x181,4,0x30,0x30,0x00,0x00,0x01,,,,"Speed feedback = 0 rpm"
78306,TX,0x201,3,0x90,0x90,0x00,0x00,,,,,"Set torque = 0"
78332,TX,0x201,3,0x90,0x90,0x00,0x00,,,,,"Set torque = 0"
78358,TX,0x201,3,0x90,0x90,0x00,0x00,,,,,"Set torque = 0"
78380,RX,0x181,6,0x40,0x40,0x11,0x43,0x80,0x00,0x0B,,"Status word = 0x4311"
78387,TX,0x201,3,0x90,0x90,0x00,0x00,,,,,"Set torque = 0"
78393,RX,0x181,4,0x30,0x30,0x00,0x00,0x01,,,,"Speed feedback = 0 rpm"
78413,TX,0x201,3,0x90,0x90,0x00,0x00,,,,,"Set torque = 0"
78439,TX,0x201,3,0x90,0x90,0x00,0x00,,,,,"Set torque = 0"
78465,TX,0x201,3,0x90,0x90,0x00,0x00,,,,,"Set torque = 0"
78480,RX,0x181,6,0x40,0x40,0x11,0x43,0x80,0x00,0x0B,,"Status word = 0x4311"
78487,RX,0x181,4,0x30,0x30,0x00,0x00,0x01,,,,"Speed feedback = 0 rpm"
78493,TX,0x201,3,0x90,0x90,0x00,0x00,,,,,"Set torque = 0"
78520,TX,0x201,3,0x90,0x90,0x00,0x00,,,,,"Set torque = 0"
78546,TX,0x201,3,0x90,0x90,0x00,0x00,,,,,"Set torque = 0"
78572,TX,0x201,3,0x90,0x90,0x00,0x00,,,,,"Set torque = 0"
78580,RX,0x181,6,0x40,0x40,0x11,0x43,0x80,0x00,0x0B,,"Status word = 0x4311"
78587,RX,0x181,4,0x30,0x30,0x00,0x00,0x01,,,,"Speed feedback = 0 rpm"
78598,TX,0x201,3,0x90,0x90,0x00,0x00,,,,,"Set torque = 0"
78624,TX,0x201,3,0x90,0x90,0x00,0x00,,,,,"Set torque = 0"
78650,TX,0x201,3,0x90,0x90,0x00,0x00,,,,,"Set torque = 0"
78676,TX,0x201,3,0x90,0x90,0x00,0x00,,,,,"Set torque = 0"
78682,RX,0x181,6,0x40,0x40,0x11,0x43,0x80,0x00,0x0B,,"Status word = 0x4311"
78689,RX,0x181,4,0x30,0x30,0x00,0x00,0x01,,,,"Speed feedback = 0 rpm"
78702,TX,0x201,3,0x90,0x90,0x00,0x00,,,,,"Set torque = 0"
78728,TX,0x201,3,0x90,0x90,0x00,0x00,,,,,"Set torque = 0"
78754,TX,0x201,3,0x90,0x90,0x00,0x00,,,,,"Set torque = 0"
78780,TX,0x201,3,0x90,0x90,0x00,0x00,,,,,"Set torque = 0"
78786,RX,0x181,6,0x40,0x40,0x11,0x43,0x80,0x00,0x0B,,"Status word = 0x4311"
78793,RX,0x181,4,0x30,0x30,0x00,0x00,0x01,,,,"Speed feedback = 0 rpm"
78806,TX,0x201,3,0x90,0x90,0x00,0x00,,,,,"Set torque = 0"
78833,TX,0x201,3,0x90,0x90,0x00,0x00,,,,,"Set torque = 0"
78859,TX,0x201,3,0x90,0x90,0x00,0x00,,,,,"Set torque = 0"
78879,RX,0x181,6,0x40,0x40,0x11,0x43,0x80,0x00,0x0B,,"Status word = 0x4311"
78887,RX,0x181,4,0x30,0x30,0x00,0x00,0x01,,,,"Speed feedback = 0 rpm"
78894,TX,0x201,3,0x90,0x90,0x00,0x00,,,,,"Set torque = 0"
78921,TX,0x201,3,0x90,0x90,0x00,0x00,,,,,"Set torque = 0"
78947,TX,0x201,3,0x90,0x90,0x00,0x00,,,,,"Set torque = 0"
78973,TX,0x201,3,0x90,0x90,0x00,0x00,,,,,"Set torque = 0"
78979,RX,0x181,6,0x40,0x40,0x11,0x43,0x80,0x00,0x0B,,"Status word = 0x4311"
78987,RX,0x181,4,0x30,0x30,0x00,0x00,0x01,,,,"Speed feedback = 0 rpm"
78999,TX,0x201,3,0x90,0x90,0x00,0x00,,,,,"Set torque = 0"
79025,TX,0x201,3,0x90,0x90,0x00,0x00,,,,,"Set torque = 0"
79051,TX,0x201,3,0x90,0x90,0x00,0x00,,,,,"Set torque = 0"
79077,TX,0x201,3,0x90,0x90,0x00,0x00,,,,,"Set torque = 0"
79083,RX,0x181,6,0x40,0x40,0x11,0x43,0x80,0x00,0x0B,,"Status word = 0x4311"
79090,RX,0x181,4,0x30,0x30,0x00,0x00,0x01,,,,"Speed feedback = 0 rpm"
79103,TX,0x201,3,0x90,0x90,0x00,0x00,,,,,"Set torque = 0"
79129,TX,0x201,3,0x90,0x90,0x00,0x00,,,,,"Set torque = 0"
79156,TX,0x201,3,0x90,0x90,0x00,0x00,,,,,"Set torque = 0"
79179,RX,0x181,6,0x40,0x40,0x11,0x43,0x80,0x00,0x0B,,"Status word = 0x4311"
79186,TX,0x201,3,0x90,0x90,0x00,0x00,,,,,"Set torque = 0"
79192,RX,0x181,4,0x30,0x30,0x00,0x00,0x01,,,,"Speed feedback = 0 rpm"
79212,TX,0x201,3,0x90,0x90,0x00,0x00,,,,,"Set torque = 0"
79238,TX,0x201,3,0x90,0x90,0x00,0x00,,,,,"Set torque = 0"
79264,TX,0x201,3,0x90,0x90,0x00,0x00,,,,,"Set torque = 0"
79279,RX,0x181,6,0x40,0x40,0x11,0x43,0x80,0x00,0x0B,,"Status word = 0x4311"
79286,RX,0x181,4,0x30,0x30,0x00,0x00,0x01,,,,"Speed feedback = 0 rpm"
79293,TX,0x201,3,0x90,0x90,0x00,0x00,,,,,"Set torque = 0"
79320,TX,0x201,3,0x90,0x90,0x00,0x00,,,,,"Set torque = 0"
79346,TX,0x201,3,0x90,0x90,0x00,0x00,,,,,"Set torque = 0"
79372,TX,0x201,3,0x90,0x90,0x00,0x00,,,,,"Set torque = 0"
79379,RX,0x181,6,0x40,0x40,0x11,0x43,0x80,0x00,0x0B,,"Status word = 0x4311"
79386,RX,0x181,4,0x30,0x30,0x00,0x00,0x01,,,,"Speed feedback = 0 rpm"
79398,TX,0x201,3,0x90,0x90,0x00,0x00,,,,,"Set torque = 0"
79424,TX,0x201,3,0x90,0x90,0x00,0x00,,,,,"Set torque = 0"
79450,TX,0x201,3,0x90,0x90,0x00,0x00,,,,,"Set torque = 0"
79477,TX,0x201,3,0x90,0x90,0x00,0x00,,,,,"Set torque = 0"
79483,RX,0x181,6,0x40,0x40,0x11,0x43,0x80,0x00,0x0B,,"Status word = 0x4311"
79490,RX,0x181,4,0x30,0x30,0x00,0x00,0x01,,,,"Speed feedback = 0 rpm"
79503,TX,0x201,3,0x90,0x90,0x00,0x00,,,,,"Set torque = 0"
79529,TX,0x201,3,0x90,0x90,0x00,0x00,,,,,"Set torque = 0"
79555,TX,0x201,3,0x90,0x90,0x00,0x00,,,,,"Set torque = 0"
79578,RX,0x181,6,0x40,0x40,0x11,0x43,0x80,0x00,0x0B,,"Status word = 0x4311"
79585,TX,0x201,3,0x90,0x90,0x00,0x00,,,,,"Set torque = 0"
79592,RX,0x181,4,0x30,0x30,0x00,0x00,0x01,,,,"Speed feedback = 0 rpm"
79612,TX,0x201,3,0x90,0x90,0x00,0x00,,,,,"Set torque = 0"
79638,TX,0x201,3,0x90,0x90,0x00,0x00,,,,,"Set torque = 0"
79664,TX,0x201,3,0x90,0x90,0x00,0x00,,,,,"Set torque = 0"
79678,RX,0x181,6,0x40,0x40,0x11,0x43,0x80,0x00,0x0B,,"Status word = 0x4311"
79685,RX,0x181,4,0x30,0x30,0x00,0x00,0x01,,,,"Speed feedback = 0 rpm"
79692,TX,0x201,3,0x90,0x90,0x00,0x00,,,,,"Set torque = 0"
79719,TX,0x201,3,0x90,0x90,0x00,0x00,,,,,"Set torque = 0"
79745,TX,0x201,3,0x90,0x90,0x00,0x00,,,,,"Set torque = 0"
79771,TX,0x201,3,0x90,0x90,0x00,0x00,,,,,"Set torque = 0"
79778,RX,0x181,6,0x40,0x40,0x11,0x43,0x80,0x00,0x0B,,"Status word = 0x4311"
79785,RX,0x181,4,0x30,0x30,0x00,0x00,0x01,,,,"Speed feedback = 0 rpm"
79798,TX,0x201,3,0x90,0x90,0x00,0x00,,,,,"Set torque = 0"
79824,TX,0x201,3,0x90,0x90,0x00,0x00,,,,,"Set torque = 0"
79850,TX,0x201,3,0x90,0x90,0x00,0x00,,,,,"Set torque = 0"
79876,TX,0x201,3,0x90,0x90,0x00,0x00,,,,,"Set torque = 0"
79882,RX,0x181,6,0x40,0x40,0x11,0x43,0x80,0x00,0x0B,,"Status word = 0x4311"
79889,RX,0x181,4,0x30,0x30,0x00,0x00,0x01,,,,"Speed feedback = 0 rpm"
79902,TX,0x201,3,0x90,0x90,0x00,0x00,,,,,"Set torque = 0"
79929,TX,0x201,3,0x90,0x90,0x00,0x00,,,,,"Set torque = 0"
79955,TX,0x201,3,0x90,0x90,0x00,0x00,,,,,"Set torque = 0"
79978,RX,0x181,6,0x40,0x40,0x11,0x43,0x80,0x00,0x0B,,"Status word = 0x4311"
79984,TX,0x201,3,0x90,0x90,0x00,0x00,,,,,"Set torque = 0"
79994,RX,0x181,4,0x30,0x30,0x00,0x00,0x01,,,,"Speed feedback = 0 rpm"
80014,TX,0x201,3,0x90,0x90,0x00,0x00,,,,,"Set torque = 0"
80040,TX,0x201,3,0x90,0x90,0x00,0x00,,,,,"Set torque = 0"
80066,TX,0x201,3,0x90,0x90,0x00,0x00,,,,,"Set torque = 0"
80078,RX,0x181,6,0x40,0x40,0x11,0x43,0x80,0x00,0x0B,,"Status word = 0x4311"
80084,RX,0x181,4,0x30,0x30,0x00,0x00,0x01,,,,"Speed feedback = 0 rpm"
80093,TX,0x201,3,0x90,0x90,0x00,0x00,,,,,"Set torque = 0"
80119,TX,0x201,3,0x90,0x90,0x00,0x00,,,,,"Set torque = 0"
80145,TX,0x201,3,0x90,0x90,0x00,0x00,,,,,"Set torque = 0"
80171,TX,0x201,3,0x90,0x90,0x00,0x00,,,,,"Set torque = 0"
80177,RX,0x181,6,0x40,0x40,0x11,0x43,0x80,0x00,0x0B,,"Status word = 0x4311"
80184,RX,0x181,4,0x30,0x30,0x00,0x00,0x01,,,,"Speed feedback = 0 rpm"
80197,TX,0x201,3,0x90,0x90,0x00,0x00,,,,,"Set torque = 0"
80224,TX,0x201,3,0x90,0x90,0x00,0x00,,,,,"Set torque = 0"
80250,TX,0x201,3,0x90,0x90,0x00,0x00,,,,,"Set torque = 0"
80276,TX,0x201,3,0x90,0x90,0x00,0x00,,,,,"Set torque = 0"
80284,RX,0x181,6,0x40,0x40,0x11,0x43,0x80,0x00,0x0B,,"Status word = 0x4311"
80290,RX,0x181,4,0x30,0x30,0x00,0x00,0x01,,,,"Speed feedback = 0 rpm"
80304,TX,0x201,3,0x90,0x90,0x00,0x00,,,,,"Set torque = 0"
80330,TX,0x201,3,0x90,0x90,0x00,0x00,,,,,"Set torque = 0"
80356,TX,0x201,3,0x90,0x90,0x00,0x00,,,,,"Set torque = 0"
80377,RX,0x181,6,0x40,0x40,0x11,0x43,0x80,0x00,0x0B,,"Status word = 0x4311"
80384,RX,0x181,4,0x30,0x30,0x00,0x00,0x01,,,,"Speed feedback = 0 rpm"
80391,TX,0x201,3,0x90,0x90,0x00,0x00,,,,,"Set torque = 0"
80418,TX,0x201,3,0x90,0x90,0x00,0x00,,,,,"Set torque = 0"
80444,TX,0x201,3,0x90,0x90,0x00,0x00,,,,,"Set torque = 0"
80470,TX,0x201,3,0x90,0x90,0x00,0x00,,,,,"Set torque = 0"
80477,RX,0x181,6,0x40,0x40,0x11,0x43,0x80,0x00,0x0B,,"Status word = 0x4311"
80484,RX,0x181,4,0x30,0x30,0x00,0x00,0x01,,,,"Speed feedback = 0 rpm"
80496,TX,0x201,3,0x90,0x90,0x00,0x00,,,,,"Set torque = 0"
80522,TX,0x201,3,0x90,0x90,0x00,0x00,,,,,"Set torque = 0"
80549,TX,0x201,3,0x90,0x90,0x00,0x00,,,,,"Set torque = 0"
80575,TX,0x201,3,0x90,0x90,0x00,0x00,,,,,"Set torque = 0"
80581,RX,0x181,6,0x40,0x40,0x11,0x43,0x80,0x00,0x0B,,"Status word = 0x4311"
80588,RX,0x181,4,0x30,0x30,0x00,0x00,0x01,,,,"Speed feedback = 0 rpm"
80601,TX,0x201,3,0x90,0x90,0x00,0x00,,,,,"Set torque = 0"
80627,TX,0x201,3,0x90,0x90,0x00,0x00,,,,,"Set torque = 0"
80653,TX,0x201,3,0x90,0x90,0x00,0x00,,,,,"Set torque = 0"
80677,RX,0x181,6,0x40,0x40,0x11,0x43,0x80,0x00,0x0B,,"Status word = 0x4311"
80683,TX,0x201,3,0x90,0x90,0x00,0x00,,,,,"Set torque = 0"
80690,RX,0x181,4,0x30,0x30,0x00,0x00,0x01,,,,"Speed feedback = 0 rpm"
80710,TX,0x201,3,0x90,0x90,0x00,0x00,,,,,"Set torque = 0"
80736,TX,0x201,3,0x90,0x90,0x00,0x00,,,,,"Set torque = 0"
80762,TX,0x201,3,0x90,0x90,0x00,0x00,,,,,"Set torque = 0"
80776,RX,0x181,6,0x40,0x40,0x11,0x43,0x80,0x00,0x0B,,"Status word = 0x4311"
80783,RX,0x181,4,0x30,0x30,0x00,0x00,0x01,,,,"Speed feedback = 0 rpm"
80790,TX,0x201,3,0x90,0x90,0x00,0x00,,,,,"Set torque = 0"
80817,TX,0x201,3,0x90,0x90,0x00,0x00,,,,,"Set torque = 0"
80843,TX,0x201,3,0x90,0x90,0x00,0x00,,,,,"Set torque = 0"
80870,TX,0x201,3,0x90,0x90,0x00,0x00,,,,,"Set torque = 0"
80876,RX,0x181,6,0x40,0x40,0x11,0x43,0x80,0x00,0x0B,,"Status word = 0x4311"
80883,RX,0x181,4,0x30,0x30,0x00,0x00,0x01,,,,"Speed feedback = 0 rpm"
80896,TX,0x201,3,0x90,0x90,0x00,0x00,,,,,"Set torque = 0"
80922,TX,0x201,3,0x90,0x90,0x00,0x00,,,,,"Set torque = 0"
80948,TX,0x201,3,0x90,0x90,0x00,0x00,,,,,"Set torque = 0"
80974,TX,0x201,3,0x90,0x90,0x00,0x00,,,,,"Set torque = 0"
80980,RX,0x181,6,0x40,0x40,0x11,0x43,0x80,0x00,0x0B,,"Status word = 0x4311"
80987,RX,0x181,4,0x30,0x30,0x00,0x00,0x01,,,,"Speed feedback = 0 rpm"
81000,TX,0x201,3,0x90,0x90,0x00,0x00,,,,,"Set torque = 0"
81026,TX,0x201,3,0x90,0x90,0x00,0x00,,,,,"Set torque = 0"
81052,TX,0x201,3,0x90,0x90,0x00,0x00,,,,,"Set torque = 0"
81076,RX,0x181,6,0x40,0x40,0x11,0x43,0x80,0x00,0x0B,,"Status word = 0x4311"
81083,TX,0x201,3,0x90,0x90,0x00,0x00,,,,,"Set torque = 0"
81090,RX,0x181,4,0x30,0x30,0x00,0x00,0x01,,,,"Speed feedback = 0 rpm"
81110,TX,0x201,3,0x90,0x90,0x00,0x00,,,,,"Set torque = 0"
81136,TX,0x201,3,0x90,0x90,0x00,0x00,,,,,"Set torque = 0"
81162,TX,0x201,3,0x90,0x90,0x00,0x00,,,,,"Set torque = 0"
81176,RX,0x181,6,0x40,0x40,0x11,0x43,0x80,0x00,0x0B,,"Status word = 0x4311"
81183,RX,0x181,4,0x30,0x30,0x00,0x00,0x01,,,,"Speed feedback = 0 rpm"
81190,TX,0x201,3,0x90,0x90,0x00,0x00,,,,,"Set torque = 0"
81216,TX,0x201,3,0x90,0x90,0x00,0x00,,,,,"Set torque = 0"
81242,TX,0x201,3,0x90,0x90,0x00,0x00,,,,,"Set torque = 0"
81268,TX,0x201,3,0x90,0x90,0x00,0x00,,,,,"Set torque = 0"
81276,RX,0x181,6,0x40,0x40,0x11,0x43,0x80,0x00,0x0B,,"Status word = 0x4311"
81283,RX,0x181,4,0x30,0x30,0x00,0x00,0x01,,,,"Speed feedback = 0 rpm"
81294,TX,0x201,3,0x90,0x90,0x00,0x00,,,,,"Set torque = 0"
81321,TX,0x201,3,0x90,0x90,0x00,0x00,,,,,"Set torque = 0"
81347,TX,0x201,3,0x90,0x90,0x00,0x00,,,,,"Set torque = 0"
81373,TX,0x201,3,0x90,0x90,0x00,0x00,,,,,"Set torque = 0"
81379,RX,0x181,6,0x40,0x40,0x11,0x43,0x80,0x00,0x0B,,"Status word = 0x4311"
81386,RX,0x181,4,0x30,0x30,0x00,0x00,0x01,,,,"Speed feedback = 0 rpm"
81399,TX,0x201,3,0x90,0x90,0x00,0x00,,,,,"Set torque = 0"
81425,TX,0x201,3,0x90,0x90,0x00,0x00,,,,,"Set torque = 0"
81451,TX,0x201,3,0x90,0x90,0x00,0x00,,,,,"Set torque = 0"
81475,RX,0x181,6,0x40,0x40,0x11,0x43,0x80,0x00,0x0B,,"Status word = 0x4311"
81482,RX,0x181,4,0x30,0x30,0x00,0x00,0x01,,,,"Speed feedback = 0 rpm"
81489,TX,0x201,3,0x90,0x90,0x00,0x00,,,,,"Set torque = 0"
81516,TX,0x201,3,0x90,0x90,0x00,0x00,,,,,"Set torque = 0"
81542,TX,0x201,3,0x90,0x90,0x00,0x00,,,,,"Set torque = 0"
81568,TX,0x201,3,0x90,0x90,0x00,0x00,,,,,"Set torque = 0"
81575,RX,0x181,6,0x40,0x40,0x11,0x43,0x80,0x00,0x0B,,"Status word = 0x4311"
81582,RX,0x181,4,0x30,0x30,0x00,0x00,0x01,,,,"Speed feedback = 0 rpm"
81594,TX,0x201,3,0x90,0x90,0x00,0x00,,,,,"Set torque = 0"
81620,TX,0x201,3,0x90,0x90,0x00,0x00,,,,,"Set torque = 0"
81647,TX,0x201,3,0x90,0x90,0x00,0x00,,,,,"Set torque = 0"
81673,TX,0x201,3,0x90,0x90,0x00,0x00,,,,,"Set torque = 0"
81679,RX,0x181,6,0x40,0x40,0x11,0x43,0x80,0x00,0x0B,,"Status word = 0x4311"
81686,RX,0x181,4,0x30,0x30,0x00,0x00,0x01,,,,"Speed feedback = 0 rpm"
81699,TX,0x201,3,0x90,0x90,0x00,0x00,,,,,"Set torque = 0"
81725,TX,0x201,3,0x90,0x90,0x00,0x00,,,,,"Set torque = 0"
81751,TX,0x201,3,0x90,0x90,0x00,0x00,,,,,"Set torque = 0"
81775,RX,0x181,6,0x40,0x40,0x11,0x43,0x80,0x00,0x0B,,"Status word = 0x4311"
81782,TX,0x201,3,0x90,0x90,0x00,0x00,,,,,"Set torque = 0"
81789,RX,0x181,4,0x30,0x30,0x00,0x00,0x01,,,,"Speed feedback = 0 rpm"
81809,TX,0x201,3,0x90,0x90,0x00,0x00,,,,,"Set torque = 0"
81835,TX,0x201,3,0x90,0x90,0x00,0x00,,,,,"Set torque = 0"
81861,TX,0x201,3,0x90,0x90,0x00,0x00,,,,,"Set torque = 0"
81875,RX,0x181,6,0x40,0x40,0x11,0x43,0x80,0x00,0x0B,,"Status word = 0x4311"
81882,RX,0x181,4,0x30,0x30,0x00,0x00,0x01,,,,"Speed feedback = 0 rpm"
81888,TX,0x201,3,0x90,0x90,0x00,0x00,,,,,"Set torque = 0"
81915,TX,0x201,3,0x90,0x90,0x00,0x00,,,,,"Set torque = 0"
81941,TX,0x201,3,0x90,0x90,0x00,0x00,,,,,"Set torque = 0"
82015,RX,0x181,6,0x40,0x40,0x11,0x43,0x80,0x00,0x0B,,"Status word = 0x4311"
82021,RX,0x181,4,0x30,0x30,0x00,0x00,0x01,,,,"Speed feedback = 0 rpm"
82035,TX,0x201,3,0x90,0x90,0x00,0x00,,,,,"Set torque = 0"
82061,TX,0x201,3,0x90,0x90,0x00,0x00,,,,,"Set torque = 0"
82074,RX,0x181,6,0x40,0x40,0x11,0x43,0x80,0x00,0x0B,,"Status word = 0x4311"
82081,RX,0x181,4,0x30,0x30,0x00,0x00,0x01,,,,"Speed feedback = 0 rpm"
82088,TX,0x201,3,0x90,0x90,0x00,0x00,,,,,"Set torque = 0"
82115,TX,0x201,3,0x90,0x90,0x00,0x00,,,,,"Set torque = 0"
82141,TX,0x201,3,0x90,0x90,0x00,0x00,,,,,"Set torque = 0"
82168,TX,0x201,3,0x90,0x90,0x00,0x00,,,,,"Set torque = 0"
82174,RX,0x181,6,0x40,0x40,0x11,0x43,0x80,0x00,0x0B,,"Status word = 0x4311"
82181,RX,0x181,4,0x30,0x30,0x00,0x00,0x01,,,,"Speed feedback = 0 rpm"
82194,TX,0x201,3,0x90,0x90,0x00,0x00,,,,,"Set torque = 0"
82220,TX,0x201,3,0x90,0x90,0x00,0x00,,,,,"Set torque = 0"
82246,TX,0x201,3,0x90,0x90,0x00,0x00,,,,,"Set torque = 0"
82272,TX,0x201,3,0x90,0x90,0x00,0x00,,,,,"Set torque = 0"
82278,RX,0x181,6,0x40,0x40,0x11,0x43,0x80,0x00,0x0B,,"Status word = 0x4311"
82285,RX,0x181,4,0x30,0x30,0x00,0x00,0x01,,,,"Speed feedback = 0 rpm"
82298,TX,0x201,3,0x90,0x90,0x00,0x00,,,,,"Set torque = 0"
82324,TX,0x201,3,0x90,0x90,0x00,0x00,,,,,"Set torque = 0"
82350,TX,0x201,3,0x90,0x90,0x00,0x00,,,,,"Set torque = 0"
82374,RX,0x181,6,0x40,0x40,0x11,0x43,0x80,0x00,0x0B,,"Status word = 0x4311"
82381,TX,0x201,3,0x90,0x90,0x00,0x00,,,,,"Set torque = 0"
82387,RX,0x181,4,0x30,0x30,0x00,0x00,0x01,,,,"Speed feedback = 0 rpm"
82475,RX,0x181,6,0x40,0x40,0x11,0x43,0x80,0x00,0x0B,,"Status word = 0x4311"
82482,RX,0x181,4,0x30,0x30,0x00,0x00,0x01,,,,"Speed feedback = 0 rpm"
82489,TX,0x201,3,0x90,0x90,0x00,0x00,,,,,"Set torque = 0"
82516,TX,0x201,3,0x90,0x90,0x00,0x00,,,,,"Set torque = 0"
82542,TX,0x201,3,0x90,0x90,0x00,0x00,,,,,"Set torque = 0"
82568,TX,0x201,3,0x90,0x90,0x00,0x00,,,,,"Set torque = 0"
82574,RX,0x181,6,0x40,0x40,0x11,0x43,0x80,0x00,0x0B,,"Status word = 0x4311"
82581,RX,0x181,4,0x30,0x30,0x00,0x00,0x01,,,,"Speed feedback = 0 rpm"
82594,TX,0x201,3,0x90,0x90,0x00,0x00,,,,,"Set torque = 0"
82620,TX,0x201,3,0x90,0x90,0x00,0x00,,,,,"Set torque = 0"
82646,TX,0x201,3,0x90,0x90,0x00,0x00,,,,,"Set torque = 0"
82672,TX,0x201,3,0x90,0x90,0x00,0x00,,,,,"Set torque = 0"
82679,RX,0x181,6,0x40,0x40,0x11,0x43,0x80,0x00,0x0B,,"Status word = 0x4311"
82685,RX,0x181,4,0x30,0x30,0x00,0x00,0x01,,,,"Speed feedback = 0 rpm"
82699,TX,0x201,3,0x90,0x90,0x00,0x00,,,,,"Set torque = 0"
82725,TX,0x201,3,0x90,0x90,0x00,0x00,,,,,"Set torque = 0"
82751,TX,0x201,3,0x90,0x90,0x00,0x00,,,,,"Set torque = 0"
82773,RX,0x181,6,0x40,0x40,0x11,0x43,0x80,0x00,0x0B,,"Status word = 0x4311"
82780,TX,0x201,3,0x90,0x90,0x00,0x00,,,,,"Set torque = 0"
82787,RX,0x181,4,0x30,0x30,0x00,0x00,0x01,,,,"Speed feedback = 0 rpm"
82807,TX,0x201,3,0x90,0x90,0x00,0x00,,,,,"Set torque = 0"
82834,TX,0x201,3,0x90,0x90,0x00,0x00,,,,,"Set torque = 0"
82860,TX,0x201,3,0x90,0x90,0x00,0x00,,,,,"Set torque = 0"
82873,RX,0x181,6,0x40,0x40,0x11,0x43,0x80,0x00,0x0B,,"Status word = 0x4311"
82969,RX,0x181,4,0x30,0x30,0x00,0x00,0x01,,,,"Speed feedback = 0 rpm"
82976,RX,0x181,6,0x40,0x40,0x11,0x43,0x80,0x00,0x0B,,"Status word = 0x4311"
82982,RX,0x181,4,0x30,0x30,0x00,0x00,0x01,,,,"Speed feedback = 0 rpm"
82989,TX,0x201,3,0x90,0x90,0x00,0x00,,,,,"Set torque = 0"
83016,TX,0x201,3,0x90,0x90,0x00,0x00,,,,,"Set torque = 0"
83042,TX,0x201,3,0x90,0x90,0x00,0x00,,,,,"Set torque = 0"
83069,TX,0x201,3,0x90,0x90,0x00,0x00,,,,,"Set torque = 0"
83075,RX,0x181,6,0x40,0x40,0x11,0x43,0x80,0x00,0x0B,,"Status word = 0x4311"
83082,RX,0x181,4,0x30,0x30,0x00,0x00,0x01,,,,"Speed feedback = 0 rpm"
83095,TX,0x201,3,0x90,0x90,0x00,0x00,,,,,"Set torque = 0"
83121,TX,0x201,3,0x90,0x90,0x00,0x00,,,,,"Set torque = 0"
83147,TX,0x201,3,0x90,0x90,0x00,0x00,,,,,"Set torque = 0"
83173,TX,0x201,3,0x90,0x90,0x00,0x00,,,,,"Set torque = 0"
83179,RX,0x181,6,0x40,0x40,0x11,0x43,0x80,0x00,0x0B,,"Status word = 0x4311"
83186,RX,0x181,4,0x30,0x30,0x00,0x00,0x01,,,,"Speed feedback = 0 rpm"
83199,TX,0x201,3,0x90,0x90,0x00,0x00,,,,,"Set torque = 0"
83225,TX,0x201,3,0x90,0x90,0x00,0x00,,,,,"Set torque = 0"
83251,TX,0x201,3,0x90,0x90,0x00,0x00,,,,,"Set torque = 0"
83272,RX,0x181,6,0x40,0x40,0x11,0x43,0x80,0x00,0x0B,,"Status word = 0x4311"
83279,TX,0x201,3,0x90,0x90,0x00,0x00,,,,,"Set torque = 0"
83286,RX,0x181,4,0x30,0x30,0x00,0x00,0x01,,,,"Speed feedback = 0 rpm"
83306,TX,0x201,3,0x90,0x90,0x00,0x00,,,,,"Set torque = 0"
83332,TX,0x201,3,0x90,0x90,0x00,0x00,,,,,"Set torque = 0"
83358,TX,0x201,3,0x90,0x90,0x00,0x00,,,,,"Set torque = 0"
83466,RX,0x181,6,0x40,0x40,0x11,0x43,0x80,0x00,0x0B,,"Status word = 0x4311"
83472,RX,0x181,6,0x40,0x40,0x11,0x43,0x80,0x00,0x0B,,"Status word = 0x4311"
83479,RX,0x181,4,0x30,0x30,0x00,0x00,0x01,,,,"Speed feedback = 0 rpm"
83486,RX,0x181,4,0x30,0x30,0x00,0x00,0x01,,,,"Speed feedback = 0 rpm"
83493,TX,0x201,3,0x90,0x90,0x00,0x00,,,,,"Set torque = 0"
83519,TX,0x201,3,0x90,0x90,0x00,0x00,,,,,"Set torque = 0"
83547,TX,0x201,3,0x90,0x90,0x00,0x00,,,,,"Set torque = 0"
83572,RX,0x181,6,0x40,0x40,0x11,0x43,0x80,0x00,0x0B,,"Status word = 0x4311"
83579,RX,0x181,4,0x30,0x30,0x00,0x00,0x01,,,,"Speed feedback = 0 rpm"
83586,TX,0x201,3,0x90,0x90,0x00,0x00,,,,,"Set torque = 0"
83613,TX,0x201,3,0x90,0x90,0x00,0x00,,,,,"Set torque = 0"
83639,TX,0x201,3,0x90,0x90,0x00,0x00,,,,,"Set torque = 0"
83665,TX,0x201,3,0x90,0x90,0x00,0x00,,,,,"Set torque = 0"
83672,RX,0x181,6,0x40,0x40,0x11,0x43,0x80,0x00,0x0B,,"Status word = 0x4311"
83679,RX,0x181,4,0x30,0x30,0x00,0x00,0x01,,,,"Speed feedback = 0 rpm"
83691,TX,0x201,3,0x90,0x90,0x00,0x00,,,,,"Set torque = 0"
83717,TX,0x201,3,0x90,0x90,0x00,0x00,,,,,"Set torque = 0"
83744,TX,0x201,3,0x90,0x90,0x00,0x00,,,,,"Set torque = 0"
83770,TX,0x201,3,0x90,0x90,0x00,0x00,,,,,"Set torque = 0"
83776,RX,0x181,6,0x40,0x40,0x11,0x43,0x80,0x00,0x0B,,"Status word = 0x4311"
83783,RX,0x181,4,0x30,0x30,0x00,0x00,0x01,,,,"Speed feedback = 0 rpm"
83796,TX,0x201,3,0x90,0x90,0x00,0x00,,,,,"Set torque = 0"
83822,TX,0x201,3,0x90,0x90,0x00,0x00,,,,,"Set torque = 0"
83910,RX,0x181,6,0x40,0x40,0x11,0x43,0x80,0x00,0x0B,,"Status word = 0x4311"
83916,RX,0x181,4,0x30,0x30,0x00,0x00,0x01,,,,"Speed feedback = 0 rpm"
83930,TX,0x201,3,0x90,0x90,0x00,0x00,,,,,"Set torque = 0"
83957,TX,0x201,3,0x90,0x90,0x00,0x00,,,,,"Set torque = 0"
83971,RX,0x181,6,0x40,0x40,0x11,0x43,0x80,0x00,0x0B,,"Status word = 0x4311"
83978,RX,0x181,4,0x30,0x30,0x00,0x00,0x01,,,,"Speed feedback = 0 rpm"
83985,TX,0x201,3,0x90,0x90,0x00,0x00,,,,,"Set torque = 0"
84012,TX,0x201,3,0x90,0x90,0x00,0x00,,,,,"Set torque = 0"
84038,TX,0x201,3,0x90,0x90,0x00,0x00,,,,,"Set torque = 0"
84064,TX,0x201,3,0x90,0x90,0x00,0x00,,,,,"Set torque = 0"
84071,RX,0x181,6,0x40,0x40,0x11,0x43,0x80,0x00,0x0B,,"Status word = 0x4311"
84078,RX,0x181,4,0x30,0x30,0x00,0x00,0x01,,,,"Speed feedback = 0 rpm"
84090,TX,0x201,3,0x90,0x90,0x00,0x00,,,,,"Set torque = 0"
84116,TX,0x201,3,0x90,0x90,0x00,0x00,,,,,"Set torque = 0"
84142,TX,0x201,3,0x90,0x90,0x00,0x00,,,,,"Set torque = 0"
84168,TX,0x201,3,0x90,0x90,0x00,0x00,,,,,"Set torque = 0"
84174,RX,0x181,6,0x40,0x40,0x11,0x43,0x80,0x00,0x0B,,"Status word = 0x4311"
84181,RX,0x181,4,0x30,0x30,0x00,0x00,0x01,,,,"Speed feedback = 0 rpm"
84194,TX,0x201,3,0x90,0x90,0x00,0x00,,,,,"Set torque = 0"
84220,TX,0x201,3,0x90,0x90,0x00,0x00,,,,,"Set torque = 0"
84246,TX,0x201,3,0x90,0x90,0x00,0x00,,,,,"Set torque = 0"
84271,RX,0x181,6,0x40,0x40,0x11,0x43,0x80,0x00,0x0B,,"Status word = 0x4311"
84278,TX,0x201,3,0x90,0x90,0x00,0x00,,,,,"Set torque = 0"
84284,RX,0x181,4,0x30,0x30,0x00,0x00,0x01,,,,"Speed feedback = 0 rpm"
84375,RX,0x181,6,0x40,0x40,0x11,0x43,0x80,0x00,0x0B,,"Status word = 0x4311"
84382,RX,0x181,4,0x30,0x30,0x00,0x00,0x01,,,,"Speed feedback = 0 rpm"
84388,TX,0x201,3,0x90,0x90,0x00,0x00,,,,,"Set torque = 0"
84415,TX,0x201,3,0x90,0x90,0x00,0x00,,,,,"Set torque = 0"
84441,TX,0x201,3,0x90,0x90,0x00,0x00,,,,,"Set torque = 0"
84467,TX,0x201,3,0x90,0x90,0x00,0x00,,,,,"Set torque = 0"
84474,RX,0x181,6,0x40,0x40,0x11,0x43,0x80,0x00,0x0B,,"Status word = 0x4311"
84480,RX,0x181,4,0x30,0x30,0x00,0x00,0x01,,,,"Speed feedback = 0 rpm"
84494,TX,0x201,3,0x90,0x90,0x00,0x00,,,,,"Set torque = 0"
84520,TX,0x201,3,0x90,0x90,0x00,0x00,,,,,"Set torque = 0"
84546,TX,0x201,3,0x90,0x90,0x00,0x00,,,,,"Set torque = 0"
84570,RX,0x181,6,0x40,0x40,0x11,0x43,0x80,0x00,0x0B,,"Status word = 0x4311"
84577,TX,0x201,3,0x90,0x90,0x00,0x00,,,,,"Set torque = 0"
84584,RX,0x181,4,0x30,0x30,0x00,0x00,0x01,,,,"Speed feedback = 0 rpm"
84604,TX,0x201,3,0x90,0x90,0x00,0x00,,,,,"Set torque = 0"
84631,TX,0x201,3,0x90,0x90,0x00,0x00,,,,,"Set torque = 0"
84657,TX,0x201,3,0x90,0x90,0x00,0x00,,,,,"Set torque = 0"
84670,RX,0x181,6,0x40,0x40,0x11,0x43,0x80,0x00,0x0B,,"Status word = 0x4311"
84677,RX,0x181,4,0x30,0x30,0x00,0x00,0x01,,,,"Speed feedback = 0 rpm"
84684,TX,0x201,3,0x90,0x90,0x00,0x00,,,,,"Set torque = 0"
84711,TX,0x201,3,0x90,0x90,0x00,0x00,,,,,"Set torque = 0"
84737,TX,0x201,3,0x90,0x90,0x00,0x00,,,,,"Set torque = 0"
84766,TX,0x201,3,0x90,0x90,0x00,0x00,,,,,"Set torque = 0"
84858,RX,0x181,6,0x40,0x40,0x11,0x43,0x80,0x00,0x0B,,"Status word = 0x4311"
84865,RX,0x181,4,0x30,0x30,0x00,0x00,0x01,,,,"Speed feedback = 0 rpm"
84871,RX,0x181,6,0x40,0x40,0x11,0x43,0x80,0x00,0x0B,,"Status word = 0x4311"
84878,RX,0x181,4,0x30,0x30,0x00,0x00,0x01,,,,"Speed feedback = 0 rpm"
84885,TX,0x201,3,0x90,0x90,0x00,0x00,,,,,"Set torque = 0"
84912,TX,0x201,3,0x90,0x90,0x00,0x00,,,,,"Set torque = 0"
84938,TX,0x201,3,0x90,0x90,0x00,0x00,,,,,"Set torque = 0"
84964,TX,0x201,3,0x90,0x90,0x00,0x00,,,,,"Set torque = 0"
84970,RX,0x181,6,0x40,0x40,0x11,0x43,0x80,0x00,0x0B,,"Status word = 0x4311"
84977,RX,0x181,4,0x30,0x30,0x00,0x00,0x01,,,,"Speed feedback = 0 rpm"
84990,TX,0x201,3,0x90,0x90,0x00,0x00,,,,,"Set torque = 0"
85016,TX,0x201,3,0x90,0x90,0x00,0x00,,,,,"Set torque = 0"
85042,TX,0x201,3,0x90,0x90,0x00,0x00,,,,,"Set torque = 0"
85068,TX,0x201,3,0x90,0x90,0x00,0x00,,,,,"Set torque = 0"
85074,RX,0x181,6,0x40,0x40,0x11,0x43,0x80,0x00,0x0B,,"Status word = 0x4311"
85081,RX,0x181,4,0x30,0x30,0x00,0x00,0x01,,,,"Speed feedback = 0 rpm"
85094,TX,0x201,3,0x90,0x90,0x00,0x00,,,,,"Set torque = 0"
85120,TX,0x201,3,0x90,0x90,0x00,0x00,,,,,"Set torque = 0"
85147,TX,0x201,3,0x90,0x90,0x00,0x00,,,,,"Set torque = 0"
85169,RX,0x181,6,0x40,0x40,0x11,0x43,0x80,0x00,0x0B,,"Status word = 0x4311"
85176,TX,0x201,3,0x90,0x90,0x00,0x00,,,,,"Set torque = 0"
85183,RX,0x181,4,0x30,0x30,0x00,0x00,0x01,,,,"Speed feedback = 0 rpm"
85203,TX,0x201,3,0x90,0x90,0x00,0x00,,,,,"Set torque = 0"
85229,TX,0x201,3,0x90,0x90,0x00,0x00,,,,,"Set torque = 0"
85321,RX,0x181,6,0x40,0x40,0x11,0x43,0x80,0x00,0x0B,,"Status word = 0x4311"
85328,RX,0x181,4,0x30,0x30,0x00,0x00,0x01,,,,"Speed feedback = 0 rpm"
85341,TX,0x201,3,0x90,0x90,0x00,0x00,,,,,"Set torque = 0"
85368,TX,0x201,3,0x90,0x90,0x00,0x00,,,,,"Set torque = 0"
85374,RX,0x181,6,0x40,0x40,0x11,0x43,0x80,0x00,0x0B,,"Status word = 0x4311"
85381,RX,0x181,4,0x30,0x30,0x00,0x00,0x01,,,,"Speed feedback = 0 rpm"
85394,TX,0x201,3,0x90,0x90,0x00,0x00,,,,,"Set torque = 0"
85420,TX,0x201,3,0x90,0x90,0x00,0x00,,,,,"Set torque = 0"
85446,TX,0x201,3,0x90,0x90,0x00,0x00,,,,,"Set torque = 0"
85469,RX,0x181,6,0x40,0x40,0x11,0x43,0x80,0x00,0x0B,,"Status word = 0x4311"
85476,TX,0x201,3,0x90,0x90,0x00,0x00,,,,,"Set torque = 0"
85483,RX,0x181,4,0x30,0x30,0x00,0x00,0x01,,,,"Speed feedback = 0 rpm"
85503,TX,0x201,3,0x90,0x90,0x00,0x00,,,,,"Set torque = 0"
85529,TX,0x201,3,0x90,0x90,0x00,0x00,,,,,"Set torque = 0"
85555,TX,0x201,3,0x90,0x90,0x00,0x00,,,,,"Set torque = 0"
85569,RX,0x181,6,0x40,0x40,0x11,0x43,0x80,0x00,0x0B,,"Status word = 0x4311"
85576,RX,0x181,4,0x30,0x30,0x00,0x00,0x01,,,,"Speed feedback = 0 rpm"
85583,TX,0x201,3,0x90,0x90,0x00,0x00,,,,,"Set torque = 0"
85609,TX,0x201,3,0x90,0x90,0x00,0x00,,,,,"Set torque = 0"
85635,TX,0x201,3,0x90,0x90,0x00,0x00,,,,,"Set torque = 0"
85661,TX,0x201,3,0x90,0x90,0x00,0x00,,,,,"Set torque = 0"
85669,RX,0x181,6,0x40,0x40,0x11,0x43,0x80,0x00,0x0B,,"Status word = 0x4311"
85676,RX,0x181,4,0x30,0x30,0x00,0x00,0x01,,,,"Speed feedback = 0 rpm"
85688,TX,0x201,3,0x90,0x90,0x00,0x00,,,,,"Set torque = 0"
85781,RX,0x181,6,0x40,0x40,0x11,0x43,0x80,0x00,0x0B,,"Status word = 0x4311"
85788,RX,0x181,4,0x30,0x30,0x00,0x00,0x01,,,,"Speed feedback = 0 rpm"
85801,TX,0x201,3,0x90,0x90,0x00,0x00,,,,,"Set torque = 0"
85827,TX,0x201,3,0x90,0x90,0x00,0x00,,,,,"Set torque = 0"
85853,TX,0x201,3,0x90,0x90,0x00,0x00,,,,,"Set torque = 0"
85868,RX,0x181,6,0x40,0x40,0x11,0x43,0x80,0x00,0x0B,,"Status word = 0x4311"
85876,RX,0x181,4,0x30,0x30,0x00,0x00,0x01,,,,"Speed feedback = 0 rpm"
85882,TX,0x201,3,0x90,0x90,0x00,0x00,,,,,"Set torque = 0"
85909,TX,0x201,3,0x90,0x90,0x00,0x00,,,,,"Set torque = 0"
85935,TX,0x201,3,0x90,0x90,0x00,0x00,,,,,"Set torque = 0"
85961,TX,0x201,3,0x90,0x90,0x00,0x00,,,,,"Set torque = 0"
85968,RX,0x181,6,0x40,0x40,0x11,0x43,0x80,0x00,0x0B,,"Status word = 0x4311"
85975,RX,0x181,4,0x30,0x30,0x00,0x00,0x01,,,,"Speed feedback = 0 rpm"
85987,TX,0x201,3,0x90,0x90,0x00,0x00,,,,,"Set torque = 0"
86013,TX,0x201,3,0x90,0x90,0x00,0x00,,,,,"Set torque = 0"
86040,TX,0x201,3,0x90,0x90,0x00,0x00,,,,,"Set torque = 0"
86066,TX,0x201,3,0x90,0x90,0x00,0x00,,,,,"Set torque = 0"
86072,RX,0x181,6,0x40,0x40,0x11,0x43,0x80,0x00,0x0B,,"Status word = 0x4311"
86079,RX,0x181,4,0x30,0x30,0x00,0x00,0x01,,,,"Speed feedback = 0 rpm"
86092,TX,0x201,3,0x90,0x90,0x00,0x00,,,,,"Set torque = 0"
86118,TX,0x201,3,0x90,0x90,0x00,0x00,,,,,"Set torque = 0"
86144,TX,0x201,3,0x90,0x90,0x00,0x00,,,,,"Set torque = 0"
86168,RX,0x181,6,0x40,0x40,0x11,0x43,0x80,0x00,0x0B,,"Status word = 0x4311"
86175,TX,0x201,3,0x90,0x90,0x00,0x00,,,,,"Set torque = 0"
86268,RX,0x181,4,0x30,0x30,0x00,0x00,0x01,,,,"Speed feedback = 0 rpm"
86275,RX,0x181,4,0x30,0x30,0x00,0x00,0x01,,,,"Speed feedback = 0 rpm"
86282,RX,0x181,6,0x40,0x40,0x11,0x43,0x80,0x00,0x0B,,"Status word = 0x4311"
86289,TX,0x201,3,0x90,0x90,0x00,0x00,,,,,"Set torque = 0"
86316,TX,0x201,3,0x90,0x90,0x00,0x00,,,,,"Set torque = 0"
86342,TX,0x201,3,0x90,0x90,0x00,0x00,,,,,"Set torque = 0"
86368,TX,0x201,3,0x90,0x90,0x00,0x00,,,,,"Set torque = 0"
86374,RX,0x181,6,0x40,0x40,0x11,0x43,0x80,0x00,0x0B,,"Status word = 0x4311"
86381,RX,0x181,4,0x30,0x30,0x00,0x00,0x01,,,,"Speed feedback = 0 rpm"
86394,TX,0x201,3,0x90,0x90,0x00,0x00,,,,,"Set torque = 0"
86420,TX,0x201,3,0x90,0x90,0x00,0x00,,,,,"Set torque = 0"
86446,TX,0x201,3,0x90,0x90,0x00,0x00,,,,,"Set torque = 0"
86467,RX,0x181,6,0x40,0x40,0x11,0x43,0x80,0x00,0x0B,,"Status word = 0x4311"
86474,TX,0x201,3,0x90,0x90,0x00,0x00,,,,,"Set torque = 0"
86481,RX,0x181,4,0x30,0x30,0x00,0x00,0x01,,,,"Speed feedback = 0 rpm"
86501,TX,0x201,3,0x90,0x90,0x00,0x00,,,,,"Set torque = 0"
86527,TX,0x201,3,0x90,0x90,0x00,0x00,,,,,"Set torque = 0"
86553,TX,0x201,3,0x90,0x90,0x00,0x00,,,,,"Set torque = 0"
86567,RX,0x181,6,0x40,0x40,0x11,0x43,0x80,0x00,0x0B,,"Status word = 0x4311"
86574,RX,0x181,4,0x30,0x30,0x00,0x00,0x01,,,,"Speed feedback = 0 rpm"
86581,TX,0x201,3,0x90,0x90,0x00,0x00,,,,,"Set torque = 0"
86608,TX,0x201,3,0x90,0x90,0x00,0x00,,,,,"Set torque = 0"
86634,TX,0x201,3,0x90,0x90,0x00,0x00,,,,,"Set torque = 0"
86660,TX,0x201,3,0x90,0x90,0x00,0x00,,,,,"Set torque = 0"
86751,RX,0x181,6,0x40,0x40,0x11,0x43,0x80,0x00,0x0B,,"Status word = 0x4311"
86758,RX,0x181,4,0x30,0x30,0x00,0x00,0x01,,,,"Speed feedback = 0 rpm"
86767,RX,0x181,6,0x40,0x40,0x11,0x43,0x80,0x00,0x0B,,"Status word = 0x4311"
86774,RX,0x181,4,0x30,0x30,0x00,0x00,0x01,,,,"Speed feedback = 0 rpm"
86781,TX,0x201,3,0x90,0x90,0x00,0x00,,,,,"Set torque = 0"
86808,TX,0x201,3,0x90,0x90,0x00,0x00,,,,,"Set torque = 0"
86834,TX,0x201,3,0x90,0x90,0x00,0x00,,,,,"Set torque = 0"
86860,TX,0x201,3,0x90,0x90,0x00,0x00,,,,,"Set torque = 0"
86867,RX,0x181,6,0x40,0x40,0x11,0x43,0x80,0x00,0x0B,,"Status word = 0x4311"
86874,RX,0x181,4,0x30,0x30,0x00,0x00,0x01,,,,"Speed feedback = 0 rpm"
86886,TX,0x201,3,0x90,0x90,0x00,0x00,,,,,"Set torque = 0"
86912,TX,0x201,3,0x90,0x90,0x00,0x00,,,,,"Set torque = 0"
86939,TX,0x201,3,0x90,0x90,0x00,0x00,,,,,"Set torque = 0"
86965,TX,0x201,3,0x90,0x90,0x00,0x00,,,,,"Set torque = 0"
86969,RX,0x181,6,0x40,0x40,0x11,0x43,0x80,0x00,0x0B,,"Status word = 0x4311"
86976,RX,0x181,4,0x30,0x30,0x00,0x00,0x01,,,,"Speed feedback = 0 rpm"
86989,TX,0x201,3,0x90,0x90,0x00,0x00,,,,,"Set torque = 0"
87015,TX,0x201,3,0x90,0x90,0x00,0x00,,,,,"Set torque = 0"
87041,TX,0x201,3,0x90,0x90,0x00,0x00,,,,,"Set torque = 0"
87066,RX,0x181,6,0x40,0x40,0x11,0x43,0x80,0x00,0x0B,,"Status word = 0x4311"
87073,TX,0x201,3,0x90,0x90,0x00,0x00,,,,,"Set torque = 0"
87080,RX,0x181,4,0x30,0x30,0x00,0x00,0x01,,,,"Speed feedback = 0 rpm"
87100,TX,0x201,3,0x90,0x90,0x00,0x00,,,,,"Set torque = 0"
87126,TX,0x201,3,0x90,0x90,0x00,0x00,,,,,"Set torque = 0"
87213,RX,0x181,6,0x40,0x40,0x11,0x43,0x80,0x00,0x0B,,"Status word = 0x4311"
87220,RX,0x181,4,0x30,0x30,0x00,0x00,0x01,,,,"Speed feedback = 0 rpm"
87233,TX,0x201,3,0x90,0x90,0x00,0x00,,,,,"Set torque = 0"
87259,TX,0x201,3,0x90,0x90,0x00,0x00,,,,,"Set torque = 0"
87266,RX,0x181,6,0x40,0x40,0x11,0x43,0x80,0x00,0x0B,,"Status word = 0x4311"
87273,RX,0x181,4,0x30,0x30,0x00,0x00,0x01,,,,"Speed feedback = 0 rpm"
87285,TX,0x201,3,0x90,0x90,0x00,0x00,,,,,"Set torque = 0"
87311,TX,0x201,3,0x90,0x90,0x00,0x00,,,,,"Set torque = 0"
87337,TX,0x201,3,0x90,0x90,0x00,0x00,,,,,"Set torque = 0"
87363,TX,0x201,3,0x90,0x90,0x00,0x00,,,,,"Set torque = 0"
87369,RX,0x181,6,0x40,0x40,0x11,0x43,0x80,0x00,0x0B,,"Status word = 0x4311"
87376,RX,0x181,4,0x30,0x30,0x00,0x00,0x01,,,,"Speed feedback = 0 rpm"
87389,TX,0x201,3,0x90,0x90,0x00,0x00,,,,,"Set torque = 0"
87415,TX,0x201,3,0x90,0x90,0x00,0x00,,,,,"Set torque = 0"
87441,TX,0x201,3,0x90,0x90,0x00,0x00,,,,,"Set torque = 0"
87466,RX,0x181,6,0x40,0x40,0x11,0x43,0x80,0x00,0x0B,,"Status word = 0x4311"
87473,TX,0x201,3,0x90,0x90,0x00,0x00,,,,,"Set torque = 0"
87479,RX,0x181,4,0x30,0x30,0x00,0x00,0x01,,,,"Speed feedback = 0 rpm"
87499,TX,0x201,3,0x90,0x90,0x00,0x00,,,,,"Set torque = 0"
87525,TX,0x201,3,0x90,0x90,0x00,0x00,,,,,"Set torque = 0"
87551,TX,0x201,3,0x90,0x90,0x00,0x00,,,,,"Set torque = 0"
87566,RX,0x181,6,0x40,0x40,0x11,0x43,0x80,0x00,0x0B,,"Status word = 0x4311"
87573,RX,0x181,4,0x30,0x30,0x00,0x00,0x01,,,,"Speed feedback = 0 rpm"
87579,TX,0x201,3,0x90,0x90,0x00,0x00,,,,,"Set torque = 0"
87668,RX,0x181,6,0x40,0x40,0x11,0x43,0x80,0x00,0x0B,,"Status word = 0x4311"
87675,RX,0x181,4,0x30,0x30,0x00,0x00,0x01,,,,"Speed feedback = 0 rpm"
87688,TX,0x201,3,0x90,0x90,0x00,0x00,,,,,"Set torque = 0"
87714,TX,0x201,3,0x90,0x90,0x00,0x00,,,,,"Set torque = 0"
87740,TX,0x201,3,0x90,0x90,0x00,0x00,,,,,"Set torque = 0"
87765,RX,0x181,6,0x40,0x40,0x11,0x43,0x80,0x00,0x0B,,"Status word = 0x4311"
87772,TX,0x201,3,0x90,0x90,0x00,0x00,,,,,"Set torque = 0"
87779,RX,0x181,4,0x30,0x30,0x00,0x00,0x01,,,,"Speed feedback = 0 rpm"
87799,TX,0x201,3,0x90,0x90,0x00,0x00,,,,,"Set torque = 0"
87826,TX,0x201,3,0x90,0x90,0x00,0x00,,,,,"Set torque = 0"
87852,TX,0x201,3,0x90,0x90,0x00,0x00,,,,,"Set torque = 0"
87865,RX,0x181,6,0x40,0x40,0x11,0x43,0x80,0x00,0x0B,,"Status word = 0x4311"
87872,RX,0x181,4,0x30,0x30,0x00,0x00,0x01,,,,"Speed feedback = 0 rpm"
87879,TX,0x201,3,0x90,0x90,0x00,0x00,,,,,"Set torque = 0"
87906,TX,0x201,3,0x90,0x90,0x00,0x00,,,,,"Set torque = 0"
87932,TX,0x201,3,0x90,0x90,0x00,0x00,,,,,"Set torque = 0"
87958,TX,0x201,3,0x90,0x90,0x00,0x00,,,,,"Set torque = 0"
87965,RX,0x181,6,0x40,0x40,0x11,0x43,0x80,0x00,0x0B,,"Status word = 0x4311"
87972,RX,0x181,4,0x30,0x30,0x00,0x00,0x01,,,,"Speed feedback = 0 rpm"
87984,TX,0x201,3,0x90,0x90,0x00,0x00,,,,,"Set torque = 0"
88010,TX,0x201,3,0x90,0x90,0x00,0x00,,,,,"Set torque = 0"
88036,TX,0x201,3,0x90,0x90,0x00,0x00,,,,,"Set torque = 0"
88062,TX,0x201,3,0x90,0x90,0x00,0x00,,,,,"Set torque = 0"
88068,RX,0x181,6,0x40,0x40,0x11,0x43,0x80,0x00,0x0B,,"Status word = 0x4311"
88159,RX,0x181,4,0x30,0x30,0x00,0x00,0x01,,,,"Speed feedback = 0 rpm"
88165,RX,0x181,6,0x40,0x40,0x11,0x43,0x80,0x00,0x0B,,"Status word = 0x4311"
88172,RX,0x181,4,0x30,0x30,0x00,0x00,0x01,,,,"Speed feedback = 0 rpm"
88179,TX,0x201,3,0x90,0x90,0x00,0x00,,,,,"Set torque = 0"
88206,TX,0x201,3,0x90,0x90,0x00,0x00,,,,,"Set torque = 0"
88232,TX,0x201,3,0x90,0x90,0x00,0x00,,,,,"Set torque = 0"
88258,TX,0x201,3,0x90,0x90,0x00,0x00,,,,,"Set torque = 0"
88265,RX,0x181,6,0x40,0x40,0x11,0x43,0x80,0x00,0x0B,,"Status word = 0x4311"
88272,RX,0x181,4,0x30,0x30,0x00,0x00,0x01,,,,"Speed feedback = 0 rpm"
88284,TX,0x201,3,0x90,0x90,0x00,0x00,,,,,"Set torque = 0"
88310,TX,0x201,3,0x90,0x90,0x00,0x00,,,,,"Set torque = 0"
88336,TX,0x201,3,0x90,0x90,0x00,0x00,,,,,"Set torque = 0"
88363,TX,0x201,3,0x90,0x90,0x00,0x00,,,,,"Set torque = 0"
88369,RX,0x181,6,0x40,0x40,0x11,0x43,0x80,0x00,0x0B,,"Status word = 0x4311"
88376,RX,0x181,4,0x30,0x30,0x00,0x00,0x01,,,,"Speed feedback = 0 rpm"
88389,TX,0x201,3,0x90,0x90,0x00,0x00,,,,,"Set torque = 0"
88415,TX,0x201,3,0x90,0x90,0x00,0x00,,,,,"Set torque = 0"
88441,TX,0x201,3,0x90,0x90,0x00,0x00,,,,,"Set torque = 0"
88464,RX,0x181,6,0x40,0x40,0x11,0x43,0x80,0x00,0x0B,,"Status word = 0x4311"
88471,TX,0x201,3,0x90,0x90,0x00,0x00,,,,,"Set torque = 0"
88479,RX,0x181,4,0x30,0x30,0x00,0x00,0x01,,,,"Speed feedback = 0 rpm"
88499,TX,0x201,3,0x90,0x90,0x00,0x00,,,,,"Set torque = 0"
88525,TX,0x201,3,0x90,0x90,0x00,0x00,,,,,"Set torque = 0"
88551,TX,0x201,3,0x90,0x90,0x00,0x00,,,,,"Set torque = 0"
88644,RX,0x181,6,0x40,0x40,0x11,0x43,0x80,0x00,0x0B,,"Status word = 0x4311"
88650,RX,0x181,4,0x30,0x30,0x00,0x00,0x01,,,,"Speed feedback = 0 rpm"
88664,TX,0x201,3,0x90,0x90,0xDE,0x02,,,,,"Set torque = 734"
88670,RX,0x181,6,0x40,0x40,0x11,0x43,0x80,0x00,0x0B,,"Status word = 0x4311"
88677,RX,0x181,4,0x30,0x30,0x00,0x00,0x01,,,,"Speed feedback = 0 rpm"
88690,TX,0x201,3,0x90,0x90,0xF2,0x03,,,,,"Set torque = 1010"
88717,TX,0x201,3,0x90,0x90,0x6D,0x04,,,,,"Set torque = 1133"
88743,TX,0x201,3,0x90,0x90,0x57,0x06,,,,,"Set torque = 1623"
88764,RX,0x181,6,0x40,0x40,0x11,0x43,0x80,0x00,0x0B,,"Status word = 0x4311"
88771,TX,0x201,3,0x90,0x90,0x03,0x08,,,,,"Set torque = 2051"
88777,RX,0x181,4,0x30,0x30,0x27,0x00,0x01,,,,"Speed feedback = 39 rpm"
88797,TX,0x201,3,0x90,0x90,0x22,0x08,,,,,"Set torque = 2082"
88823,TX,0x201,3,0x90,0x90,0x54,0x09,,,,,"Set torque = 2388"
88849,TX,0x201,3,0x90,0x90,0xDA,0x08,,,,,"Set torque = 2266"
88864,RX,0x181,6,0x40,0x40,0x11,0x41,0x80,0x00,0x0B,,"Status word = 0x4111"
88871,RX,0x181,4,0x30,0x30,0x57,0x02,0x01,,,,"Speed feedback = 599 rpm"
88878,TX,0x201,3,0x90,0x90,0x1F,0x0B,,,,,"Set torque = 2847"
88904,TX,0x201,3,0x90,0x90,0x28,0x0D,,,,,"Set torque = 3368"
88930,TX,0x201,3,0x90,0x90,0x31,0x0F,,,,,"Set torque = 3889"
88956,TX,0x201,3,0x90,0x90,0xB6,0x0E,,,,,"Set torque = 3766"
88963,RX,0x181,6,0x40,0x40,0x11,0x41,0x80,0x02,0x0B,,"Status word = 0x4111"
88970,RX,0x181,4,0x30,0x30,0xFE,0x04,0x01,,,,"Speed feedback = 1278 rpm"
88982,TX,0x201,3,0x90,0x90,0x6E,0x0F,,,,,"Set torque = 3950"
89008,TX,0x201,3,0x90,0x90,0x12,0x0F,,,,,"Set torque = 3858"
89099,RX,0x181,6,0x40,0x40,0x11,0x41,0x80,0x02,0x0B,,"Status word = 0x4111"
89106,RX,0x181,4,0x30,0x30,0x8D,0x06,0x01,,,,"Speed feedback = 1677 rpm"
89119,TX,0x201,3,0x90,0x90,0xF8,0x08,,,,,"Set torque = 2296"
89145,TX,0x201,3,0x90,0x90,0x80,0x05,,,,,"Set torque = 1408"
89163,RX,0x181,6,0x40,0x40,0x11,0x41,0x80,0x02,0x0B,,"Status word = 0x4111"
89170,RX,0x181,4,0x30,0x30,0x55,0x07,0x01,,,,"Speed feedback = 1877 rpm"
89177,TX,0x201,3,0x90,0x90,0x50,0x01,,,,,"Set torque = 336"
89204,TX,0x201,3,0x90,0x90,0x1E,0x00,,,,,"Set torque = 30"
89230,TX,0x201,3,0x90,0x90,0x00,0x00,,,,,"Set torque = 0"
89257,TX,0x201,3,0x90,0x90,0x00,0x00,,,,,"Set torque = 0"
89263,RX,0x181,6,0x40,0x40,0x11,0x41,0x80,0x02,0x0B,,"Status word = 0x4111"
89270,RX,0x181,4,0x30,0x30,0x05,0x07,0x01,,,,"Speed feedback = 1797 rpm"
89283,TX,0x201,3,0x90,0x90,0x00,0x00,,,,,"Set torque = 0"
89309,TX,0x201,3,0x90,0x90,0x00,0x00,,,,,"Set torque = 0"
89335,TX,0x201,3,0x90,0x90,0x00,0x00,,,,,"Set torque = 0"
89361,TX,0x201,3,0x90,0x90,0x00,0x00,,,,,"Set torque = 0"
89367,RX,0x181,6,0x40,0x40,0x11,0x41,0x80,0x02,0x0B,,"Status word = 0x4111"
89374,RX,0x181,4,0x30,0x30,0xED,0x05,0x01,,,,"Speed feedback = 1517 rpm"
89387,TX,0x201,3,0x90,0x90,0x00,0x00,,,,,"Set torque = 0"
89413,TX,0x201,3,0x90,0x90,0x00,0x00,,,,,"Set torque = 0"
89439,TX,0x201,3,0x90,0x90,0x00,0x00,,,,,"Set torque = 0"
89463,RX,0x181,6,0x40,0x40,0x11,0x41,0x80,0x02,0x0B,,"Status word = 0x4111"
89469,TX,0x201,3,0x90,0x90,0x00,0x00,,,,,"Set torque = 0"
89476,RX,0x181,4,0x30,0x30,0xFE,0x04,0x01,,,,"Speed feedback = 1278 rpm"
89571,RX,0x181,4,0x30,0x30,0x5E,0x04,0x01,,,,"Speed feedback = 1118 rpm"
89578,RX,0x181,6,0x40,0x40,0x11,0x41,0x80,0x02,0x0B,,"Status word = 0x4111"
89585,TX,0x201,3,0x90,0x90,0x00,0x00,,,,,"Set torque = 0"
89612,TX,0x201,3,0x90,0x90,0x00,0x00,,,,,"Set torque = 0"
89638,TX,0x201,3,0x90,0x90,0x00,0x00,,,,,"Set torque = 0"
89662,RX,0x181,6,0x40,0x40,0x11,0x41,0x80,0x02,0x0B,,"Status word = 0x4111"
89669,TX,0x201,3,0x90,0x90,0x00,0x00,,,,,"Set torque = 0"
89676,RX,0x181,4,0x30,0x30,0xE6,0x03,0x01,,,,"Speed feedback = 998 rpm"
89696,TX,0x201,3,0x90,0x90,0x00,0x00,,,,,"Set torque = 0"
89722,TX,0x201,3,0x90,0x90,0x00,0x00,,,,,"Set torque = 0"
89751,TX,0x201,3,0x90,0x90,0x00,0x00,,,,,"Set torque = 0"
89762,RX,0x181,6,0x40,0x40,0x11,0x41,0x80,0x02,0x0B,,"Status word = 0x4111"
89769,RX,0x181,4,0x30,0x30,0x1E,0x03,0x01,,,,"Speed feedback = 798 rpm"
89778,TX,0x201,3,0x90,0x90,0x00,0x00,,,,,"Set torque = 0"
89804,TX,0x201,3,0x90,0x90,0x00,0x00,,,,,"Set torque = 0"
89830,TX,0x201,3,0x90,0x90,0x00,0x00,,,,,"Set torque = 0"
89856,TX,0x201,3,0x90,0x90,0x00,0x00,,,,,"Set torque = 0"
89862,RX,0x181,6,0x40,0x40,0x11,0x41,0x80,0x00,0x0B,,"Status word = 0x4111"
89869,RX,0x181,4,0x30,0x30,0x57,0x02,0x01,,,,"Speed feedback = 599 rpm"
89882,TX,0x201,3,0x90,0x90,0x00,0x00,,,,,"Set torque = 0"
89909,TX,0x201,3,0x90,0x90,0x00,0x00,,,,,"Set torque = 0"
89935,TX,0x201,3,0x90,0x90,0x00,0x00,,,,,"Set torque = 0"
89961,TX,0x201,3,0x90,0x90,0x00,0x00,,,,,"Set torque = 0"
90052,RX,0x181,6,0x40,0x40,0x11,0x41,0x80,0x00,0x0B,,"Status word = 0x4111"
90059,RX,0x181,4,0x30,0x30,0xB7,0x01,0x01,,,,"Speed feedback = 439 rpm"
90065,RX,0x181,6,0x40,0x40,0x11,0x41,0x80,0x00,0x0B,,"Status word = 0x4111"
90072,RX,0x181,4,0x30,0x30,0x3F,0x01,0x01,,,,"Speed feedback = 319 rpm"
90079,TX,0x201,3,0x90,0x90,0x00,0x00,,,,,"Set torque = 0"
90106,TX,0x201,3,0x90,0x90,0x00,0x00,,,,,"Set torque = 0"
90133,TX,0x201,3,0x90,0x90,0x00,0x00,,,,,"Set torque = 0"
90159,TX,0x201,3,0x90,0x90,0x00,0x00,,,,,"Set torque = 0"
90165,RX,0x181,6,0x40,0x40,0x11,0x41,0x80,0x00,0x0B,,"Status word = 0x4111"
90172,RX,0x181,4,0x30,0x30,0xC7,0x00,0x01,,,,"Speed feedback = 199 rpm"
90185,TX,0x201,3,0x90,0x90,0x00,0x00,,,,,"Set torque = 0"
90209,TX,0x201,3,0x90,0x90,0x00,0x00,,,,,"Set torque = 0"
90235,TX,0x201,3,0x90,0x90,0x00,0x00,,,,,"Set torque = 0"
90261,TX,0x201,3,0x90,0x90,0x00,0x00,,,,,"Set torque = 0"
90267,RX,0x181,6,0x40,0x40,0x11,0x41,0x80,0x00,0x0B,,"Status word = 0x4111"
90274,RX,0x181,4,0x30,0x30,0x77,0x00,0x01,,,,"Speed feedback = 119 rpm"
90287,TX,0x201,3,0x90,0x90,0x00,0x00,,,,,"Set torque = 0"
90313,TX,0x201,3,0x90,0x90,0x00,0x00,,,,,"Set torque = 0"
90339,TX,0x201,3,0x90,0x90,0x00,0x00,,,,,"Set torque = 0"
90361,RX,0x181,6,0x40,0x40,0x11,0x41,0x80,0x00,0x0B,,"Status word = 0x4111"
90368,TX,0x201,3,0x90,0x90,0x00,0x00,,,,,"Set torque = 0"
90375,RX,0x181,4,0x30,0x30,0x4F,0x00,0x01,,,,"Speed feedback = 79 rpm"
90395,TX,0x201,3,0x90,0x90,0x00,0x00,,,,,"Set torque = 0"
90421,TX,0x201,3,0x90,0x90,0x00,0x00,,,,,"Set torque = 0"
90510,RX,0x181,6,0x40,0x40,0x11,0x43,0x80,0x00,0x0B,,"Status word = 0x4311"
90517,RX,0x181,4,0x30,0x30,0x00,0x00,0x01,,,,"Speed feedback = 0 rpm"
90530,TX,0x201,3,0x90,0x90,0x00,0x00,,,,,"Set torque = 0"
90556,TX,0x201,3,0x90,0x90,0x00,0x00,,,,,"Set torque = 0"
90562,RX,0x181,6,0x40,0x40,0x11,0x43,0x80,0x00,0x0B,,"Status word = 0x4311"
90569,RX,0x181,4,0x30,0x30,0x00,0x00,0x01,,,,"Speed feedback = 0 rpm"
90582,TX,0x201,3,0x90,0x90,0x00,0x00,,,,,"Set torque = 0"
90608,TX,0x201,3,0x90,0x90,0x00,0x00,,,,,"Set torque = 0"
90634,TX,0x201,3,0x90,0x90,0x00,0x00,,,,,"Set torque = 0"
90661,TX,0x201,3,0x90,0x90,0x00,0x00,,,,,"Set torque = 0"
90667,RX,0x181,6,0x40,0x40,0x11,0x43,0x80,0x00,0x0B,,"Status word = 0x4311"
90674,RX,0x181,4,0x30,0x30,0x00,0x00,0x01,,,,"Speed feedback = 0 rpm"
90687,TX,0x201,3,0x90,0x90,0x00,0x00,,,,,"Set torque = 0"
90713,TX,0x201,3,0x90,0x90,0x00,0x00,,,,,"Set torque = 0"
90739,TX,0x201,3,0x90,0x90,0x00,0x00,,,,,"Set torque = 0"
90761,RX,0x181,6,0x40,0x40,0x11,0x43,0x80,0x00,0x0B,,"Status word = 0x4311"
90767,TX,0x201,3,0x90,0x90,0x00,0x00,,,,,"Set torque = 0"
90774,RX,0x181,4,0x30,0x30,0x00,0x00,0x01,,,,"Speed feedback = 0 rpm"
90794,TX,0x201,3,0x90,0x90,0x00,0x00,,,,,"Set torque = 0"
90820,TX,0x201,3,0x90,0x90,0x00,0x00,,,,,"Set torque = 0"
90846,TX,0x201,3,0x90,0x90,0x00,0x00,,,,,"Set torque = 0"
90860,RX,0x181,6,0x40,0x40,0x11,0x43,0x80,0x00,0x0B,,"Status word = 0x4311"
90867,RX,0x181,4,0x30,0x30,0x00,0x00,0x01,,,,"Speed feedback = 0 rpm"
90874,TX,0x201,3,0x90,0x90,0x00,0x00,,,,,"Set torque = 0"
90964,RX,0x181,6,0x40,0x40,0x11,0x43,0x80,0x00,0x0B,,"Status word = 0x4311"
90970,RX,0x181,4,0x30,0x30,0x00,0x00,0x01,,,,"Speed feedback = 0 rpm"
90984,TX,0x201,3,0x90,0x90,0x00,0x00,,,,,"Set torque = 0"
91011,TX,0x201,3,0x90,0x90,0x00,0x00,,,,,"Set torque = 0"
91037,TX,0x201,3,0x90,0x90,0x00,0x00,,,,,"Set torque = 0"
91060,RX,0x181,6,0x40,0x40,0x11,0x43,0x80,0x00,0x0B,,"Status word = 0x4311"
91067,TX,0x201,3,0x90,0x90,0x00,0x00,,,,,"Set torque = 0"
91074,RX,0x181,4,0x30,0x30,0x00,0x00,0x01,,,,"Speed feedback = 0 rpm"
91094,TX,0x201,3,0x90,0x90,0x00,0x00,,,,,"Set torque = 0"
91120,TX,0x201,3,0x90,0x90,0x00,0x00,,,,,"Set torque = 0"
91146,TX,0x201,3,0x90,0x90,0x00,0x00,,,,,"Set torque = 0"
91160,RX,0x181,6,0x40,0x40,0x11,0x43,0x80,0x00,0x0B,,"Status word = 0x4311"
91167,RX,0x181,4,0x30,0x30,0x00,0x00,0x01,,,,"Speed feedback = 0 rpm"
91174,TX,0x201,3,0x90,0x90,0x00,0x00,,,,,"Set torque = 0"
91201,TX,0x201,3,0x90,0x90,0x00,0x00,,,,,"Set torque = 0"
91227,TX,0x201,3,0x90,0x90,0x00,0x00,,,,,"Set torque = 0"
91253,TX,0x201,3,0x90,0x90,0x00,0x00,,,,,"Set torque = 0"
91260,RX,0x181,6,0x40,0x40,0x11,0x43,0x80,0x00,0x0B,,"Status word = 0x4311"
91267,RX,0x181,4,0x30,0x30,0x00,0x00,0x01,,,,"Speed feedback = 0 rpm"
91279,TX,0x201,3,0x90,0x90,0x00,0x00,,,,,"Set torque = 0"
91305,TX,0x201,3,0x90,0x90,0x00,0x00,,,,,"Set torque = 0"
91332,TX,0x201,3,0x90,0x90,0x00,0x00,,,,,"Set torque = 0"
91358,TX,0x201,3,0x90,0x90,0x00,0x00,,,,,"Set torque = 0"
91364,RX,0x181,6,0x40,0x40,0x11,0x43,0x80,0x00,0x0B,,"Status word = 0x4311"
91454,RX,0x181,4,0x30,0x30,0x00,0x00,0x01,,,,"Speed feedback = 0 rpm"
91461,RX,0x181,6,0x40,0x40,0x11,0x43,0x80,0x00,0x0B,,"Status word = 0x4311"
91467,RX,0x181,4,0x30,0x30,0x00,0x00,0x01,,,,"Speed feedback = 0 rpm"
91474,TX,0x201,3,0x90,0x90,0x00,0x00,,,,,"Set torque = 0"
91501,TX,0x201,3,0x90,0x90,0x00,0x00,,,,,"Set torque = 0"
91527,TX,0x201,3,0x90,0x90,0x00,0x00,,,,,"Set torque = 0"
91554,TX,0x201,3,0x90,0x90,0x00,0x00,,,,,"Set torque = 0"
91560,RX,0x181,6,0x40,0x40,0x11,0x43,0x80,0x00,0x0B,,"Status word = 0x4311"
91567,RX,0x181,4,0x30,0x30,0x00,0x00,0x01,,,,"Speed feedback = 0 rpm"
91580,TX,0x201,3,0x90,0x90,0x00,0x00,,,,,"Set torque = 0"
91606,TX,0x201,3,0x90,0x90,0x00,0x00,,,,,"Set torque = 0"
91632,TX,0x201,3,0x90,0x90,0x00,0x00,,,,,"Set torque = 0"
91658,TX,0x201,3,0x90,0x90,0x00,0x00,,,,,"Set torque = 0"
91664,RX,0x181,6,0x40,0x40,0x11,0x43,0x80,0x00,0x0B,,"Status word = 0x4311"
91671,RX,0x181,4,0x30,0x30,0x00,0x00,0x01,,,,"Speed feedback = 0 rpm"
91684,TX,0x201,3,0x90,0x90,0x00,0x00,,,,,"Set torque = 0"
91710,TX,0x201,3,0x90,0x90,0x00,0x00,,,,,"Set torque = 0"
91736,TX,0x201,3,0x90,0x90,0x00,0x00,,,,,"Set torque = 0"
91759,RX,0x181,6,0x40,0x40,0x11,0x43,0x80,0x00,0x0B,,"Status word = 0x4311"
91766,TX,0x201,3,0x90,0x90,0x00,0x00,,,,,"Set torque = 0"
91773,RX,0x181,4,0x30,0x30,0x00,0x00,0x01,,,,"Speed feedback = 0 rpm"
91793,TX,0x201,3,0x90,0x90,0x00,0x00,,,,,"Set torque = 0"
91819,TX,0x201,3,0x90,0x90,0x00,0x00,,,,,"Set torque = 0"
91845,TX,0x201,3,0x90,0x90,0x00,0x00,,,,,"Set torque = 0"
91935,RX,0x181,6,0x40,0x40,0x11,0x43,0x80,0x00,0x0B,,"Status word = 0x4311"
91941,RX,0x181,4,0x30,0x30,0x00,0x00,0x01,,,,"Speed feedback = 0 rpm"
91955,TX,0x201,3,0x90,0x90,0x00,0x00,,,,,"Set torque = 0"
91961,RX,0x181,6,0x40,0x40,0x11,0x43,0x80,0x00,0x0B,,"Status word = 0x4311"
91968,RX,0x181,4,0x30,0x30,0x00,0x00,0x01,,,,"Speed feedback = 0 rpm"
91981,TX,0x201,3,0x90,0x90,0x00,0x00,,,,,"Set torque = 0"
92007,TX,0x201,3,0x90,0x90,0x00,0x00,,,,,"Set torque = 0"
92033,TX,0x201,3,0x90,0x90,0x00,0x00,,,,,"Set torque = 0"
92059,TX,0x201,3,0x90,0x90,0x00,0x00,,,,,"Set torque = 0"
92066,RX,0x181,6,0x40,0x40,0x11,0x43,0x80,0x00,0x0B,,"Status word = 0x4311"
92072,RX,0x181,4,0x30,0x30,0x00,0x00,0x01,,,,"Speed feedback = 0 rpm"
92086,TX,0x201,3,0x90,0x90,0x00,0x00,,,,,"Set torque = 0"
92112,TX,0x201,3,0x90,0x90,0x00,0x00,,,,,"Set torque = 0"
92138,TX,0x201,3,0x90,0x90,0x00,0x00,,,,,"Set torque = 0"
92158,RX,0x181,6,0x40,0x40,0x11,0x43,0x80,0x00,0x0B,,"Status word = 0x4311"
92165,TX,0x201,3,0x90,0x90,0x00,0x00,,,,,"Set torque = 0"
92172,RX,0x181,4,0x30,0x30,0x00,0x00,0x01,,,,"Speed feedback = 0 rpm"
92192,TX,0x201,3,0x90,0x90,0x00,0x00,,,,,"Set torque = 0"
92219,TX,0x201,3,0x90,0x90,0x00,0x00,,,,,"Set torque = 0"
92245,TX,0x201,3,0x90,0x90,0x00,0x00,,,,,"Set torque = 0"
92258,RX,0x181,6,0x40,0x40,0x11,0x43,0x80,0x00,0x0B,,"Status word = 0x4311"
92265,RX,0x181,4,0x30,0x30,0x00,0x00,0x01,,,,"Speed feedback = 0 rpm"
92272,TX,0x201,3,0x90,0x90,0x00,0x00,,,,,"Set torque = 0"
92299,TX,0x201,3,0x90,0x90,0x00,0x00,,,,,"Set torque = 0"
92388,RX,0x181,6,0x40,0x40,0x11,0x43,0x80,0x00,0x0B,,"Status word = 0x4311"
92395,RX,0x181,4,0x30,0x30,0x00,0x00,0x01,,,,"Speed feedback = 0 rpm"
92408,TX,0x201,3,0x90,0x90,0x00,0x00,,,,,"Set torque = 0"
92435,TX,0x201,3,0x90,0x90,0x00,0x00,,,,,"Set torque = 0"
92458,RX,0x181,6,0x40,0x40,0x11,0x43,0x80,0x00,0x0B,,"Status word = 0x4311"
92465,TX,0x201,3,0x90,0x90,0x00,0x00,,,,,"Set torque = 0"
92471,RX,0x181,4,0x30,0x30,0x00,0x00,0x01,,,,"Speed feedback = 0 rpm"
92491,TX,0x201,3,0x90,0x90,0x00,0x00,,,,,"Set torque = 0"
92517,TX,0x201,3,0x90,0x90,0x00,0x00,,,,,"Set torque = 0"
92543,TX,0x201,3,0x90,0x90,0x00,0x00,,,,,"Set torque = 0"
92558,RX,0x181,6,0x40,0x40,0x11,0x43,0x80,0x00,0x0B,,"Status word = 0x4311"
92565,RX,0x181,4,0x30,0x30,0x00,0x00,0x01,,,,"Speed feedback = 0 rpm"
92572,TX,0x201,3,0x90,0x90,0x00,0x00,,,,,"Set torque = 0"
92599,TX,0x201,3,0x90,0x90,0x00,0x00,,,,,"Set torque = 0"
92625,TX,0x201,3,0x90,0x90,0x00,0x00,,,,,"Set torque = 0"
92651,TX,0x201,3,0x90,0x90,0x00,0x00,,,,,"Set torque = 0"
92658,RX,0x181,6,0x40,0x40,0x11,0x43,0x80,0x00,0x0B,,"Status word = 0x4311"
92665,RX,0x181,4,0x30,0x30,0x00,0x00,0x01,,,,"Speed feedback = 0 rpm"
92677,TX,0x201,3,0x90,0x90,0x00,0x00,,,,,"Set torque = 0"
92703,TX,0x201,3,0x90,0x90,0x00,0x00,,,,,"Set torque = 0"
92729,TX,0x201,3,0x90,0x90,0x00,0x00,,,,,"Set torque = 0"
92756,TX,0x201,3,0x90,0x90,0x00,0x00,,,,,"Set torque = 0"
92762,RX,0x181,6,0x40,0x40,0x11,0x43,0x80,0x00,0x0B,,"Status word = 0x4311"
92769,RX,0x181,4,0x30,0x30,0x00,0x00,0x01,,,,"Speed feedback = 0 rpm"
92861,RX,0x181,6,0x40,0x40,0x11,0x43,0x80,0x00,0x0B,,"Status word = 0x4311"
92868,RX,0x181,4,0x30,0x30,0x00,0x00,0x01,,,,"Speed feedback = 0 rpm"
92874,TX,0x201,3,0x90,0x90,0x00,0x00,,,,,"Set torque = 0"
92901,TX,0x201,3,0x90,0x90,0x00,0x00,,,,,"Set torque = 0"
92927,TX,0x201,3,0x90,0x90,0x00,0x00,,,,,"Set torque = 0"
92953,TX,0x201,3,0x90,0x90,0x00,0x00,,,,,"Set torque = 0"
92960,RX,0x181,6,0x40,0x40,0x11,0x43,0x80,0x00,0x0B,,"Status word = 0x4311"
92966,RX,0x181,4,0x30,0x30,0x00,0x00,0x01,,,,"Speed feedback = 0 rpm"
92980,TX,0x201,3,0x90,0x90,0x00,0x00,,,,,"Set torque = 0"
93006,TX,0x201,3,0x90,0x90,0x00,0x00,,,,,"Set torque = 0"
93032,TX,0x201,3,0x90,0x90,0x00,0x00,,,,,"Set torque = 0"
93057,RX,0x181,6,0x40,0x40,0x11,0x43,0x80,0x00,0x0B,,"Status word = 0x4311"
93064,TX,0x201,3,0x90,0x90,0x00,0x00,,,,,"Set torque = 0"
93071,RX,0x181,4,0x30,0x30,0x00,0x00,0x01,,,,"Speed feedback = 0 rpm"
93091,TX,0x201,3,0x90,0x90,0x00,0x00,,,,,"Set torque = 0"
93118,TX,0x201,3,0x90,0x90,0x00,0x00,,,,,"Set torque = 0"
93144,TX,0x201,3,0x90,0x90,0x00,0x00,,,,,"Set torque = 0"
93157,RX,0x181,6,0x40,0x40,0x11,0x43,0x80,0x00,0x0B,,"Status word = 0x4311"
93164,RX,0x181,4,0x30,0x30,0x00,0x00,0x01,,,,"Speed feedback = 0 rpm"
93171,TX,0x201,3,0x90,0x90,0x00,0x00,,,,,"Set torque = 0"
93197,TX,0x201,3,0x90,0x90,0x00,0x00,,,,,"Set torque = 0"
93223,TX,0x201,3,0x90,0x90,0x00,0x00,,,,,"Set torque = 0"
93249,TX,0x201,3,0x90,0x90,0x00,0x00,,,,,"Set torque = 0"
93257,RX,0x181,6,0x40,0x40,0x11,0x43,0x80,0x00,0x0B,,"Status word = 0x4311"
93359,RX,0x181,6,0x40,0x40,0x11,0x43,0x80,0x00,0x0B,,"Status word = 0x4311"
93366,RX,0x181,4,0x30,0x30,0x00,0x00,0x01,,,,"Speed feedback = 0 rpm"
93373,RX,0x181,4,0x30,0x30,0x00,0x00,0x01,,,,"Speed feedback = 0 rpm"
93380,TX,0x201,3,0x90,0x90,0x00,0x00,,,,,"Set torque = 0"
93406,TX,0x201,3,0x90,0x90,0x00,0x00,,,,,"Set torque = 0"
93432,TX,0x201,3,0x90,0x90,0x00,0x00,,,,,"Set torque = 0"
93456,RX,0x181,6,0x40,0x40,0x11,0x43,0x80,0x00,0x0B,,"Status word = 0x4311"
93463,TX,0x201,3,0x90,0x90,0x00,0x00,,,,,"Set torque = 0"
93471,RX,0x181,4,0x30,0x30,0x00,0x00,0x01,,,,"Speed feedback = 0 rpm"
93491,TX,0x201,3,0x90,0x90,0x00,0x00,,,,,"Set torque = 0"
93517,TX,0x201,3,0x90,0x90,0x00,0x00,,,,,"Set torque = 0"
93543,TX,0x201,3,0x90,0x90,0x00,0x00,,,,,"Set torque = 0"
93556,RX,0x181,6,0x40,0x40,0x11,0x43,0x80,0x00,0x0B,,"Status word = 0x4311"
93563,RX,0x181,4,0x30,0x30,0x00,0x00,0x01,,,,"Speed feedback = 0 rpm"
93570,TX,0x201,3,0x90,0x90,0x00,0x00,,,,,"Set torque = 0"
93597,TX,0x201,3,0x90,0x90,0x00,0x00,,,,,"Set torque = 0"
93623,TX,0x201,3,0x90,0x90,0x00,0x00,,,,,"Set torque = 0"
93650,TX,0x201,3,0x90,0x90,0x00,0x00,,,,,"Set torque = 0"
93656,RX,0x181,6,0x40,0x40,0x11,0x43,0x80,0x00,0x0B,,"Status word = 0x4311"
93663,RX,0x181,4,0x30,0x30,0x00,0x00,0x01,,,,"Speed feedback = 0 rpm"
93676,TX,0x201,3,0x90,0x90,0x00,0x00,,,,,"Set torque = 0"
93702,TX,0x201,3,0x90,0x90,0x00,0x00,,,,,"Set torque = 0"
93728,TX,0x201,3,0x90,0x90,0x00,0x00,,,,,"Set torque = 0"
93829,RX,0x181,6,0x40,0x40,0x11,0x43,0x80,0x00,0x0B,,"Status word = 0x4311"
93836,RX,0x181,4,0x30,0x30,0x00,0x00,0x01,,,,"Speed feedback = 0 rpm"
93849,TX,0x201,3,0x90,0x90,0x00,0x00,,,,,"Set torque = 0"
93856,RX,0x181,6,0x40,0x40,0x11,0x43,0x80,0x00,0x0B,,"Status word = 0x4311"
93863,RX,0x181,4,0x30,0x30,0x00,0x00,0x01,,,,"Speed feedback = 0 rpm"
93876,TX,0x201,3,0x90,0x90,0x00,0x00,,,,,"Set torque = 0"
93902,TX,0x201,3,0x90,0x90,0x00,0x00,,,,,"Set torque = 0"
93928,TX,0x201,3,0x90,0x90,0x00,0x00,,,,,"Set torque = 0"
93954,TX,0x201,3,0x90,0x90,0x00,0x00,,,,,"Set torque = 0"
93960,RX,0x181,6,0x40,0x40,0x11,0x43,0x80,0x00,0x0B,,"Status word = 0x4311"
93967,RX,0x181,4,0x30,0x30,0x00,0x00,0x01,,,,"Speed feedback = 0 rpm"
93980,TX,0x201,3,0x90,0x90,0x00,0x00,,,,,"Set torque = 0"
94007,TX,0x201,3,0x90,0x90,0x00,0x00,,,,,"Set torque = 0"
94033,TX,0x201,3,0x90,0x90,0x00,0x00,,,,,"Set torque = 0"
94055,RX,0x181,6,0x40,0x40,0x11,0x43,0x80,0x00,0x0B,,"Status word = 0x4311"
94062,TX,0x201,3,0x90,0x90,0x00,0x00,,,,,"Set torque = 0"
94069,RX,0x181,4,0x30,0x30,0x00,0x00,0x01,,,,"Speed feedback = 0 rpm"
94089,TX,0x201,3,0x90,0x90,0x00,0x00,,,,,"Set torque = 0"
94115,TX,0x201,3,0x90,0x90,0x00,0x00,,,,,"Set torque = 0"
94141,TX,0x201,3,0x90,0x90,0x00,0x00,,,,,"Set torque = 0"
94155,RX,0x181,6,0x40,0x40,0x11,0x43,0x80,0x00,0x0B,,"Status word = 0x4311"
94162,RX,0x181,4,0x30,0x30,0x00,0x00,0x01,,,,"Speed feedback = 0 rpm"
94169,TX,0x201,3,0x90,0x90,0x00,0x00,,,,,"Set torque = 0"
94196,TX,0x201,3,0x90,0x90,0x00,0x00,,,,,"Set torque = 0"
94336,RX,0x181,6,0x40,0x40,0x11,0x43,0x80,0x00,0x0B,,"Status word = 0x4311"
94342,RX,0x181,4,0x30,0x30,0x00,0x00,0x01,,,,"Speed feedback = 0 rpm"
94355,RX,0x181,6,0x40,0x40,0x11,0x43,0x80,0x00,0x0B,,"Status word = 0x4311"
94362,TX,0x201,3,0x90,0x90,0x00,0x00,,,,,"Set torque = 0"
94369,RX,0x181,4,0x30,0x30,0x00,0x00,0x01,,,,"Speed feedback = 0 rpm"
94389,TX,0x201,3,0x90,0x90,0x00,0x00,,,,,"Set torque = 0"
94416,TX,0x201,3,0x90,0x90,0x00,0x00,,,,,"Set torque = 0"
94442,TX,0x201,3,0x90,0x90,0x00,0x00,,,,,"Set torque = 0"
94455,RX,0x181,6,0x40,0x40,0x11,0x43,0x80,0x00,0x0B,,"Status word = 0x4311"
94462,RX,0x181,4,0x30,0x30,0x00,0x00,0x01,,,,"Speed feedback = 0 rpm"
94469,TX,0x201,3,0x90,0x90,0x00,0x00,,,,,"Set torque = 0"
94495,TX,0x201,3,0x90,0x90,0x00,0x00,,,,,"Set torque = 0"
94521,TX,0x201,3,0x90,0x90,0x00,0x00,,,,,"Set torque = 0"
94547,TX,0x201,3,0x90,0x90,0x00,0x00,,,,,"Set torque = 0"
94555,RX,0x181,6,0x40,0x40,0x11,0x43,0x80,0x00,0x0B,,"Status word = 0x4311"
94562,RX,0x181,4,0x30,0x30,0x00,0x00,0x01,,,,"Speed feedback = 0 rpm"
94573,TX,0x201,3,0x90,0x90,0x00,0x00,,,,,"Set torque = 0"
94599,TX,0x201,3,0x90,0x90,0x00,0x00,,,,,"Set torque = 0"
94625,TX,0x201,3,0x90,0x90,0x00,0x00,,,,,"Set torque = 0"
94651,TX,0x201,3,0x90,0x90,0x00,0x00,,,,,"Set torque = 0"
94657,RX,0x181,6,0x40,0x40,0x11,0x43,0x80,0x00,0x0B,,"Status word = 0x4311"
94664,RX,0x181,4,0x30,0x30,0x00,0x00,0x01,,,,"Speed feedback = 0 rpm"
94677,TX,0x201,3,0x90,0x90,0x00,0x00,,,,,"Set torque = 0"
94703,TX,0x201,3,0x90,0x90,0x00,0x00,,,,,"Set torque = 0"
94764,RX,0x181,6,0x40,0x40,0x11,0x43,0x80,0x00,0x0B,,"Status word = 0x4311"
94771,RX,0x181,4,0x30,0x30,0x00,0x00,0x01,,,,"Speed feedback = 0 rpm"
94784,TX,0x201,3,0x90,0x90,0x00,0x00,,,,,"Set torque = 0"
94810,TX,0x201,3,0x90,0x90,0x00,0x00,,,,,"Set torque = 0"
94836,TX,0x201,3,0x90,0x90,0x00,0x00,,,,,"Set torque = 0"
94854,RX,0x181,6,0x40,0x40,0x11,0x43,0x80,0x00,0x0B,,"Status word = 0x4311"
94861,RX,0x181,4,0x30,0x30,0x00,0x00,0x01,,,,"Speed feedback = 0 rpm"
94868,TX,0x201,3,0x90,0x90,0x00,0x00,,,,,"Set torque = 0"
94895,TX,0x201,3,0x90,0x90,0x00,0x00,,,,,"Set torque = 0"
94922,TX,0x201,3,0x90,0x90,0x00,0x00,,,,,"Set torque = 0"
94949,TX,0x201,3,0x90,0x90,0x00,0x00,,,,,"Set torque = 0"
94956,RX,0x181,6,0x40,0x40,0x11,0x43,0x80,0x00,0x0B,,"Status word = 0x4311"
94962,RX,0x181,4,0x30,0x30,0x00,0x00,0x01,,,,"Speed feedback = 0 rpm"
94976,TX,0x201,3,0x90,0x90,0x00,0x00,,,,,"Set torque = 0"
95003,TX,0x201,3,0x90,0x90,0x00,0x00,,,,,"Set torque = 0"
95029,TX,0x201,3,0x90,0x90,0x00,0x00,,,,,"Set torque = 0"
95054,RX,0x181,6,0x40,0x40,0x11,0x43,0x80,0x00,0x0B,,"Status word = 0x4311"
95061,RX,0x181,4,0x30,0x30,0x00,0x00,0x01,,,,"Speed feedback = 0 rpm"
95068,TX,0x201,3,0x90,0x90,0x00,0x00,,,,,"Set torque = 0"
95095,TX,0x201,3,0x90,0x90,0x00,0x00,,,,,"Set torque = 0"
95121,TX,0x201,3,0x90,0x90,0x00,0x00,,,,,"Set torque = 0"
95147,TX,0x201,3,0x90,0x90,0x00,0x00,,,,,"Set torque = 0"
95154,RX,0x181,6,0x40,0x40,0x11,0x43,0x80,0x00,0x0B,,"Status word = 0x4311"
95243,RX,0x181,4,0x30,0x30,0x00,0x00,0x01,,,,"Speed feedback = 0 rpm"
95250,TX,0x201,3,0x90,0x90,0x00,0x00,,,,,"Set torque = 0"
95257,RX,0x181,6,0x40,0x40,0x11,0x43,0x80,0x00,0x0B,,"Status word = 0x4311"
95265,RX,0x181,4,0x30,0x30,0x00,0x00,0x01,,,,"Speed feedback = 0 rpm"
95277,TX,0x201,3,0x90,0x90,0x00,0x00,,,,,"Set torque = 0"
95304,TX,0x201,3,0x90,0x90,0x00,0x00,,,,,"Set torque = 0"
95330,TX,0x201,3,0x90,0x90,0x00,0x00,,,,,"Set torque = 0"
95353,RX,0x181,6,0x40,0x40,0x11,0x43,0x80,0x00,0x0B,,"Status word = 0x4311"
95360,TX,0x201,3,0x90,0x90,0x00,0x00,,,,,"Set torque = 0"
95367,RX,0x181,4,0x30,0x30,0x00,0x00,0x01,,,,"Speed feedback = 0 rpm"
95387,TX,0x201,3,0x90,0x90,0x00,0x00,,,,,"Set torque = 0"
95413,TX,0x201,3,0x90,0x90,0x00,0x00,,,,,"Set torque = 0"
95440,TX,0x201,3,0x90,0x90,0x00,0x00,,,,,"Set torque = 0"
95453,RX,0x181,6,0x40,0x40,0x11,0x43,0x80,0x00,0x0B,,"Status word = 0x4311"
95460,RX,0x181,4,0x30,0x30,0x00,0x00,0x01,,,,"Speed feedback = 0 rpm"
95467,TX,0x201,3,0x90,0x90,0x00,0x00,,,,,"Set torque = 0"
95494,TX,0x201,3,0x90,0x90,0x00,0x00,,,,,"Set torque = 0"
95521,TX,0x201,3,0x90,0x90,0x00,0x00,,,,,"Set torque = 0"
95548,TX,0x201,3,0x90,0x90,0x00,0x00,,,,,"Set torque = 0"
95555,RX,0x181,6,0x40,0x40,0x11,0x43,0x80,0x00,0x0B,,"Status word = 0x4311"
95561,RX,0x181,4,0x30,0x30,0x00,0x00,0x01,,,,"Speed feedback = 0 rpm"
95575,TX,0x201,3,0x90,0x90,0x00,0x00,,,,,"Set torque = 0"
95601,TX,0x201,3,0x90,0x90,0x00,0x00,,,,,"Set torque = 0"
95627,TX,0x201,3,0x90,0x90,0x00,0x00,,,,,"Set torque = 0"
95716,RX,0x181,6,0x40,0x40,0x11,0x43,0x80,0x00,0x0B,,"Status word = 0x4311"
95723,RX,0x181,4,0x30,0x30,0x00,0x00,0x01,,,,"Speed feedback = 0 rpm"
95736,TX,0x201,3,0x90,0x90,0x00,0x00,,,,,"Set torque = 0"
95753,RX,0x181,6,0x40,0x40,0x11,0x43,0x80,0x00,0x0B,,"Status word = 0x4311"
95760,RX,0x181,4,0x30,0x30,0x00,0x00,0x01,,,,"Speed feedback = 0 rpm"
95766,TX,0x201,3,0x90,0x90,0x00,0x00,,,,,"Set torque = 0"
95794,TX,0x201,3,0x90,0x90,0x00,0x00,,,,,"Set torque = 0"
95820,TX,0x201,3,0x90,0x90,0x00,0x00,,,,,"Set torque = 0"
95846,TX,0x201,3,0x90,0x90,0x00,0x00,,,,,"Set torque = 0"
95853,RX,0x181,6,0x40,0x40,0x11,0x43,0x80,0x00,0x0B,,"Status word = 0x4311"
95859,RX,0x181,4,0x30,0x30,0x00,0x00,0x01,,,,"Speed feedback = 0 rpm"
95872,TX,0x201,3,0x90,0x90,0x00,0x00,,,,,"Set torque = 0"
95898,TX,0x201,3,0x90,0x90,0x00,0x00,,,,,"Set torque = 0"
95924,TX,0x201,3,0x90,0x90,0x00,0x00,,,,,"Set torque = 0"
95950,TX,0x201,3,0x90,0x90,0x00,0x00,,,,,"Set torque = 0"
95957,RX,0x181,6,0x40,0x40,0x11,0x43,0x80,0x00,0x0B,,"Status word = 0x4311"
95964,RX,0x181,4,0x30,0x30,0x00,0x00,0x01,,,,"Speed feedback = 0 rpm"
95977,TX,0x201,3,0x90,0x90,0x00,0x00,,,,,"Set torque = 0"
96003,TX,0x201,3,0x90,0x90,0x00,0x00,,,,,"Set torque = 0"
96029,TX,0x201,3,0x90,0x90,0x00,0x00,,,,,"Set torque = 0"
96052,RX,0x181,6,0x40,0x40,0x11,0x43,0x80,0x00,0x0B,,"Status word = 0x4311"
96059,TX,0x201,3,0x90,0x90,0x00,0x00,,,,,"Set torque = 0"
96066,RX,0x181,4,0x30,0x30,0x00,0x00,0x01,,,,"Speed feedback = 0 rpm"
96086,TX,0x201,3,0x90,0x90,0x00,0x00,,,,,"Set torque = 0"
96167,RX,0x181,6,0x40,0x40,0x11,0x43,0x80,0x00,0x0B,,"Status word = 0x4311"
96174,RX,0x181,4,0x30,0x30,0x00,0x00,0x01,,,,"Speed feedback = 0 rpm"
96187,TX,0x201,3,0x90,0x90,0x00,0x00,,,,,"Set torque = 0"
96213,TX,0x201,3,0x90,0x90,0x00,0x00,,,,,"Set torque = 0"
96239,TX,0x201,3,0x90,0x90,0x00,0x00,,,,,"Set torque = 0"
96252,RX,0x181,6,0x40,0x40,0x11,0x43,0x80,0x00,0x0B,,"Status word = 0x4311"
96259,RX,0x181,4,0x30,0x30,0x00,0x00,0x01,,,,"Speed feedback = 0 rpm"
96266,TX,0x201,3,0x90,0x90,0x00,0x00,,,,,"Set torque = 0"
96293,TX,0x201,3,0x90,0x90,0x00,0x00,,,,,"Set torque = 0"
96320,TX,0x201,3,0x90,0x90,0x00,0x00,,,,,"Set torque = 0"
96346,TX,0x201,3,0x90,0x90,0x00,0x00,,,,,"Set torque = 0"
96352,RX,0x181,6,0x40,0x40,0x11,0x43,0x80,0x00,0x0B,,"Status word = 0x4311"
96359,RX,0x181,4,0x30,0x30,0x00,0x00,0x01,,,,"Speed feedback = 0 rpm"
96372,TX,0x201,3,0x90,0x90,0x00,0x00,,,,,"Set torque = 0"
96398,TX,0x201,3,0x90,0x90,0x00,0x00,,,,,"Set torque = 0"
96424,TX,0x201,3,0x90,0x90,0x00,0x00,,,,,"Set torque = 0"
96450,TX,0x201,3,0x90,0x90,0x00,0x00,,,,,"Set torque = 0"
96456,RX,0x181,6,0x40,0x40,0x11,0x43,0x80,0x00,0x0B,,"Status word = 0x4311"
96464,RX,0x181,4,0x30,0x30,0x00,0x00,0x01,,,,"Speed feedback = 0 rpm"
96476,TX,0x201,3,0x90,0x90,0x00,0x00,,,,,"Set torque = 0"
96502,TX,0x201,3,0x90,0x90,0x00,0x00,,,,,"Set torque = 0"
96528,TX,0x201,3,0x90,0x90,0x00,0x00,,,,,"Set torque = 0"
96551,RX,0x181,6,0x40,0x40,0x11,0x43,0x80,0x00,0x0B,,"Status word = 0x4311"
96558,TX,0x201,3,0x90,0x90,0x00,0x00,,,,,"Set torque = 0"
96641,RX,0x181,4,0x30,0x30,0x00,0x00,0x01,,,,"Speed feedback = 0 rpm"
96651,RX,0x181,6,0x40,0x40,0x11,0x43,0x80,0x00,0x0B,,"Status word = 0x4311"
96658,RX,0x181,4,0x30,0x30,0x00,0x00,0x01,,,,"Speed feedback = 0 rpm"
96665,TX,0x201,3,0x90,0x90,0x00,0x00,,,,,"Set torque = 0"
96692,TX,0x201,3,0x90,0x90,0x00,0x00,,,,,"Set torque = 0"
96718,TX,0x201,3,0x90,0x90,0x00,0x00,,,,,"Set torque = 0"
96744,TX,0x201,3,0x90,0x90,0x00,0x00,,,,,"Set torque = 0"
96751,RX,0x181,6,0x40,0x40,0x11,0x43,0x80,0x00,0x0B,,"Status word = 0x4311"
96758,RX,0x181,4,0x30,0x30,0x00,0x00,0x01,,,,"Speed feedback = 0 rpm"
96770,TX,0x201,3,0x90,0x90,0x00,0x00,,,,,"Set torque = 0"
96796,TX,0x201,3,0x90,0x90,0x00,0x00,,,,,"Set torque = 0"
96822,TX,0x201,3,0x90,0x90,0x00,0x00,,,,,"Set torque = 0"
96849,TX,0x201,3,0x90,0x90,0x00,0x00,,,,,"Set torque = 0"
96855,RX,0x181,6,0x40,0x40,0x11,0x43,0x80,0x00,0x0B,,"Status word = 0x4311"
96862,RX,0x181,4,0x30,0x30,0x00,0x00,0x01,,,,"Speed feedback = 0 rpm"
96875,TX,0x201,3,0x90,0x90,0x00,0x00,,,,,"Set torque = 0"
96901,TX,0x201,3,0x90,0x90,0x00,0x00,,,,,"Set torque = 0"
96927,TX,0x201,3,0x90,0x90,0x00,0x00,,,,,"Set torque = 0"
96951,RX,0x181,6,0x40,0x40,0x11,0x43,0x80,0x00,0x0B,,"Status word = 0x4311"
96958,TX,0x201,3,0x90,0x90,0x00,0x00,,,,,"Set torque = 0"
96964,RX,0x181,4,0x30,0x30,0x00,0x00,0x01,,,,"Speed feedback = 0 rpm"
96984,TX,0x201,3,0x90,0x90,0x00,0x00,,,,,"Set torque = 0"
97010,TX,0x201,3,0x90,0x90,0x00,0x00,,,,,"Set torque = 0"
97036,TX,0x201,3,0x90,0x90,0x00,0x00,,,,,"Set torque = 0"
97121,RX,0x181,6,0x40,0x40,0x11,0x43,0x80,0x00,0x0B,,"Status word = 0x4311"
97128,RX,0x181,4,0x30,0x30,0x00,0x00,0x01,,,,"Speed feedback = 0 rpm"
97141,TX,0x201,3,0x90,0x90,0x00,0x00,,,,,"Set torque = 0"
97150,RX,0x181,6,0x40,0x40,0x11,0x43,0x80,0x00,0x0B,,"Status word = 0x4311"
97157,RX,0x181,4,0x30,0x30,0x00,0x00,0x01,,,,"Speed feedback = 0 rpm"
97167,TX,0x201,3,0x90,0x90,0x00,0x00,,,,,"Set torque = 0"
97194,TX,0x201,3,0x90,0x90,0x00,0x00,,,,,"Set torque = 0"
97220,TX,0x201,3,0x90,0x90,0x00,0x00,,,,,"Set torque = 0"
97246,TX,0x201,3,0x90,0x90,0x00,0x00,,,,,"Set torque = 0"
97252,RX,0x181,6,0x40,0x40,0x11,0x43,0x80,0x00,0x0B,,"Status word = 0x4311"
97259,RX,0x181,4,0x30,0x30,0x00,0x00,0x01,,,,"Speed feedback = 0 rpm"
97272,TX,0x201,3,0x90,0x90,0x00,0x00,,,,,"Set torque = 0"
97298,TX,0x201,3,0x90,0x90,0x00,0x00,,,,,"Set torque = 0"
97324,TX,0x201,3,0x90,0x90,0x00,0x00,,,,,"Set torque = 0"
97350,TX,0x201,3,0x90,0x90,0x00,0x00,,,,,"Set torque = 0"
97357,RX,0x181,6,0x40,0x40,0x11,0x43,0x80,0x00,0x0B,,"Status word = 0x4311"
97364,RX,0x181,4,0x30,0x30,0x00,0x00,0x01,,,,"Speed feedback = 0 rpm"
97377,TX,0x201,3,0x90,0x90,0x00,0x00,,,,,"Set torque = 0"
97403,TX,0x201,3,0x90,0x90,0x00,0x00,,,,,"Set torque = 0"
97429,TX,0x201,3,0x90,0x90,0x00,0x00,,,,,"Set torque = 0"
97450,RX,0x181,6,0x40,0x40,0x11,0x43,0x80,0x00,0x0B,,"Status word = 0x4311"
97457,TX,0x201,3,0x90,0x90,0x00,0x00,,,,,"Set torque = 0"
97464,RX,0x181,4,0x30,0x30,0x00,0x00,0x01,,,,"Speed feedback = 0 rpm"
97484,TX,0x201,3,0x90,0x90,0x00,0x00,,,,,"Set torque = 0"
97569,RX,0x181,6,0x40,0x40,0x11,0x43,0x80,0x00,0x0B,,"Status word = 0x4311"
97576,RX,0x181,4,0x30,0x30,0x00,0x00,0x01,,,,"Speed feedback = 0 rpm"
97589,TX,0x201,3,0x90,0x90,0x00,0x00,,,,,"Set torque = 0"
97615,TX,0x201,3,0x90,0x90,0x00,0x00,,,,,"Set torque = 0"
97641,TX,0x201,3,0x90,0x90,0x00,0x00,,,,,"Set torque = 0"
97650,RX,0x181,6,0x40,0x40,0x11,0x43,0x80,0x00,0x0B,,"Status word = 0x4311"
97657,RX,0x181,4,0x30,0x30,0x00,0x00,0x01,,,,"Speed feedback = 0 rpm"
97667,TX,0x201,3,0x90,0x90,0x00,0x00,,,,,"Set torque = 0"
97693,TX,0x201,3,0x90,0x90,0x00,0x00,,,,,"Set torque = 0"
97720,TX,0x201,3,0x90,0x90,0x00,0x00,,,,,"Set torque = 0"
97746,TX,0x201,3,0x90,0x90,0x00,0x00,,,,,"Set torque = 0"
97752,RX,0x181,6,0x40,0x40,0x11,0x43,0x80,0x00,0x0B,,"Status word = 0x4311"
97759,RX,0x181,4,0x30,0x30,0x00,0x00,0x01,,,,"Speed feedback = 0 rpm"
97772,TX,0x201,3,0x90,0x90,0x00,0x00,,,,,"Set torque = 0"
97798,TX,0x201,3,0x90,0x90,0x00,0x00,,,,,"Set torque = 0"
97824,TX,0x201,3,0x90,0x90,0x00,0x00,,,,,"Set torque = 0"
97849,RX,0x181,6,0x40,0x40,0x11,0x43,0x80,0x00,0x0B,,"Status word = 0x4311"
97856,TX,0x201,3,0x90,0x90,0x00,0x00,,,,,"Set torque = 0"
97863,RX,0x181,4,0x30,0x30,0x00,0x00,0x01,,,,"Speed feedback = 0 rpm"
97883,TX,0x201,3,0x90,0x90,0x00,0x00,,,,,"Set torque = 0"
97909,TX,0x201,3,0x90,0x90,0x00,0x00,,,,,"Set torque = 0"
97935,TX,0x201,3,0x90,0x90,0x00,0x00,,,,,"Set torque = 0"
97949,RX,0x181,6,0x40,0x40,0x11,0x43,0x80,0x00,0x0B,,"Status word = 0x4311"
97956,RX,0x181,4,0x30,0x30,0x00,0x00,0x01,,,,"Speed feedback = 0 rpm"
98042,TX,0x201,3,0x90,0x90,0x00,0x00,,,,,"Set torque = 0"
98049,RX,0x181,6,0x40,0x40,0x11,0x43,0x80,0x00,0x0B,,"Status word = 0x4311"
98056,RX,0x181,4,0x30,0x30,0x00,0x00,0x01,,,,"Speed feedback = 0 rpm"
98069,TX,0x201,3,0x90,0x90,0x00,0x00,,,,,"Set torque = 0"
98095,TX,0x201,3,0x90,0x90,0x00,0x00,,,,,"Set torque = 0"
98121,TX,0x201,3,0x90,0x90,0x00,0x00,,,,,"Set torque = 0"
98147,TX,0x201,3,0x90,0x90,0x00,0x00,,,,,"Set torque = 0"
98153,RX,0x181,6,0x40,0x40,0x11,0x43,0x80,0x00,0x0B,,"Status word = 0x4311"
98160,RX,0x181,4,0x30,0x30,0x00,0x00,0x01,,,,"Speed feedback = 0 rpm"
98173,TX,0x201,3,0x90,0x90,0x00,0x00,,,,,"Set torque = 0"
98199,TX,0x201,3,0x90,0x90,0x00,0x00,,,,,"Set torque = 0"
98225,TX,0x201,3,0x90,0x90,0x00,0x00,,,,,"Set torque = 0"
98249,RX,0x181,6,0x40,0x40,0x11,0x43,0x80,0x00,0x0B,,"Status word = 0x4311"
98256,TX,0x201,3,0x90,0x90,0x00,0x00,,,,,"Set torque = 0"
98262,RX,0x181,4,0x30,0x30,0x00,0x00,0x01,,,,"Speed feedback = 0 rpm"
98282,TX,0x201,3,0x90,0x90,0x00,0x00,,,,,"Set torque = 0"
98308,TX,0x201,3,0x90,0x90,0x00,0x00,,,,,"Set torque = 0"
98334,TX,0x201,3,0x90,0x90,0x00,0x00,,,,,"Set torque = 0"
98349,RX,0x181,6,0x40,0x40,0x11,0x43,0x80,0x00,0x0B,,"Status word = 0x4311"
98356,RX,0x181,4,0x30,0x30,0x00,0x00,0x01,,,,"Speed feedback = 0 rpm"
98362,TX,0x201,3,0x90,0x90,0x00,0x00,,,,,"Set torque = 0"
98390,TX,0x201,3,0x90,0x90,0x00,0x00,,,,,"Set torque = 0"
98416,TX,0x201,3,0x90,0x90,0x00,0x00,,,,,"Set torque = 0"
98444,TX,0x201,3,0x90,0x90,0x00,0x00,,,,,"Set torque = 0"
98528,RX,0x181,6,0x40,0x40,0x11,0x43,0x80,0x00,0x0B,,"Status word = 0x4311"
98535,RX,0x181,4,0x30,0x30,0x00,0x00,0x01,,,,"Speed feedback = 0 rpm"
98548,TX,0x201,3,0x90,0x90,0x00,0x00,,,,,"Set torque = 0"
98554,RX,0x181,6,0x40,0x40,0x11,0x43,0x80,0x00,0x0B,,"Status word = 0x4311"
98561,RX,0x181,4,0x30,0x30,0x00,0x00,0x01,,,,"Speed feedback = 0 rpm"
98574,TX,0x201,3,0x90,0x90,0x00,0x00,,,,,"Set torque = 0"
98601,TX,0x201,3,0x90,0x90,0x00,0x00,,,,,"Set torque = 0"
98627,TX,0x201,3,0x90,0x90,0x00,0x00,,,,,"Set torque = 0"
98648,RX,0x181,6,0x40,0x40,0x11,0x43,0x80,0x00,0x0B,,"Status word = 0x4311"
98655,TX,0x201,3,0x90,0x90,0x00,0x00,,,,,"Set torque = 0"
98662,RX,0x181,4,0x30,0x30,0x00,0x00,0x01,,,,"Speed feedback = 0 rpm"
98682,TX,0x201,3,0x90,0x90,0x00,0x00,,,,,"Set torque = 0"
98708,TX,0x201,3,0x90,0x90,0x00,0x00,,,,,"Set torque = 0"
98734,TX,0x201,3,0x90,0x90,0x00,0x00,,,,,"Set torque = 0"
98748,RX,0x181,6,0x40,0x40,0x11,0x43,0x80,0x00,0x0B,,"Status word = 0x4311"
98755,RX,0x181,4,0x30,0x30,0x00,0x00,0x01,,,,"Speed feedback = 0 rpm"
98762,TX,0x201,3,0x90,0x90,0x00,0x00,,,,,"Set torque = 0"
98788,TX,0x201,3,0x90,0x90,0x00,0x00,,,,,"Set torque = 0"
98814,TX,0x201,3,0x90,0x90,0x00,0x00,,,,,"Set torque = 0"
98840,TX,0x201,3,0x90,0x90,0x00,0x00,,,,,"Set torque = 0"
98848,RX,0x181,6,0x40,0x40,0x11,0x43,0x80,0x00,0x0B,,"Status word = 0x4311"
98855,RX,0x181,4,0x30,0x30,0x00,0x00,0x01,,,,"Speed feedback = 0 rpm"
98866,TX,0x201,3,0x90,0x90,0x00,0x00,,,,,"Set torque = 0"
98892,TX,0x201,3,0x90,0x90,0x00,0x00,,,,,"Set torque = 0"
98971,RX,0x181,6,0x40,0x40,0x11,0x43,0x80,0x00,0x0B,,"Status word = 0x4311"
98978,RX,0x181,4,0x30,0x30,0x00,0x00,0x01,,,,"Speed feedback = 0 rpm"
98991,TX,0x201,3,0x90,0x90,0x00,0x00,,,,,"Set torque = 0"
99017,TX,0x201,3,0x90,0x90,0x00,0x00,,,,,"Set torque = 0"
99043,TX,0x201,3,0x90,0x90,0x00,0x00,,,,,"Set torque = 0"
99049,RX,0x181,6,0x40,0x40,0x11,0x43,0x80,0x00,0x0B,,"Status word = 0x4311"
99056,RX,0x181,4,0x30,0x30,0x00,0x00,0x01,,,,"Speed feedback = 0 rpm"
99069,TX,0x201,3,0x90,0x90,0x00,0x00,,,,,"Set torque = 0"
99095,TX,0x201,3,0x90,0x90,0x00,0x00,,,,,"Set torque = 0"
99122,TX,0x201,3,0x90,0x90,0x00,0x00,,,,,"Set torque = 0"
99147,RX,0x181,6,0x40,0x40,0x11,0x43,0x80,0x00,0x0B,,"Status word = 0x4311"
99154,TX,0x201,3,0x90,0x90,0x00,0x00,,,,,"Set torque = 0"
99161,RX,0x181,4,0x30,0x30,0x00,0x00,0x01,,,,"Speed feedback = 0 rpm"
99181,TX,0x201,3,0x90,0x90,0x00,0x00,,,,,"Set torque = 0"
99207,TX,0x201,3,0x90,0x90,0x00,0x00,,,,,"Set torque = 0"
99233,TX,0x201,3,0x90,0x90,0x00,0x00,,,,,"Set torque = 0"
99247,RX,0x181,6,0x40,0x40,0x11,0x43,0x80,0x00,0x0B,,"Status word = 0x4311"
99254,RX,0x181,4,0x30,0x30,0x00,0x00,0x01,,,,"Speed feedback = 0 rpm"
99261,TX,0x201,3,0x90,0x90,0x00,0x00,,,,,"Set torque = 0"
99288,TX,0x201,3,0x90,0x90,0x00,0x00,,,,,"Set torque = 0"
99314,TX,0x201,3,0x90,0x90,0x00,0x00,,,,,"Set torque = 0"
99340,TX,0x201,3,0x90,0x90,0x00,0x00,,,,,"Set torque = 0"
99347,RX,0x181,6,0x40,0x40,0x11,0x43,0x80,0x00,0x0B,,"Status word = 0x4311"
99354,RX,0x181,4,0x30,0x30,0x00,0x00,0x01,,,,"Speed feedback = 0 rpm"
99434,TX,0x201,3,0x90,0x90,0x00,0x00,,,,,"Set torque = 0"
99447,RX,0x181,6,0x40,0x40,0x11,0x43,0x80,0x00,0x0B,,"Status word = 0x4311"
99454,RX,0x181,4,0x30,0x30,0x00,0x00,0x01,,,,"Speed feedback = 0 rpm"
99461,TX,0x201,3,0x90,0x90,0x00,0x00,,,,,"Set torque = 0"
99488,TX,0x201,3,0x90,0x90,0x00,0x00,,,,,"Set torque = 0"
99514,TX,0x201,3,0x90,0x90,0x00,0x00,,,,,"Set torque = 0"
99540,TX,0x201,3,0x90,0x90,0x00,0x00,,,,,"Set torque = 0"
99547,RX,0x181,6,0x40,0x40,0x11,0x43,0x80,0x00,0x0B,,"Status word = 0x4311"
99554,RX,0x181,4,0x30,0x30,0x00,0x00,0x01,,,,"Speed feedback = 0 rpm"
99566,TX,0x201,3,0x90,0x90,0x00,0x00,,,,,"Set torque = 0"
99592,TX,0x201,3,0x90,0x90,0x00,0x00,,,,,"Set torque = 0"
99618,TX,0x201,3,0x90,0x90,0x00,0x00,,,,,"Set torque = 0"
99645,TX,0x201,3,0x90,0x90,0x00,0x00,,,,,"Set torque = 0"
99651,RX,0x181,6,0x40,0x40,0x11,0x43,0x80,0x00,0x0B,,"Status word = 0x4311"
99660,RX,0x181,4,0x30,0x30,0x00,0x00,0x01,,,,"Speed feedback = 0 rpm"
99671,TX,0x201,3,0x90,0x90,0x00,0x00,,,,,"Set torque = 0"
99697,TX,0x201,3,0x90,0x90,0x00,0x00,,,,,"Set torque = 0"
99723,TX,0x201,3,0x90,0x90,0x00,0x00,,,,,"Set torque = 0"
99746,RX,0x181,6,0x40,0x40,0x11,0x43,0x80,0x00,0x0B,,"Status word = 0x4311"
99753,TX,0x201,3,0x90,0x90,0x00,0x00,,,,,"Set torque = 0"
99760,RX,0x181,4,0x30,0x30,0x00,0x00,0x01,,,,"Speed feedback = 0 rpm"
99780,TX,0x201,3,0x90,0x90,0x00,0x00,,,,,"Set torque = 0"
99806,TX,0x201,3,0x90,0x90,0x00,0x00,,,,,"Set torque = 0"
99887,RX,0x181,6,0x40,0x40,0x11,0x43,0x80,0x00,0x0B,,"Status word = 0x4311"
99894,RX,0x181,4,0x30,0x30,0x00,0x00,0x01,,,,"Speed feedback = 0 rpm"
99907,TX,0x201,3,0x90,0x90,0x00,0x00,,,,,"Set torque = 0"
99933,TX,0x201,3,0x90,0x90,0x00,0x00,,,,,"Set torque = 0"
99946,RX,0x181,6,0x40,0x40,0x11,0x43,0x80,0x00,0x0B,,"Status word = 0x4311"
99953,RX,0x181,4,0x30,0x30,0x00,0x00,0x01,,,,"Speed feedback = 0 rpm"
99960,TX,0x201,3,0x90,0x90,0x00,0x00,,,,,"Set torque = 0"
99987,TX,0x201,3,0x90,0x90,0x00,0x00,,,,,"Set torque = 0"
100013,TX,0x201,3,0x90,0x90,0x00,0x00,,,,,"Set torque = 0"
100039,TX,0x201,3,0x90,0x90,0x00,0x00,,,,,"Set torque = 0"
100046,RX,0x181,6,0x40,0x40,0x11,0x43,0x80,0x00,0x0B,,"Status word = 0x4311"
100053,RX,0x181,4,0x30,0x30,0x00,0x00,0x01,,,,"Speed feedback = 0 rpm"
100065,TX,0x201,3,0x90,0x90,0x00,0x00,,,,,"Set torque = 0"
100091,TX,0x201,3,0x90,0x90,0x00,0x00,,,,,"Set torque = 0"
100117,TX,0x201,3,0x90,0x90,0x00,0x00,,,,,"Set torque = 0"
100144,TX,0x201,3,0x90,0x90,0x00,0x00,,,,,"Set torque = 0"
100150,RX,0x181,6,0x40,0x40,0x11,0x43,0x80,0x00,0x0B,,"Status word = 0x4311"
100157,RX,0x181,4,0x30,0x30,0x00,0x00,0x01,,,,"Speed feedback = 0 rpm"
100170,TX,0x201,3,0x90,0x90,0x00,0x00,,,,,"Set torque = 0"
100196,TX,0x201,3,0x90,0x90,0x00,0x00,,,,,"Set torque = 0"
100222,TX,0x201,3,0x90,0x90,0x00,0x00,,,,,"Set torque = 0"
100246,RX,0x181,6,0x40,0x40,0x11,0x43,0x80,0x00,0x0B,,"Status word = 0x4311"
100252,TX,0x201,3,0x90,0x90,0x00,0x00,,,,,"Set torque = 0"
100259,RX,0x181,4,0x30,0x30,0x00,0x00,0x01,,,,"Speed feedback = 0 rpm"
100344,TX,0x201,3,0x90,0x90,0x00,0x00,,,,,"Set torque = 0"
100351,RX,0x181,6,0x40,0x40,0x11,0x43,0x80,0x00,0x0B,,"Status word = 0x4311"
100358,RX,0x181,4,0x30,0x30,0x00,0x00,0x01,,,,"Speed feedback = 0 rpm"
100371,TX,0x201,3,0x90,0x90,0x00,0x00,,,,,"Set torque = 0"
100397,TX,0x201,3,0x90,0x90,0x00,0x00,,,,,"Set torque = 0"
100423,TX,0x201,3,0x90,0x90,0x00,0x00,,,,,"Set torque = 0"
100445,RX,0x181,6,0x40,0x40,0x11,0x43,0x80,0x00,0x0B,,"Status word = 0x4311"
100452,TX,0x201,3,0x90,0x90,0x00,0x00,,,,,"Set torque = 0"
100459,RX,0x181,4,0x30,0x30,0x00,0x00,0x01,,,,"Speed feedback = 0 rpm"
100479,TX,0x201,3,0x90,0x90,0x00,0x00,,,,,"Set torque = 0"
100505,TX,0x201,3,0x90,0x90,0x00,0x00,,,,,"Set torque = 0"
100531,TX,0x201,3,0x90,0x90,0x00,0x00,,,,,"Set torque = 0"
100545,RX,0x181,6,0x40,0x40,0x11,0x43,0x80,0x00,0x0B,,"Status word = 0x4311"
100552,RX,0x181,4,0x30,0x30,0x00,0x00,0x01,,,,"Speed feedback = 0 rpm"
100558,TX,0x201,3,0x90,0x90,0x00,0x00,,,,,"Set torque = 0"
100585,TX,0x201,3,0x90,0x90,0x00,0x00,,,,,"Set torque = 0"
100611,TX,0x201,3,0x90,0x90,0x00,0x00,,,,,"Set torque = 0"
100637,TX,0x201,3,0x90,0x90,0x00,0x00,,,,,"Set torque = 0"
100645,RX,0x181,6,0x40,0x40,0x11,0x43,0x80,0x00,0x0B,,"Status word = 0x4311"
100652,RX,0x181,4,0x30,0x30,0x00,0x00,0x01,,,,"Speed feedback = 0 rpm"
100664,TX,0x201,3,0x90,0x90,0x00,0x00,,,,,"Set torque = 0"
100690,TX,0x201,3,0x90,0x90,0x00,0x00,,,,,"Set torque = 0"
100716,TX,0x201,3,0x90,0x90,0x00,0x00,,,,,"Set torque = 0"
100742,TX,0x201,3,0x90,0x90,0x00,0x00,,,,,"Set torque = 0"
100828,RX,0x181,6,0x40,0x40,0x11,0x43,0x80,0x00,0x0B,,"Status word = 0x4311"
100835,RX,0x181,4,0x30,0x30,0x00,0x00,0x01,,,,"Speed feedback = 0 rpm"
100845,RX,0x181,6,0x40,0x40,0x11,0x43,0x80,0x00,0x0B,,"Status word = 0x4311"
100852,RX,0x181,4,0x30,0x30,0x00,0x00,0x01,,,,"Speed feedback = 0 rpm"
100859,TX,0x201,3,0x90,0x90,0x00,0x00,,,,,"Set torque = 0"
100885,TX,0x201,3,0x90,0x90,0x00,0x00,,,,,"Set torque = 0"
100911,TX,0x201,3,0x90,0x90,0x00,0x00,,,,,"Set torque = 0"
100937,TX,0x201,3,0x90,0x90,0x00,0x00,,,,,"Set torque = 0"
100944,RX,0x181,6,0x40,0x40,0x11,0x43,0x80,0x00,0x0B,,"Status word = 0x4311"
100951,RX,0x181,4,0x30,0x30,0x00,0x00,0x01,,,,"Speed feedback = 0 rpm"
100963,TX,0x201,3,0x90,0x90,0x00,0x00,,,,,"Set torque = 0"
100989,TX,0x201,3,0x90,0x90,0x00,0x00,,,,,"Set torque = 0"
101016,TX,0x201,3,0x90,0x90,0x00,0x00,,,,,"Set torque = 0"
101042,TX,0x201,3,0x90,0x90,0x00,0x00,,,,,"Set torque = 0"
101048,RX,0x181,6,0x40,0x40,0x11,0x43,0x80,0x00,0x0B,,"Status word = 0x4311"
101055,RX,0x181,4,0x30,0x30,0x00,0x00,0x01,,,,"Speed feedback = 0 rpm"
101068,TX,0x201,3,0x90,0x90,0x00,0x00,,,,,"Set torque = 0"
101094,TX,0x201,3,0x90,0x90,0x00,0x00,,,,,"Set torque = 0"
101120,TX,0x201,3,0x90,0x90,0x00,0x00,,,,,"Set torque = 0"
101144,RX,0x181,6,0x40,0x40,0x11,0x43,0x80,0x00,0x0B,,"Status word = 0x4311"
101151,TX,0x201,3,0x90,0x90,0x00,0x00,,,,,"Set torque = 0"
101158,RX,0x181,4,0x30,0x30,0x00,0x00,0x01,,,,"Speed feedback = 0 rpm"
101178,TX,0x201,3,0x90,0x90,0x00,0x00,,,,,"Set torque = 0"
101204,TX,0x201,3,0x90,0x90,0x00,0x00,,,,,"Set torque = 0"
101288,RX,0x181,6,0x40,0x40,0x11,0x43,0x80,0x00,0x0B,,"Status word = 0x4311"
101295,RX,0x181,4,0x30,0x30,0x00,0x00,0x01,,,,"Speed feedback = 0 rpm"
101308,TX,0x201,3,0x90,0x90,0x00,0x00,,,,,"Set torque = 0"
101334,TX,0x201,3,0x90,0x90,0x00,0x00,,,,,"Set torque = 0"
101344,RX,0x181,6,0x40,0x40,0x11,0x43,0x80,0x00,0x0B,,"Status word = 0x4311"
101351,RX,0x181,4,0x30,0x30,0x00,0x00,0x01,,,,"Speed feedback = 0 rpm"
101360,TX,0x201,3,0x90,0x90,0x00,0x00,,,,,"Set torque = 0"
101386,TX,0x201,3,0x90,0x90,0x00,0x00,,,,,"Set torque = 0"
101412,TX,0x201,3,0x90,0x90,0x00,0x00,,,,,"Set torque = 0"
101438,TX,0x201,3,0x90,0x90,0x00,0x00,,,,,"Set torque = 0"
101444,RX,0x181,6,0x40,0x40,0x11,0x43,0x80,0x00,0x0B,,"Status word = 0x4311"
101451,RX,0x181,4,0x30,0x30,0x00,0x00,0x01,,,,"Speed feedback = 0 rpm"
101464,TX,0x201,3,0x90,0x90,0x00,0x00,,,,,"Set torque = 0"
101490,TX,0x201,3,0x90,0x90,0x00,0x00,,,,,"Set torque = 0"
101516,TX,0x201,3,0x90,0x90,0x00,0x00,,,,,"Set torque = 0"
101543,TX,0x201,3,0x90,0x90,0x00,0x00,,,,,"Set torque = 0"
101549,RX,0x181,6,0x40,0x40,0x11,0x43,0x80,0x00,0x0B,,"Status word = 0x4311"
101556,RX,0x181,4,0x30,0x30,0x00,0x00,0x01,,,,"Speed feedback = 0 rpm"
101569,TX,0x201,3,0x90,0x90,0x00,0x00,,,,,"Set torque = 0"
101595,TX,0x201,3,0x90,0x90,0x00,0x00,,,,,"Set torque = 0"
101621,TX,0x201,3,0x90,0x90,0x00,0x00,,,,,"Set torque = 0"
101643,RX,0x181,6,0x40,0x40,0x11,0x43,0x80,0x00,0x0B,,"Status word = 0x4311"
101650,TX,0x201,3,0x90,0x90,0x00,0x00,,,,,"Set torque = 0"
101657,RX,0x181,4,0x30,0x30,0x00,0x00,0x01,,,,"Speed feedback = 0 rpm"
101741,TX,0x201,3,0x90,0x90,0x00,0x00,,,,,"Set torque = 0"
101748,RX,0x181,6,0x40,0x40,0x11,0x43,0x80,0x00,0x0B,,"Status word = 0x4311"
101754,RX,0x181,4,0x30,0x30,0x00,0x00,0x01,,,,"Speed feedback = 0 rpm"
101768,TX,0x201,3,0x90,0x90,0x00,0x00,,,,,"Set torque = 0"
101794,TX,0x201,3,0x90,0x90,0x00,0x00,,,,,"Set torque = 0"
101820,TX,0x201,3,0x90,0x90,0x00,0x00,,,,,"Set torque = 0"
101843,RX,0x181,6,0x40,0x40,0x11,0x43,0x80,0x00,0x0B,,"Status word = 0x4311"
101850,TX,0x201,3,0x90,0x90,0x00,0x00,,,,,"Set torque = 0"
101857,RX,0x181,4,0x30,0x30,0x00,0x00,0x01,,,,"Speed feedback = 0 rpm"
101877,TX,0x201,3,0x90,0x90,0x00,0x00,,,,,"Set torque = 0"
101903,TX,0x201,3,0x90,0x90,0x00,0x00,,,,,"Set torque = 0"
101929,TX,0x201,3,0x90,0x90,0x00,0x00,,,,,"Set torque = 0"
101943,RX,0x181,6,0x40,0x40,0x11,0x43,0x80,0x00,0x0B,,"Status word = 0x4311"
101950,RX,0x181,4,0x30,0x30,0x00,0x00,0x01,,,,"Speed feedback = 0 rpm"
101957,TX,0x201,3,0x90,0x90,0x00,0x00,,,,,"Set torque = 0"
101983,TX,0x201,3,0x90,0x90,0x00,0x00,,,,,"Set torque = 0"
102009,TX,0x201,3,0x90,0x90,0x00,0x00,,,,,"Set torque = 0"
102035,TX,0x201,3,0x90,0x90,0x00,0x00,,,,,"Set torque = 0"
102043,RX,0x181,6,0x40,0x40,0x11,0x43,0x80,0x00,0x0B,,"Status word = 0x4311"
102050,RX,0x181,4,0x30,0x30,0x00,0x00,0x01,,,,"Speed feedback = 0 rpm"
102062,TX,0x201,3,0x90,0x90,0x00,0x00,,,,,"Set torque = 0"
102088,TX,0x201,3,0x90,0x90,0x00,0x00,,,,,"Set torque = 0"
102114,TX,0x201,3,0x90,0x90,0x00,0x00,,,,,"Set torque = 0"
102140,TX,0x201,3,0x90,0x90,0x00,0x00,,,,,"Set torque = 0"
102224,RX,0x181,6,0x40,0x40,0x11,0x43,0x80,0x00,0x0B,,"Status word = 0x4311"
102231,RX,0x181,4,0x30,0x30,0x00,0x00,0x01,,,,"Speed feedback = 0 rpm"
102242,RX,0x181,6,0x40,0x40,0x11,0x43,0x80,0x00,0x0B,,"Status word = 0x4311"
102250,RX,0x181,4,0x30,0x30,0x00,0x00,0x01,,,,"Speed feedback = 0 rpm"
102256,TX,0x201,3,0x90,0x90,0x00,0x00,,,,,"Set torque = 0"
102283,TX,0x201,3,0x90,0x90,0x00,0x00,,,,,"Set torque = 0"
102309,TX,0x201,3,0x90,0x90,0x00,0x00,,,,,"Set torque = 0"
102335,TX,0x201,3,0x90,0x90,0x00,0x00,,,,,"Set torque = 0"
102342,RX,0x181,6,0x40,0x40,0x11,0x43,0x80,0x00,0x0B,,"Status word = 0x4311"
102349,RX,0x181,4,0x30,0x30,0x00,0x00,0x01,,,,"Speed feedback = 0 rpm"
102361,TX,0x201,3,0x90,0x90,0x00,0x00,,,,,"Set torque = 0"
102387,TX,0x201,3,0x90,0x90,0x00,0x00,,,,,"Set torque = 0"
102414,TX,0x201,3,0x90,0x90,0x00,0x00,,,,,"Set torque = 0"
102440,TX,0x201,3,0x90,0x90,0x00,0x00,,,,,"Set torque = 0"
102446,RX,0x181,6,0x40,0x40,0x11,0x43,0x80,0x00,0x0B,,"Status word = 0x4311"
102453,RX,0x181,4,0x30,0x30,0x00,0x00,0x01,,,,"Speed feedback = 0 rpm"
102466,TX,0x201,3,0x90,0x90,0x00,0x00,,,,,"Set torque = 0"
102492,TX,0x201,3,0x90,0x90,0x00,0x00,,,,,"Set torque = 0"
102518,TX,0x201,3,0x90,0x90,0x00,0x00,,,,,"Set torque = 0"
102542,RX,0x181,6,0x40,0x40,0x11,0x43,0x80,0x00,0x0B,,"Status word = 0x4311"
102549,TX,0x201,3,0x90,0x90,0x00,0x00,,,,,"Set torque = 0"
102556,RX,0x181,4,0x30,0x30,0x00,0x00,0x01,,,,"Speed feedback = 0 rpm"
102576,TX,0x201,3,0x90,0x90,0x00,0x00,,,,,"Set torque = 0"
102602,TX,0x201,3,0x90,0x90,0x00,0x00,,,,,"Set torque = 0"
102687,RX,0x181,6,0x40,0x40,0x11,0x43,0x80,0x00,0x0B,,"Status word = 0x4311"
102693,RX,0x181,4,0x30,0x30,0x00,0x00,0x01,,,,"Speed feedback = 0 rpm"
102707,TX,0x201,3,0x90,0x90,0x00,0x00,,,,,"Set torque = 0"
102733,TX,0x201,3,0x90,0x90,0x00,0x00,,,,,"Set torque = 0"
102742,RX,0x181,6,0x40,0x40,0x11,0x43,0x80,0x00,0x0B,,"Status word = 0x4311"
102749,RX,0x181,4,0x30,0x30,0x00,0x00,0x01,,,,"Speed feedback = 0 rpm"
102759,TX,0x201,3,0x90,0x90,0x00,0x00,,,,,"Set torque = 0"
102785,TX,0x201,3,0x90,0x90,0x00,0x00,,,,,"Set torque = 0"
102811,TX,0x201,3,0x90,0x90,0x00,0x00,,,,,"Set torque = 0"
102837,TX,0x201,3,0x90,0x90,0x00,0x00,,,,,"Set torque = 0"
102843,RX,0x181,6,0x40,0x40,0x11,0x43,0x80,0x00,0x0B,,"Status word = 0x4311"
102848,RX,0x181,4,0x30,0x30,0x00,0x00,0x01,,,,"Speed feedback = 0 rpm"
102863,TX,0x201,3,0x90,0x90,0x00,0x00,,,,,"Set torque = 0"
102889,TX,0x201,3,0x90,0x90,0x00,0x00,,,,,"Set torque = 0"
102915,TX,0x201,3,0x90,0x90,0x00,0x00,,,,,"Set torque = 0"
102941,RX,0x181,6,0x40,0x40,0x11,0x43,0x80,0x00,0x0B,,"Status word = 0x4311"
102948,TX,0x201,3,0x90,0x90,0x00,0x00,,,,,"Set torque = 0"
102955,RX,0x181,4,0x30,0x30,0x00,0x00,0x01,,,,"Speed feedback = 0 rpm"
102975,TX,0x201,3,0x90,0x90,0x00,0x00,,,,,"Set torque = 0"
103001,TX,0x201,3,0x90,0x90,0x00,0x00,,,,,"Set torque = 0"
103027,TX,0x201,3,0x90,0x90,0x00,0x00,,,,,"Set torque = 0"
103041,RX,0x181,6,0x40,0x40,0x11,0x43,0x80,0x00,0x0B,,"Status word = 0x4311"
103048,RX,0x181,4,0x30,0x30,0x00,0x00,0x01,,,,"Speed feedback = 0 rpm"
103055,TX,0x201,3,0x90,0x90,0x00,0x00,,,,,"Set torque = 0"
103141,RX,0x181,6,0x40,0x40,0x11,0x43,0x80,0x00,0x0B,,"Status word = 0x4311"
103148,RX,0x181,4,0x30,0x30,0x00,0x00,0x01,,,,"Speed feedback = 0 rpm"
103160,TX,0x201,3,0x90,0x90,0x00,0x00,,,,,"Set torque = 0"
103186,TX,0x201,3,0x90,0x90,0x00,0x00,,,,,"Set torque = 0"
103212,TX,0x201,3,0x90,0x90,0x00,0x00,,,,,"Set torque = 0"
103238,TX,0x201,3,0x90,0x90,0x00,0x00,,,,,"Set torque = 0"
103244,RX,0x181,6,0x40,0x40,0x11,0x43,0x80,0x00,0x0B,,"Status word = 0x4311"
103251,RX,0x181,4,0x30,0x30,0x00,0x00,0x01,,,,"Speed feedback = 0 rpm"
103264,TX,0x201,3,0x90,0x90,0x00,0x00,,,,,"Set torque = 0"
103291,TX,0x201,3,0x90,0x90,0x00,0x00,,,,,"Set torque = 0"
103318,TX,0x201,3,0x90,0x90,0x00,0x00,,,,,"Set torque = 0"
103341,RX,0x181,6,0x40,0x40,0x11,0x43,0x80,0x00,0x0B,,"Status word = 0x4311"
103347,TX,0x201,3,0x90,0x90,0x00,0x00,,,,,"Set torque = 0"
103354,RX,0x181,4,0x30,0x30,0x00,0x00,0x01,,,,"Speed feedback = 0 rpm"
103374,TX,0x201,3,0x90,0x90,0x00,0x00,,,,,"Set torque = 0"
103400,TX,0x201,3,0x90,0x90,0x00,0x00,,,,,"Set torque = 0"
103426,TX,0x201,3,0x90,0x90,0x00,0x00,,,,,"Set torque = 0"
103441,RX,0x181,6,0x40,0x40,0x11,0x43,0x80,0x00,0x0B,,"Status word = 0x4311"
103447,RX,0x181,4,0x30,0x30,0x00,0x00,0x01,,,,"Speed feedback = 0 rpm"
103454,TX,0x201,3,0x90,0x90,0x00,0x00,,,,,"Set torque = 0"
103481,TX,0x201,3,0x90,0x90,0x00,0x00,,,,,"Set torque = 0"
103507,TX,0x201,3,0x90,0x90,0x00,0x00,,,,,"Set torque = 0"
103533,TX,0x201,3,0x90,0x90,0x00,0x00,,,,,"Set torque = 0"
103617,RX,0x181,6,0x40,0x40,0x11,0x43,0x80,0x00,0x0B,,"Status word = 0x4311"
103624,RX,0x181,4,0x30,0x30,0x00,0x00,0x01,,,,"Speed feedback = 0 rpm"
103637,TX,0x201,3,0x90,0x90,0x00,0x00,,,,,"Set torque = 0"
103644,RX,0x181,6,0x40,0x40,0x11,0x43,0x80,0x00,0x0B,,"Status word = 0x4311"
103650,RX,0x181,4,0x30,0x30,0x00,0x00,0x01,,,,"Speed feedback = 0 rpm"
103664,TX,0x201,3,0x90,0x90,0x00,0x00,,,,,"Set torque = 0"
103690,TX,0x201,3,0x90,0x90,0x00,0x00,,,,,"Set torque = 0"
103716,TX,0x201,3,0x90,0x90,0x00,0x00,,,,,"Set torque = 0"
103740,RX,0x181,6,0x40,0x40,0x11,0x43,0x80,0x00,0x0B,,"Status word = 0x4311"
103747,TX,0x201,3,0x90,0x90,0x00,0x00,,,,,"Set torque = 0"
103753,RX,0x181,4,0x30,0x30,0x00,0x00,0x01,,,,"Speed feedback = 0 rpm"
103773,TX,0x201,3,0x90,0x90,0x00,0x00,,,,,"Set torque = 0"
103800,TX,0x201,3,0x90,0x90,0x00,0x00,,,,,"Set torque = 0"
103826,TX,0x201,3,0x90,0x90,0x00,0x00,,,,,"Set torque = 0"
103840,RX,0x181,6,0x40,0x40,0x11,0x43,0x80,0x00,0x0B,,"Status word = 0x4311"
103847,RX,0x181,4,0x30,0x30,0x00,0x00,0x01,,,,"Speed feedback = 0 rpm"
103854,TX,0x201,3,0x90,0x90,0x00,0x00,,,,,"Set torque = 0"
103880,TX,0x201,3,0x90,0x90,0x00,0x00,,,,,"Set torque = 0"
103906,TX,0x201,3,0x90,0x90,0x00,0x00,,,,,"Set torque = 0"
103932,TX,0x201,3,0x90,0x90,0x00,0x00,,,,,"Set torque = 0"
103940,RX,0x181,6,0x40,0x40,0x11,0x43,0x80,0x00,0x0B,,"Status word = 0x4311"
103947,RX,0x181,4,0x30,0x30,0x00,0x00,0x01,,,,"Speed feedback = 0 rpm"
103958,TX,0x201,3,0x90,0x90,0x00,0x00,,,,,"Set torque = 0"
103984,TX,0x201,3,0x90,0x90,0x00,0x00,,,,,"Set torque = 0"
104069,RX,0x181,6,0x40,0x40,0x11,0x43,0x80,0x00,0x0B,,"Status word = 0x4311"
104076,RX,0x181,4,0x30,0x30,0x00,0x00,0x01,,,,"Speed feedback = 0 rpm"
104089,TX,0x201,3,0x90,0x90,0x00,0x00,,,,,"Set torque = 0"
104115,TX,0x201,3,0x90,0x90,0x00,0x00,,,,,"Set torque = 0"
104139,RX,0x181,6,0x40,0x40,0x11,0x43,0x80,0x00,0x0B,,"Status word = 0x4311"
104146,TX,0x201,3,0x90,0x90,0x00,0x00,,,,,"Set torque = 0"
104153,RX,0x181,4,0x30,0x30,0x00,0x00,0x01,,,,"Speed feedback = 0 rpm"
104173,TX,0x201,3,0x90,0x90,0x00,0x00,,,,,"Set torque = 0"
104199,TX,0x201,3,0x90,0x90,0x00,0x00,,,,,"Set torque = 0"
104225,TX,0x201,3,0x90,0x90,0x00,0x00,,,,,"Set torque = 0"
104239,RX,0x181,6,0x40,0x40,0x11,0x43,0x80,0x00,0x0B,,"Status word = 0x4311"
104246,RX,0x181,4,0x30,0x30,0x00,0x00,0x01,,,,"Speed feedback = 0 rpm"
104253,TX,0x201,3,0x90,0x90,0x00,0x00,,,,,"Set torque = 0"
104280,TX,0x201,3,0x90,0x90,0x00,0x00,,,,,"Set torque = 0"
104306,TX,0x201,3,0x90,0x90,0x00,0x00,,,,,"Set torque = 0"
104333,TX,0x201,3,0x90,0x90,0x00,0x00,,,,,"Set torque = 0"
104339,RX,0x181,6,0x40,0x40,0x11,0x43,0x80,0x00,0x0B,,"Status word = 0x4311"
104346,RX,0x181,4,0x30,0x30,0x00,0x00,0x01,,,,"Speed feedback = 0 rpm"
104359,TX,0x201,3,0x90,0x90,0x00,0x00,,,,,"Set torque = 0"
104385,TX,0x201,3,0x90,0x90,0x00,0x00,,,,,"Set torque = 0"
104411,TX,0x201,3,0x90,0x90,0x00,0x00,,,,,"Set torque = 0"
104437,TX,0x201,3,0x90,0x90,0x00,0x00,,,,,"Set torque = 0"
104443,RX,0x181,6,0x40,0x40,0x11,0x43,0x80,0x00,0x0B,,"Status word = 0x4311"
104450,RX,0x181,4,0x30,0x30,0x00,0x00,0x01,,,,"Speed feedback = 0 rpm"
104543,RX,0x181,6,0x40,0x40,0x11,0x43,0x80,0x00,0x0B,,"Status word = 0x4311"
104552,RX,0x181,4,0x30,0x30,0x00,0x00,0x01,,,,"Speed feedback = 0 rpm"
104559,TX,0x201,3,0x90,0x90,0x00,0x00,,,,,"Set torque = 0"
104585,TX,0x201,3,0x90,0x90,0x00,0x00,,,,,"Set torque = 0"
104611,TX,0x201,3,0x90,0x90,0x00,0x00,,,,,"Set torque = 0"
104637,TX,0x201,3,0x90,0x90,0x00,0x00,,,,,"Set torque = 0"
104643,RX,0x181,6,0x40,0x40,0x11,0x43,0x80,0x00,0x0B,,"Status word = 0x4311"
104650,RX,0x181,4,0x30,0x30,0x00,0x00,0x01,,,,"Speed feedback = 0 rpm"
104663,TX,0x201,3,0x90,0x90,0x00,0x00,,,,,"Set torque = 0"
104689,TX,0x201,3,0x90,0x90,0x00,0x00,,,,,"Set torque = 0"
104715,TX,0x201,3,0x90,0x90,0x00,0x00,,,,,"Set torque = 0"
104738,RX,0x181,6,0x40,0x40,0x11,0x43,0x80,0x00,0x0B,,"Status word = 0x4311"
104745,TX,0x201,3,0x90,0x90,0x00,0x00,,,,,"Set torque = 0"
104752,RX,0x181,4,0x30,0x30,0x00,0x00,0x01,,,,"Speed feedback = 0 rpm"
104772,TX,0x201,3,0x90,0x90,0x00,0x00,,,,,"Set torque = 0"
104798,TX,0x201,3,0x90,0x90,0x00,0x00,,,,,"Set torque = 0"
104824,TX,0x201,3,0x90,0x90,0x00,0x00,,,,,"Set torque = 0"
104838,RX,0x181,6,0x40,0x40,0x11,0x43,0x80,0x00,0x0B,,"Status word = 0x4311"
104845,RX,0x181,4,0x30,0x30,0x00,0x00,0x01,,,,"Speed feedback = 0 rpm"
104852,TX,0x201,3,0x90,0x90,0x00,0x00,,,,,"Set torque = 0"
104879,TX,0x201,3,0x90,0x90,0x00,0x00,,,,,"Set torque = 0"
104905,TX,0x201,3,0x90,0x90,0x00,0x00,,,,,"Set torque = 0"
104931,TX,0x201,3,0x90,0x90,0x00,0x00,,,,,"Set torque = 0"
105022,RX,0x181,6,0x40,0x40,0x11,0x43,0x80,0x00,0x0B,,"Status word = 0x4311"
105029,RX,0x181,4,0x30,0x30,0x00,0x00,0x01,,,,"Speed feedback = 0 rpm"
105038,RX,0x181,6,0x40,0x40,0x11,0x43,0x80,0x00,0x0B,,"Status word = 0x4311"
105045,RX,0x181,4,0x30,0x30,0x00,0x00,0x01,,,,"Speed feedback = 0 rpm"
105052,TX,0x201,3,0x90,0x90,0x00,0x00,,,,,"Set torque = 0"
105079,TX,0x201,3,0x90,0x90,0x00,0x00,,,,,"Set torque = 0"
105105,TX,0x201,3,0x90,0x90,0x00,0x00,,,,,"Set torque = 0"
105131,TX,0x201,3,0x90,0x90,0x00,0x00,,,,,"Set torque = 0"
105138,RX,0x181,6,0x40,0x40,0x11,0x43,0x80,0x00,0x0B,,"Status word = 0x4311"
105145,RX,0x181,4,0x30,0x30,0x00,0x00,0x01,,,,"Speed feedback = 0 rpm"
105157,TX,0x201,3,0x90,0x90,0x00,0x00,,,,,"Set torque = 0"
105183,TX,0x201,3,0x90,0x90,0x00,0x00,,,,,"Set torque = 0"
105210,TX,0x201,3,0x90,0x90,0x00,0x00,,,,,"Set torque = 0"
105236,TX,0x201,3,0x90,0x90,0x00,0x00,,,,,"Set torque = 0"
105242,RX,0x181,6,0x40,0x40,0x11,0x43,0x80,0x00,0x0B,,"Status word = 0x4311"
105249,RX,0x181,4,0x30,0x30,0x00,0x00,0x01,,,,"Speed feedback = 0 rpm"
105262,TX,0x201,3,0x90,0x90,0x00,0x00,,,,,"Set torque = 0"
105288,TX,0x201,3,0x90,0x90,0x00,0x00,,,,,"Set torque = 0"
105314,TX,0x201,3,0x90,0x90,0x00,0x00,,,,,"Set torque = 0"
105337,RX,0x181,6,0x40,0x40,0x11,0x43,0x80,0x00,0x0B,,"Status word = 0x4311"
105344,TX,0x201,3,0x90,0x90,0x00,0x00,,,,,"Set torque = 0"
105351,RX,0x181,4,0x30,0x30,0x00,0x00,0x01,,,,"Speed feedback = 0 rpm"
105371,TX,0x201,3,0x90,0x90,0x00,0x00,,,,,"Set torque = 0"
105397,TX,0x201,3,0x90,0x90,0x00,0x00,,,,,"Set torque = 0"
105488,RX,0x181,6,0x40,0x40,0x11,0x43,0x80,0x00,0x0B,,"Status word = 0x4311"
105495,RX,0x181,4,0x30,0x30,0x00,0x00,0x01,,,,"Speed feedback = 0 rpm"
105508,TX,0x201,3,0x90,0x90,0x00,0x00,,,,,"Set torque = 0"
105534,TX,0x201,3,0x90,0x90,0x00,0x00,,,,,"Set torque = 0"
105540,RX,0x181,6,0x40,0x40,0x11,0x43,0x80,0x00,0x0B,,"Status word = 0x4311"
105547,RX,0x181,4,0x30,0x30,0x00,0x00,0x01,,,,"Speed feedback = 0 rpm"
105560,TX,0x201,3,0x90,0x90,0x00,0x00,,,,,"Set torque = 0"
105586,TX,0x201,3,0x90,0x90,0x00,0x00,,,,,"Set torque = 0"
105612,TX,0x201,3,0x90,0x90,0x00,0x00,,,,,"Set torque = 0"
105637,RX,0x181,6,0x40,0x40,0x11,0x43,0x80,0x00,0x0B,,"Status word = 0x4311"
105644,TX,0x201,3,0x90,0x90,0x00,0x00,,,,,"Set torque = 0"
105651,RX,0x181,4,0x30,0x30,0x00,0x00,0x01,,,,"Speed feedback = 0 rpm"
105671,TX,0x201,3,0x90,0x90,0x00,0x00,,,,,"Set torque = 0"
105697,TX,0x201,3,0x90,0x90,0x00,0x00,,,,,"Set torque = 0"
105723,TX,0x201,3,0x90,0x90,0x00,0x00,,,,,"Set torque = 0"
105737,RX,0x181,6,0x40,0x40,0x11,0x43,0x80,0x00,0x0B,,"Status word = 0x4311"
105744,RX,0x181,4,0x30,0x30,0x00,0x00,0x01,,,,"Speed feedback = 0 rpm"
105751,TX,0x201,3,0x90,0x90,0x00,0x00,,,,,"Set torque = 0"
105777,TX,0x201,3,0x90,0x90,0x00,0x00,,,,,"Set torque = 0"
105803,TX,0x201,3,0x90,0x90,0x00,0x00,,,,,"Set torque = 0"
105829,TX,0x201,3,0x90,0x90,0x00,0x00,,,,,"Set torque = 0"
105837,RX,0x181,6,0x40,0x40,0x11,0x43,0x80,0x00,0x0B,,"Status word = 0x4311"
105844,RX,0x181,4,0x30,0x30,0x00,0x00,0x01,,,,"Speed feedback = 0 rpm"
105855,TX,0x201,3,0x90,0x90,0x00,0x00,,,,,"Set torque = 0"
105946,RX,0x181,6,0x40,0x40,0x11,0x43,0x80,0x00,0x0B,,"Status word = 0x4311"
105953,RX,0x181,4,0x30,0x30,0x00,0x00,0x01,,,,"Speed feedback = 0 rpm"
105966,TX,0x201,3,0x90,0x90,0x00,0x00,,,,,"Set torque = 0"
105992,TX,0x201,3,0x90,0x90,0x00,0x00,,,,,"Set torque = 0"
106018,TX,0x201,3,0x90,0x90,0x00,0x00,,,,,"Set torque = 0"
106036,RX,0x181,6,0x40,0x40,0x11,0x43,0x80,0x00,0x0B,,"Status word = 0x4311"
106043,RX,0x181,4,0x30,0x30,0x00,0x00,0x01,,,,"Speed feedback = 0 rpm"
106050,TX,0x201,3,0x90,0x90,0x00,0x00,,,,,"Set torque = 0"
106077,TX,0x201,3,0x90,0x90,0x00,0x00,,,,,"Set torque = 0"
106104,TX,0x201,3,0x90,0x90,0x00,0x00,,,,,"Set torque = 0"
106130,TX,0x201,3,0x90,0x90,0x00,0x00,,,,,"Set torque = 0"
106136,RX,0x181,6,0x40,0x40,0x11,0x43,0x80,0x00,0x0B,,"Status word = 0x4311"
106143,RX,0x181,4,0x30,0x30,0x00,0x00,0x01,,,,"Speed feedback = 0 rpm"
106156,TX,0x201,3,0x90,0x90,0x00,0x00,,,,,"Set torque = 0"
106182,TX,0x201,3,0x90,0x90,0x00,0x00,,,,,"Set torque = 0"
106208,TX,0x201,3,0x90,0x90,0x00,0x00,,,,,"Set torque = 0"
106234,TX,0x201,3,0x90,0x90,0x00,0x00,,,,,"Set torque = 0"
106240,RX,0x181,6,0x40,0x40,0x11,0x43,0x80,0x00,0x0B,,"Status word = 0x4311"
106247,RX,0x181,4,0x30,0x30,0x00,0x00,0x01,,,,"Speed feedback = 0 rpm"
106260,TX,0x201,3,0x90,0x90,0x00,0x00,,,,,"Set torque = 0"
106286,TX,0x201,3,0x90,0x90,0x00,0x00,,,,,"Set torque = 0"
106312,TX,0x201,3,0x90,0x90,0x00,0x00,,,,,"Set torque = 0"
106336,RX,0x181,6,0x40,0x40,0x11,0x43,0x80,0x00,0x0B,,"Status word = 0x4311"
106343,TX,0x201,3,0x90,0x90,0x00,0x00,,,,,"Set torque = 0"
106438,RX,0x181,4,0x30,0x30,0x00,0x00,0x01,,,,"Speed feedback = 0 rpm"
106445,RX,0x181,4,0x30,0x30,0x00,0x00,0x01,,,,"Speed feedback = 0 rpm"
106451,RX,0x181,6,0x40,0x40,0x11,0x43,0x80,0x00,0x0B,,"Status word = 0x4311"
106459,TX,0x201,3,0x90,0x90,0x00,0x00,,,,,"Set torque = 0"
106485,TX,0x201,3,0x90,0x90,0x00,0x00,,,,,"Set torque = 0"
106511,TX,0x201,3,0x90,0x90,0x00,0x00,,,,,"Set torque = 0"
106536,RX,0x181,6,0x40,0x40,0x11,0x43,0x80,0x00,0x0B,,"Status word = 0x4311"
106542,TX,0x201,3,0x90,0x90,0x00,0x00,,,,,"Set torque = 0"
106549,RX,0x181,4,0x30,0x30,0x00,0x00,0x01,,,,"Speed feedback = 0 rpm"
106569,TX,0x201,3,0x90,0x90,0x00,0x00,,,,,"Set torque = 0"
106595,TX,0x201,3,0x90,0x90,0x00,0x00,,,,,"Set torque = 0"
106621,TX,0x201,3,0x90,0x90,0x00,0x00,,,,,"Set torque = 0"
106635,RX,0x181,6,0x40,0x40,0x11,0x43,0x80,0x00,0x0B,,"Status word = 0x4311"
106642,RX,0x181,4,0x30,0x30,0x00,0x00,0x01,,,,"Speed feedback = 0 rpm"
106649,TX,0x201,3,0x90,0x90,0x00,0x00,,,,,"Set torque = 0"
106676,TX,0x201,3,0x90,0x90,0x00,0x00,,,,,"Set torque = 0"
106702,TX,0x201,3,0x90,0x90,0x00,0x00,,,,,"Set torque = 0"
106728,TX,0x201,3,0x90,0x90,0x00,0x00,,,,,"Set torque = 0"
106735,RX,0x181,6,0x40,0x40,0x11,0x43,0x80,0x00,0x0B,,"Status word = 0x4311"
106742,RX,0x181,4,0x30,0x30,0x00,0x00,0x01,,,,"Speed feedback = 0 rpm"
106754,TX,0x201,3,0x90,0x90,0x00,0x00,,,,,"Set torque = 0"
106781,TX,0x201,3,0x90,0x90,0x00,0x00,,,,,"Set torque = 0"
106807,TX,0x201,3,0x90,0x90,0x00,0x00,,,,,"Set torque = 0"
106833,TX,0x201,3,0x90,0x90,0x00,0x00,,,,,"Set torque = 0"
106923,RX,0x181,6,0x40,0x40,0x11,0x43,0x80,0x00,0x0B,,"Status word = 0x4311"
106929,RX,0x181,4,0x30,0x30,0x00,0x00,0x01,,,,"Speed feedback = 0 rpm"
106936,RX,0x181,6,0x40,0x40,0x11,0x43,0x80,0x00,0x0B,,"Status word = 0x4311"
106943,RX,0x181,4,0x30,0x30,0x00,0x00,0x01,,,,"Speed feedback = 0 rpm"
106950,TX,0x201,3,0x90,0x90,0x00,0x00,,,,,"Set torque = 0"
106977,TX,0x201,3,0x90,0x90,0x00,0x00,,,,,"Set torque = 0"
107003,TX,0x201,3,0x90,0x90,0x00,0x00,,,,,"Set torque = 0"
107029,TX,0x201,3,0x90,0x90,0x00,0x00,,,,,"Set torque = 0"
107035,RX,0x181,6,0x40,0x40,0x11,0x43,0x80,0x00,0x0B,,"Status word = 0x4311"
107042,RX,0x181,4,0x30,0x30,0x00,0x00,0x01,,,,"Speed feedback = 0 rpm"
107055,TX,0x201,3,0x90,0x90,0x00,0x00,,,,,"Set torque = 0"
107081,TX,0x201,3,0x90,0x90,0x00,0x00,,,,,"Set torque = 0"
107107,TX,0x201,3,0x90,0x90,0x00,0x00,,,,,"Set torque = 0"
107133,TX,0x201,3,0x90,0x90,0x00,0x00,,,,,"Set torque = 0"
107139,RX,0x181,6,0x40,0x40,0x11,0x43,0x80,0x00,0x0B,,"Status word = 0x4311"
107146,RX,0x181,4,0x30,0x30,0x00,0x00,0x01,,,,"Speed feedback = 0 rpm"
107159,TX,0x201,3,0x90,0x90,0x00,0x00,,,,,"Set torque = 0"
107185,TX,0x201,3,0x90,0x90,0x00,0x00,,,,,"Set torque = 0"
107211,TX,0x201,3,0x90,0x90,0x00,0x00,,,,,"Set torque = 0"
107234,RX,0x181,6,0x40,0x40,0x11,0x43,0x80,0x00,0x0B,,"Status word = 0x4311"
107241,TX,0x201,3,0x90,0x90,0x00,0x00,,,,,"Set torque = 0"
107248,RX,0x181,4,0x30,0x30,0x00,0x00,0x01,,,,"Speed feedback = 0 rpm"
107268,TX,0x201,3,0x90,0x90,0x00,0x00,,,,,"Set torque = 0"
107294,TX,0x201,3,0x90,0x90,0x00,0x00,,,,,"Set torque = 0"
107321,TX,0x201,3,0x90,0x90,0x00,0x00,,,,,"Set torque = 0"
107334,RX,0x181,6,0x40,0x40,0x11,0x43,0x80,0x00,0x0B,,"Status word = 0x4311"
107341,RX,0x181,4,0x30,0x30,0x00,0x00,0x01,,,,"Speed feedback = 0 rpm"
107348,TX,0x201,3,0x90,0x90,0x00,0x00,,,,,"Set torque = 0"
107375,TX,0x201,3,0x90,0x90,0x00,0x00,,,,,"Set torque = 0"
107401,TX,0x201,3,0x90,0x90,0x00,0x00,,,,,"Set torque = 0"
107425,TX,0x201,3,0x90,0x90,0x00,0x00,,,,,"Set torque = 0"
107434,RX,0x181,6,0x40,0x40,0x11,0x43,0x80,0x00,0x0B,,"Status word = 0x4311"
107441,RX,0x181,4,0x30,0x30,0x00,0x00,0x01,,,,"Speed feedback = 0 rpm"
107451,TX,0x201,3,0x90,0x90,0x00,0x00,,,,,"Set torque = 0"
107477,TX,0x201,3,0x90,0x90,0x00,0x00,,,,,"Set torque = 0"
107503,TX,0x201,3,0x90,0x90,0x00,0x00,,,,,"Set torque = 0"
107529,TX,0x201,3,0x90,0x90,0x00,0x00,,,,,"Set torque = 0"
107535,RX,0x181,6,0x40,0x40,0x11,0x43,0x80,0x00,0x0B,,"Status word = 0x4311"
107542,RX,0x181,4,0x30,0x30,0x00,0x00,0x01,,,,"Speed feedback = 0 rpm"
107555,TX,0x201,3,0x90,0x90,0x00,0x00,,,,,"Set torque = 0"
107581,TX,0x201,3,0x90,0x90,0x00,0x00,,,,,"Set torque = 0"
107607,TX,0x201,3,0x90,0x90,0x00,0x00,,,,,"Set torque = 0"
107634,TX,0x201,3,0x90,0x90,0x00,0x00,,,,,"Set torque = 0"
107640,RX,0x181,6,0x40,0x40,0x11,0x43,0x80,0x00,0x0B,,"Status word = 0x4311"
107647,RX,0x181,4,0x30,0x30,0x00,0x00,0x01,,,,"Speed feedback = 0 rpm"
107660,TX,0x201,3,0x90,0x90,0x00,0x00,,,,,"Set torque = 0"
107686,TX,0x201,3,0x90,0x90,0x00,0x00,,,,,"Set torque = 0"
107712,TX,0x201,3,0x90,0x90,0x00,0x00,,,,,"Set torque = 0"
107734,RX,0x181,6,0x40,0x40,0x11,0x43,0x80,0x00,0x0B,,"Status word = 0x4311"
107740,TX,0x201,3,0x90,0x90,0x00,0x00,,,,,"Set torque = 0"
107747,RX,0x181,4,0x30,0x30,0x00,0x00,0x01,,,,"Speed feedback = 0 rpm"
107767,TX,0x201,3,0x90,0x90,0x00,0x00,,,,,"Set torque = 0"
107793,TX,0x201,3,0x90,0x90,0x00,0x00,,,,,"Set torque = 0"
107819,TX,0x201,3,0x90,0x90,0x00,0x00,,,,,"Set torque = 0"
107834,RX,0x181,6,0x40,0x40,0x11,0x43,0x80,0x00,0x0B,,"Status word = 0x4311"
107840,RX,0x181,4,0x30,0x30,0x00,0x00,0x01,,,,"Speed feedback = 0 rpm"
107847,TX,0x201,3,0x90,0x90,0x00,0x00,,,,,"Set torque = 0"
107874,TX,0x201,3,0x90,0x90,0x00,0x00,,,,,"Set torque = 0"
107900,TX,0x201,3,0x90,0x90,0x00,0x00,,,,,"Set torque = 0"
107926,TX,0x201,3,0x90,0x90,0x00,0x00,,,,,"Set torque = 0"
107933,RX,0x181,6,0x40,0x40,0x11,0x43,0x80,0x00,0x0B,,"Status word = 0x4311"
107940,RX,0x181,4,0x30,0x30,0x00,0x00,0x01,,,,"Speed feedback = 0 rpm"
107953,TX,0x201,3,0x90,0x90,0x00,0x00,,,,,"Set torque = 0"
107979,TX,0x201,3,0x90,0x90,0x00,0x00,,,,,"Set torque = 0"
108005,TX,0x201,3,0x90,0x90,0x00,0x00,,,,,"Set torque = 0"
108031,TX,0x201,3,0x90,0x90,0x00,0x00,,,,,"Set torque = 0"
108037,RX,0x181,6,0x40,0x40,0x11,0x43,0x80,0x00,0x0B,,"Status word = 0x4311"
108044,RX,0x181,4,0x30,0x30,0x00,0x00,0x01,,,,"Speed feedback = 0 rpm"
108057,TX,0x201,3,0x90,0x90,0x00,0x00,,,,,"Set torque = 0"
108084,TX,0x201,3,0x90,0x90,0x00,0x00,,,,,"Set torque = 0"
108110,TX,0x201,3,0x90,0x90,0x00,0x00,,,,,"Set torque = 0"
108133,RX,0x181,6,0x40,0x40,0x11,0x43,0x80,0x00,0x0B,,"Status word = 0x4311"
108141,RX,0x181,4,0x30,0x30,0x00,0x00,0x01,,,,"Speed feedback = 0 rpm"
108148,TX,0x201,3,0x90,0x90,0x00,0x00,,,,,"Set torque = 0"
108175,TX,0x201,3,0x90,0x90,0x00,0x00,,,,,"Set torque = 0"
108201,TX,0x201,3,0x90,0x90,0x00,0x00,,,,,"Set torque = 0"
108227,TX,0x201,3,0x90,0x90,0x00,0x00,,,,,"Set torque = 0"
108233,RX,0x181,6,0x40,0x40,0x11,0x43,0x80,0x00,0x0B,,"Status word = 0x4311"
108240,RX,0x181,4,0x30,0x30,0x00,0x00,0x01,,,,"Speed feedback = 0 rpm"
108253,TX,0x201,3,0x90,0x90,0x00,0x00,,,,,"Set torque = 0"
108279,TX,0x201,3,0x90,0x90,0x00,0x00,,,,,"Set torque = 0"
108305,TX,0x201,3,0x90,0x90,0x00,0x00,,,,,"Set torque = 0"
108331,TX,0x201,3,0x90,0x90,0x00,0x00,,,,,"Set torque = 0"
108337,RX,0x181,6,0x40,0x40,0x11,0x43,0x80,0x00,0x0B,,"Status word = 0x4311"
108344,RX,0x181,4,0x30,0x30,0x00,0x00,0x01,,,,"Speed feedback = 0 rpm"
108357,TX,0x201,3,0x90,0x90,0x00,0x00,,,,,"Set torque = 0"
108383,TX,0x201,3,0x90,0x90,0x00,0x00,,,,,"Set torque = 0"
108410,TX,0x201,3,0x90,0x90,0x00,0x00,,,,,"Set torque = 0"
108433,RX,0x181,6,0x40,0x40,0x11,0x43,0x80,0x00,0x0B,,"Status word = 0x4311"
108439,TX,0x201,3,0x90,0x90,0x00,0x00,,,,,"Set torque = 0"
108446,RX,0x181,4,0x30,0x30,0x00,0x00,0x01,,,,"Speed feedback = 0 rpm"
108466,TX,0x201,3,0x90,0x90,0x00,0x00,,,,,"Set torque = 0"
108492,TX,0x201,3,0x90,0x90,0x00,0x00,,,,,"Set torque = 0"
108518,TX,0x201,3,0x90,0x90,0x00,0x00,,,,,"Set torque = 0"
108532,RX,0x181,6,0x40,0x40,0x11,0x43,0x80,0x00,0x0B,,"Status word = 0x4311"
108539,RX,0x181,4,0x30,0x30,0x00,0x00,0x01,,,,"Speed feedback = 0 rpm"
108547,TX,0x201,3,0x90,0x90,0x00,0x00,,,,,"Set torque = 0"
108573,TX,0x201,3,0x90,0x90,0x00,0x00,,,,,"Set torque = 0"
108599,TX,0x201,3,0x90,0x90,0x00,0x00,,,,,"Set torque = 0"
108625,TX,0x201,3,0x90,0x90,0x00,0x00,,,,,"Set torque = 0"
108632,RX,0x181,6,0x40,0x40,0x11,0x43,0x80,0x00,0x0B,,"Status word = 0x4311"
108639,RX,0x181,4,0x30,0x30,0x00,0x00,0x01,,,,"Speed feedback = 0 rpm"
108651,TX,0x201,3,0x90,0x90,0x00,0x00,,,,,"Set torque = 0"
108677,TX,0x201,3,0x90,0x90,0x00,0x00,,,,,"Set torque = 0"
108703,TX,0x201,3,0x90,0x90,0x00,0x00,,,,,"Set torque = 0"
108730,TX,0x201,3,0x90,0x90,0x00,0x00,,,,,"Set torque = 0"
108736,RX,0x181,6,0x40,0x40,0x11,0x43,0x80,0x00,0x0B,,"Status word = 0x4311"
108743,RX,0x181,4,0x30,0x30,0x00,0x00,0x01,,,,"Speed feedback = 0 rpm"
108756,TX,0x201,3,0x90,0x90,0x00,0x00,,,,,"Set torque = 0"
108782,TX,0x201,3,0x90,0x90,0x00,0x00,,,,,"Set torque = 0"
108808,TX,0x201,3,0x90,0x90,0x00,0x00,,,,,"Set torque = 0"
108832,RX,0x181,6,0x40,0x40,0x11,0x43,0x80,0x00,0x0B,,"Status word = 0x4311"
108839,TX,0x201,3,0x90,0x90,0x00,0x00,,,,,"Set torque = 0"
108846,RX,0x181,4,0x30,0x30,0x00,0x00,0x01,,,,"Speed feedback = 0 rpm"
108866,TX,0x201,3,0x90,0x90,0x00,0x00,,,,,"Set torque = 0"
108892,TX,0x201,3,0x90,0x90,0x00,0x00,,,,,"Set torque = 0"
108918,TX,0x201,3,0x90,0x90,0x00,0x00,,,,,"Set torque = 0"
108932,RX,0x181,6,0x40,0x40,0x11,0x43,0x80,0x00,0x0B,,"Status word = 0x4311"
108939,RX,0x181,4,0x30,0x30,0x00,0x00,0x01,,,,"Speed feedback = 0 rpm"
108946,TX,0x201,3,0x90,0x90,0x00,0x00,,,,,"Set torque = 0"
108972,TX,0x201,3,0x90,0x90,0x00,0x00,,,,,"Set torque = 0"
108998,TX,0x201,3,0x90,0x90,0x00,0x00,,,,,"Set torque = 0"
109024,TX,0x201,3,0x90,0x90,0x00,0x00,,,,,"Set torque = 0"
109032,RX,0x181,6,0x40,0x40,0x11,0x43,0x80,0x00,0x0B,,"Status word = 0x4311"
109039,RX,0x181,4,0x30,0x30,0x00,0x00,0x01,,,,"Speed feedback = 0 rpm"
109051,TX,0x201,3,0x90,0x90,0x00,0x00,,,,,"Set torque = 0"
109077,TX,0x201,3,0x90,0x90,0x00,0x00,,,,,"Set torque = 0"
109103,TX,0x201,3,0x90,0x90,0x00,0x00,,,,,"Set torque = 0"
109129,TX,0x201,3,0x90,0x90,0x00,0x00,,,,,"Set torque = 0"
109135,RX,0x181,6,0x40,0x40,0x11,0x43,0x80,0x00,0x0B,,"Status word = 0x4311"
109142,RX,0x181,4,0x30,0x30,0x00,0x00,0x01,,,,"Speed feedback = 0 rpm"
109155,TX,0x201,3,0x90,0x90,0x00,0x00,,,,,"Set torque = 0"
109181,TX,0x201,3,0x90,0x90,0x00,0x00,,,,,"Set torque = 0"
109207,TX,0x201,3,0x90,0x90,0x00,0x00,,,,,"Set torque = 0"
109231,RX,0x181,6,0x40,0x40,0x11,0x43,0x80,0x00,0x0B,,"Status word = 0x4311"
109238,TX,0x201,3,0x90,0x90,0x00,0x00,,,,,"Set torque = 0"
109245,RX,0x181,4,0x30,0x30,0x00,0x00,0x01,,,,"Speed feedback = 0 rpm"
109265,TX,0x201,3,0x90,0x90,0x00,0x00,,,,,"Set torque = 0"
109291,TX,0x201,3,0x90,0x90,0x00,0x00,,,,,"Set torque = 0"
109317,TX,0x201,3,0x90,0x90,0x00,0x00,,,,,"Set torque = 0"
109331,RX,0x181,6,0x40,0x40,0x11,0x43,0x80,0x00,0x0B,,"Status word = 0x4311"
109338,RX,0x181,4,0x30,0x30,0x00,0x00,0x01,,,,"Speed feedback = 0 rpm"
109345,TX,0x201,3,0x90,0x90,0x00,0x00,,,,,"Set torque = 0"
109372,TX,0x201,3,0x90,0x90,0x00,0x00,,,,,"Set torque = 0"
109398,TX,0x201,3,0x90,0x90,0x00,0x00,,,,,"Set torque = 0"
109424,TX,0x201,3,0x90,0x90,0x00,0x00,,,,,"Set torque = 0"
109431,RX,0x181,6,0x40,0x40,0x11,0x43,0x80,0x00,0x0B,,"Status word = 0x4311"
109438,RX,0x181,4,0x30,0x30,0x00,0x00,0x01,,,,"Speed feedback = 0 rpm"
109450,TX,0x201,3,0x90,0x90,0x00,0x00,,,,,"Set torque = 0"
109477,TX,0x201,3,0x90,0x90,0x00,0x00,,,,,"Set torque = 0"
109503,TX,0x201,3,0x90,0x90,0x00,0x00,,,,,"Set torque = 0"
109529,TX,0x201,3,0x90,0x90,0x00,0x00,,,,,"Set torque = 0"
109535,RX,0x181,6,0x40,0x40,0x11,0x43,0x80,0x00,0x0B,,"Status word = 0x4311"
109542,RX,0x181,4,0x30,0x30,0x00,0x00,0x01,,,,"Speed feedback = 0 rpm"
109555,TX,0x201,3,0x90,0x90,0x00,0x00,,,,,"Set torque = 0"
109581,TX,0x201,3,0x90,0x90,0x00,0x00,,,,,"Set torque = 0"
109607,TX,0x201,3,0x90,0x90,0x00,0x00,,,,,"Set torque = 0"
109631,RX,0x181,6,0x40,0x40,0x11,0x43,0x80,0x00,0x0B,,"Status word = 0x4311"
109638,RX,0x181,4,0x30,0x30,0x00,0x00,0x01,,,,"Speed feedback = 0 rpm"
109645,TX,0x201,3,0x90,0x90,0x00,0x00,,,,,"Set torque = 0"
109671,TX,0x201,3,0x90,0x90,0x00,0x00,,,,,"Set torque = 0"
109697,TX,0x201,3,0x90,0x90,0x00,0x00,,,,,"Set torque = 0"
109723,TX,0x201,3,0x90,0x90,0x00,0x00,,,,,"Set torque = 0"
109731,RX,0x181,6,0x40,0x40,0x11,0x43,0x80,0x00,0x0B,,"Status word = 0x4311"
109737,RX,0x181,4,0x30,0x30,0x00,0x00,0x01,,,,"Speed feedback = 0 rpm"
109749,TX,0x201,3,0x90,0x90,0x00,0x00,,,,,"Set torque = 0"
109775,TX,0x201,3,0x90,0x90,0x00,0x00,,,,,"Set torque = 0"
109802,TX,0x201,3,0x90,0x90,0x00,0x00,,,,,"Set torque = 0"
109828,TX,0x201,3,0x90,0x90,0x00,0x00,,,,,"Set torque = 0"
109834,RX,0x181,6,0x40,0x40,0x11,0x43,0x80,0x00,0x0B,,"Status word = 0x4311"
109841,RX,0x181,4,0x30,0x30,0x00,0x00,0x01,,,,"Speed feedback = 0 rpm"
109854,TX,0x201,3,0x90,0x90,0x00,0x00,,,,,"Set torque = 0"
109880,TX,0x201,3,0x90,0x90,0x00,0x00,,,,,"Set torque = 0"
109906,TX,0x201,3,0x90,0x90,0x00,0x00,,,,,"Set torque = 0"
109930,RX,0x181,6,0x40,0x40,0x11,0x43,0x80,0x00,0x0B,,"Status word = 0x4311"
109937,TX,0x201,3,0x90,0x90,0x00,0x00,,,,,"Set torque = 0"
109944,RX,0x181,4,0x30,0x30,0x00,0x00,0x01,,,,"Speed feedback = 0 rpm"
109964,TX,0x201,3,0x90,0x90,0x00,0x00,,,,,"Set torque = 0"
109990,TX,0x201,3,0x90,0x90,0x00,0x00,,,,,"Set torque = 0"
110016,TX,0x201,3,0x90,0x90,0x00,0x00,,,,,"Set torque = 0"
110030,RX,0x181,6,0x40,0x40,0x11,0x43,0x80,0x00,0x0B,,"Status word = 0x4311"
110037,RX,0x181,4,0x30,0x30,0x00,0x00,0x01,,,,"Speed feedback = 0 rpm"
110044,TX,0x201,3,0x90,0x90,0x00,0x00,,,,,"Set torque = 0"
110071,TX,0x201,3,0x90,0x90,0x00,0x00,,,,,"Set torque = 0"
110097,TX,0x201,3,0x90,0x90,0x00,0x00,,,,,"Set torque = 0"
110124,TX,0x201,3,0x90,0x90,0x00,0x00,,,,,"Set torque = 0"
110130,RX,0x181,6,0x40,0x40,0x11,0x43,0x80,0x00,0x0B,,"Status word = 0x4311"
110137,RX,0x181,4,0x30,0x30,0x00,0x00,0x01,,,,"Speed feedback = 0 rpm"
110150,TX,0x201,3,0x90,0x90,0x00,0x00,,,,,"Set torque = 0"
110176,TX,0x201,3,0x90,0x90,0x00,0x00,,,,,"Set torque = 0"
110202,TX,0x201,3,0x90,0x90,0x00,0x00,,,,,"Set torque = 0"
110228,TX,0x201,3,0x90,0x90,0x00,0x00,,,,,"Set torque = 0"
110234,RX,0x181,6,0x40,0x40,0x11,0x43,0x80,0x00,0x0B,,"Status word = 0x4311"
110241,RX,0x181,4,0x30,0x30,0x00,0x00,0x01,,,,"Speed feedback = 0 rpm"
110254,TX,0x201,3,0x90,0x90,0x00,0x00,,,,,"Set torque = 0"
110280,TX,0x201,3,0x90,0x90,0x00,0x00,,,,,"Set torque = 0"
110306,TX,0x201,3,0x90,0x90,0x00,0x00,,,,,"Set torque = 0"
110330,RX,0x181,6,0x40,0x40,0x11,0x43,0x80,0x00,0x0B,,"Status word = 0x4311"
110336,TX,0x201,3,0x90,0x90,0x00,0x00,,,,,"Set torque = 0"
110343,RX,0x181,4,0x30,0x30,0x00,0x00,0x01,,,,"Speed feedback = 0 rpm"
110363,TX,0x201,3,0x90,0x90,0x00,0x00,,,,,"Set torque = 0"
110389,TX,0x201,3,0x90,0x90,0x00,0x00,,,,,"Set torque = 0"
110415,TX,0x201,3,0x90,0x90,0x00,0x00,,,,,"Set torque = 0"
110429,RX,0x181,6,0x40,0x40,0x11,0x43,0x80,0x00,0x0B,,"Status word = 0x4311"
110436,RX,0x181,4,0x30,0x30,0x00,0x00,0x01,,,,"Speed feedback = 0 rpm"
110443,TX,0x201,3,0x90,0x90,0x00,0x00,,,,,"Set torque = 0"
110470,TX,0x201,3,0x90,0x90,0x00,0x00,,,,,"Set torque = 0"
110496,TX,0x201,3,0x90,0x90,0x00,0x00,,,,,"Set torque = 0"
110522,TX,0x201,3,0x90,0x90,0x00,0x00,,,,,"Set torque = 0"
110529,RX,0x181,6,0x40,0x40,0x11,0x43,0x80,0x00,0x0B,,"Status word = 0x4311"
110536,RX,0x181,4,0x30,0x30,0x00,0x00,0x01,,,,"Speed feedback = 0 rpm"
110548,TX,0x201,3,0x90,0x90,0x00,0x00,,,,,"Set torque = 0"
110575,TX,0x201,3,0x90,0x90,0x00,0x00,,,,,"Set torque = 0"
110601,TX,0x201,3,0x90,0x90,0x00,0x00,,,,,"Set torque = 0"
110627,TX,0x201,3,0x90,0x90,0x00,0x00,,,,,"Set torque = 0"
110633,RX,0x181,6,0x40,0x40,0x11,0x43,0x80,0x00,0x0B,,"Status word = 0x4311"
110640,RX,0x181,4,0x30,0x30,0x00,0x00,0x01,,,,"Speed feedback = 0 rpm"
110653,TX,0x201,3,0x90,0x90,0x00,0x00,,,,,"Set torque = 0"
110679,TX,0x201,3,0x90,0x90,0x00,0x00,,,,,"Set torque = 0"
110705,TX,0x201,3,0x90,0x90,0x00,0x00,,,,,"Set torque = 0"
110729,RX,0x181,6,0x40,0x40,0x11,0x43,0x80,0x00,0x0B,,"Status word = 0x4311"
110736,RX,0x181,4,0x30,0x30,0x00,0x00,0x01,,,,"Speed feedback = 0 rpm"
110743,TX,0x201,3,0x90,0x90,0x00,0x00,,,,,"Set torque = 0"
110770,TX,0x201,3,0x90,0x90,0x00,0x00,,,,,"Set torque = 0"
110796,TX,0x201,3,0x90,0x90,0x00,0x00,,,,,"Set torque = 0"
110822,TX,0x201,3,0x90,0x90,0x00,0x00,,,,,"Set torque = 0"
110829,RX,0x181,6,0x40,0x40,0x11,0x43,0x80,0x00,0x0B,,"Status word = 0x4311"
110836,RX,0x181,4,0x30,0x30,0x00,0x00,0x01,,,,"Speed feedback = 0 rpm"
110848,TX,0x201,3,0x90,0x90,0x00,0x00,,,,,"Set torque = 0"
110874,TX,0x201,3,0x90,0x90,0x00,0x00,,,,,"Set torque = 0"
110901,TX,0x201,3,0x90,0x90,0x00,0x00,,,,,"Set torque = 0"
110927,TX,0x201,3,0x90,0x90,0x00,0x00,,,,,"Set torque = 0"
110933,RX,0x181,6,0x40,0x40,0x11,0x43,0x80,0x00,0x0B,,"Status word = 0x4311"
110940,RX,0x181,4,0x30,0x30,0x00,0x00,0x01,,,,"Speed feedback = 0 rpm"
110953,TX,0x201,3,0x90,0x90,0x00,0x00,,,,,"Set torque = 0"
110979,TX,0x201,3,0x90,0x90,0x00,0x00,,,,,"Set torque = 0"
111005,TX,0x201,3,0x90,0x90,0x00,0x00,,,,,"Set torque = 0"
111028,RX,0x181,6,0x40,0x40,0x11,0x43,0x80,0x00,0x0B,,"Status word = 0x4311"
111035,TX,0x201,3,0x90,0x90,0x00,0x00,,,,,"Set torque = 0"
111042,RX,0x181,4,0x30,0x30,0x00,0x00,0x01,,,,"Speed feedback = 0 rpm"
111062,TX,0x201,3,0x90,0x90,0x00,0x00,,,,,"Set torque = 0"
111088,TX,0x201,3,0x90,0x90,0x00,0x00,,,,,"Set torque = 0"
111114,TX,0x201,3,0x90,0x90,0x00,0x00,,,,,"Set torque = 0"
111128,RX,0x181,6,0x40,0x40,0x11,0x43,0x80,0x00,0x0B,,"Status word = 0x4311"
111135,RX,0x181,4,0x30,0x30,0x00,0x00,0x01,,,,"Speed feedback = 0 rpm"
111142,TX,0x201,3,0x90,0x90,0x00,0x00,,,,,"Set torque = 0"
111169,TX,0x201,3,0x90,0x90,0x00,0x00,,,,,"Set torque = 0"
111195,TX,0x201,3,0x90,0x90,0x00,0x00,,,,,"Set torque = 0"
111222,TX,0x201,3,0x90,0x90,0x00,0x00,,,,,"Set torque = 0"
111228,RX,0x181,6,0x40,0x40,0x11,0x43,0x80,0x00,0x0B,,"Status word = 0x4311"
111235,RX,0x181,4,0x30,0x30,0x00,0x00,0x01,,,,"Speed feedback = 0 rpm"
111248,TX,0x201,3,0x90,0x90,0x00,0x00,,,,,"Set torque = 0"
111274,TX,0x201,3,0x90,0x90,0x00,0x00,,,,,"Set torque = 0"
111300,TX,0x201,3,0x90,0x90,0x00,0x00,,,,,"Set torque = 0"
111326,TX,0x201,3,0x90,0x90,0x00,0x00,,,,,"Set torque = 0"
111332,RX,0x181,6,0x40,0x40,0x11,0x43,0x80,0x00,0x0B,,"Status word = 0x4311"
111339,RX,0x181,4,0x30,0x30,0x00,0x00,0x01,,,,"Speed feedback = 0 rpm"
111352,TX,0x201,3,0x90,0x90,0x00,0x00,,,,,"Set torque = 0"
111378,TX,0x201,3,0x90,0x90,0x00,0x00,,,,,"Set torque = 0"
111404,TX,0x201,3,0x90,0x90,0x00,0x00,,,,,"Set torque = 0"
111428,RX,0x181,6,0x40,0x40,0x11,0x43,0x80,0x00,0x0B,,"Status word = 0x4311"
111435,TX,0x201,3,0x90,0x90,0x00,0x00,,,,,"Set torque = 0"
111442,RX,0x181,4,0x30,0x30,0x00,0x00,0x01,,,,"Speed feedback = 0 rpm"
111462,TX,0x201,3,0x90,0x90,0x00,0x00,,,,,"Set torque = 0"
111488,TX,0x201,3,0x90,0x90,0x00,0x00,,,,,"Set torque = 0"
111514,TX,0x201,3,0x90,0x90,0x00,0x00,,,,,"Set torque = 0"
111528,RX,0x181,6,0x40,0x40,0x11,0x43,0x80,0x00,0x0B,,"Status word = 0x4311"
111535,RX,0x181,4,0x30,0x30,0x00,0x00,0x01,,,,"Speed feedback = 0 rpm"
111542,TX,0x201,3,0x90,0x90,0x00,0x00,,,,,"Set torque = 0"
111568,TX,0x201,3,0x90,0x90,0x00,0x00,,,,,"Set torque = 0"
111594,TX,0x201,3,0x90,0x90,0x00,0x00,,,,,"Set torque = 0"
111620,TX,0x201,3,0x90,0x90,0x00,0x00,,,,,"Set torque = 0"
111628,RX,0x181,6,0x40,0x40,0x11,0x43,0x80,0x00,0x0B,,"Status word = 0x4311"
111634,RX,0x181,4,0x30,0x30,0x00,0x00,0x01,,,,"Speed feedback = 0 rpm"
111646,TX,0x201,3,0x90,0x90,0x00,0x00,,,,,"Set torque = 0"
111673,TX,0x201,3,0x90,0x90,0x00,0x00,,,,,"Set torque = 0"
111699,TX,0x201,3,0x90,0x90,0x00,0x00,,,,,"Set torque = 0"
111725,TX,0x201,3,0x90,0x90,0x00,0x00,,,,,"Set torque = 0"
111731,RX,0x181,6,0x40,0x40,0x11,0x43,0x80,0x00,0x0B,,"Status word = 0x4311"
111738,RX,0x181,4,0x30,0x30,0x00,0x00,0x01,,,,"Speed feedback = 0 rpm"
111751,TX,0x201,3,0x90,0x90,0x00,0x00,,,,,"Set torque = 0"
111777,TX,0x201,3,0x90,0x90,0x00,0x00,,,,,"Set torque = 0"
111803,TX,0x201,3,0x90,0x90,0x00,0x00,,,,,"Set torque = 0"
111827,RX,0x181,6,0x40,0x40,0x11,0x43,0x80,0x00,0x0B,,"Status word = 0x4311"
111834,RX,0x181,4,0x30,0x30,0x00,0x00,0x01,,,,"Speed feedback = 0 rpm"
111841,TX,0x201,3,0x90,0x90,0x00,0x00,,,,,"Set torque = 0"
111868,TX,0x201,3,0x90,0x90,0x00,0x00,,,,,"Set torque = 0"
111894,TX,0x201,3,0x90,0x90,0x00,0x00,,,,,"Set torque = 0"
111920,TX,0x201,3,0x90,0x90,0x00,0x00,,,,,"Set torque = 0"
111927,RX,0x181,6,0x40,0x40,0x11,0x43,0x80,0x00,0x0B,,"Status word = 0x4311"
111934,RX,0x181,4,0x30,0x30,0x00,0x00,0x01,,,,"Speed feedback = 0 rpm"
111946,TX,0x201,3,0x90,0x90,0x00,0x00,,,,,"Set torque = 0"
111972,TX,0x201,3,0x90,0x90,0x00,0x00,,,,,"Set torque = 0"
111999,TX,0x201,3,0x90,0x90,0x00,0x00,,,,,"Set torque = 0"
112025,TX,0x201,3,0x90,0x90,0x00,0x00,,,,,"Set torque = 0"
112031,RX,0x181,6,0x40,0x40,0x11,0x43,0x80,0x00,0x0B,,"Status word = 0x4311"
112038,RX,0x181,4,0x30,0x30,0x00,0x00,0x01,,,,"Speed feedback = 0 rpm"
112051,TX,0x201,3,0x90,0x90,0x00,0x00,,,,,"Set torque = 0"
112077,TX,0x201,3,0x90,0x90,0x00,0x00,,,,,"Set torque = 0"
112103,TX,0x201,3,0x90,0x90,0x00,0x00,,,,,"Set torque = 0"
112127,RX,0x181,6,0x40,0x40,0x11,0x43,0x80,0x00,0x0B,,"Status word = 0x4311"
112134,TX,0x201,3,0x90,0x90,0x00,0x00,,,,,"Set torque = 0"
112141,RX,0x181,4,0x30,0x30,0x00,0x00,0x01,,,,"Speed feedback = 0 rpm"
112161,TX,0x201,3,0x90,0x90,0x00,0x00,,,,,"Set torque = 0"
112187,TX,0x201,3,0x90,0x90,0x00,0x00,,,,,"Set torque = 0"
112213,TX,0x201,3,0x90,0x90,0x00,0x00,,,,,"Set torque = 0"
112227,RX,0x181,6,0x40,0x40,0x11,0x43,0x80,0x00,0x0B,,"Status word = 0x4311"
112234,RX,0x181,4,0x30,0x30,0x00,0x00,0x01,,,,"Speed feedback = 0 rpm"
112240,TX,0x201,3,0x90,0x90,0x00,0x00,,,,,"Set torque = 0"
112267,TX,0x201,3,0x90,0x90,0x00,0x00,,,,,"Set torque = 0"
112293,TX,0x201,3,0x90,0x90,0x00,0x00,,,,,"Set torque = 0"
112320,TX,0x201,3,0x90,0x90,0x00,0x00,,,,,"Set torque = 0"
112326,RX,0x181,6,0x40,0x40,0x11,0x43,0x80,0x00,0x0B,,"Status word = 0x4311"
112333,RX,0x181,4,0x30,0x30,0x00,0x00,0x01,,,,"Speed feedback = 0 rpm"
112346,TX,0x201,3,0x90,0x90,0x00,0x00,,,,,"Set torque = 0"
112372,TX,0x201,3,0x90,0x90,0x00,0x00,,,,,"Set torque = 0"
112398,TX,0x201,3,0x90,0x90,0x00,0x00,,,,,"Set torque = 0"
112424,TX,0x201,3,0x90,0x90,0x00,0x00,,,,,"Set torque = 0"
112430,RX,0x181,6,0x40,0x40,0x11,0x43,0x80,0x00,0x0B,,"Status word = 0x4311"
112437,RX,0x181,4,0x30,0x30,0x00,0x00,0x01,,,,"Speed feedback = 0 rpm"
112450,TX,0x201,3,0x90,0x90,0x00,0x00,,,,,"Set torque = 0"
112476,TX,0x201,3,0x90,0x90,0x00,0x00,,,,,"Set torque = 0"
112502,TX,0x201,3,0x90,0x90,0x00,0x00,,,,,"Set torque = 0"
112526,RX,0x181,6,0x40,0x40,0x11,0x43,0x80,0x00,0x0B,,"Status word = 0x4311"
112533,TX,0x201,3,0x90,0x90,0x00,0x00,,,,,"Set torque = 0"
112540,RX,0x181,4,0x30,0x30,0x00,0x00,0x01,,,,"Speed feedback = 0 rpm"
112560,TX,0x201,3,0x90,0x90,0x00,0x00,,,,,"Set torque = 0"
112586,TX,0x201,3,0x90,0x90,0x00,0x00,,,,,"Set torque = 0"
112612,TX,0x201,3,0x90,0x90,0x00,0x00,,,,,"Set torque = 0"
112626,RX,0x181,6,0x40,0x40,0x11,0x43,0x80,0x00,0x0B,,"Status word = 0x4311"
112633,RX,0x181,4,0x30,0x30,0x00,0x00,0x01,,,,"Speed feedback = 0 rpm"
112640,TX,0x201,3,0x90,0x90,0x00,0x00,,,,,"Set torque = 0"
112666,TX,0x201,3,0x90,0x90,0x00,0x00,,,,,"Set torque = 0"
112692,TX,0x201,3,0x90,0x90,0x00,0x00,,,,,"Set torque = 0"
112718,TX,0x201,3,0x90,0x90,0x00,0x00,,,,,"Set torque = 0"
112726,RX,0x181,6,0x40,0x40,0x11,0x43,0x80,0x00,0x0B,,"Status word = 0x4311"
112733,RX,0x181,4,0x30,0x30,0x00,0x00,0x01,,,,"Speed feedback = 0 rpm"
112744,TX,0x201,3,0x90,0x90,0x00,0x00,,,,,"Set torque = 0"
112770,TX,0x201,3,0x90,0x90,0x00,0x00,,,,,"Set torque = 0"
112796,TX,0x201,3,0x90,0x90,0x00,0x00,,,,,"Set torque = 0"
112822,TX,0x201,3,0x90,0x90,0x00,0x00,,,,,"Set torque = 0"
112828,RX,0x181,6,0x40,0x40,0x11,0x43,0x80,0x00,0x0B,,"Status word = 0x4311"
112835,RX,0x181,4,0x30,0x30,0x00,0x00,0x01,,,,"Speed feedback = 0 rpm"
112848,TX,0x201,3,0x90,0x90,0x00,0x00,,,,,"Set torque = 0"
112874,TX,0x201,3,0x90,0x90,0x00,0x00,,,,,"Set torque = 0"
112900,TX,0x201,3,0x90,0x90,0x00,0x00,,,,,"Set torque = 0"
112925,RX,0x181,6,0x40,0x40,0x11,0x43,0x80,0x00,0x0B,,"Status word = 0x4311"
112932,TX,0x201,3,0x90,0x90,0x00,0x00,,,,,"Set torque = 0"
112939,RX,0x181,4,0x30,0x30,0x00,0x00,0x01,,,,"Speed feedback = 0 rpm"
112959,TX,0x201,3,0x90,0x90,0x00,0x00,,,,,"Set torque = 0"
112985,TX,0x201,3,0x90,0x90,0x00,0x00,,,,,"Set torque = 0"
113011,TX,0x201,3,0x90,0x90,0x00,0x00,,,,,"Set torque = 0"
113025,RX,0x181,6,0x40,0x40,0x11,0x43,0x80,0x00,0x0B,,"Status word = 0x4311"
113032,RX,0x181,4,0x30,0x30,0x00,0x00,0x01,,,,"Speed feedback = 0 rpm"
113039,TX,0x201,3,0x90,0x90,0x00,0x00,,,,,"Set torque = 0"
113066,TX,0x201,3,0x90,0x90,0x00,0x00,,,,,"Set torque = 0"
113092,TX,0x201,3,0x90,0x90,0x00,0x00,,,,,"Set torque = 0"
113118,TX,0x201,3,0x90,0x90,0x00,0x00,,,,,"Set torque = 0"
113125,RX,0x181,6,0x40,0x40,0x11,0x43,0x80,0x00,0x0B,,"Status word = 0x4311"
113132,RX,0x181,4,0x30,0x30,0x00,0x00,0x01,,,,"Speed feedback = 0 rpm"
113144,TX,0x201,3,0x90,0x90,0x00,0x00,,,,,"Set torque = 0"
113170,TX,0x201,3,0x90,0x90,0x00,0x00,,,,,"Set torque = 0"
113196,TX,0x201,3,0x90,0x90,0x00,0x00,,,,,"Set torque = 0"
113222,TX,0x201,3,0x90,0x90,0x00,0x00,,,,,"Set torque = 0"
113229,RX,0x181,6,0x40,0x40,0x11,0x43,0x80,0x00,0x0B,,"Status word = 0x4311"
113235,RX,0x181,4,0x30,0x30,0x00,0x00,0x01,,,,"Speed feedback = 0 rpm"
113249,TX,0x201,3,0x90,0x90,0x00,0x00,,,,,"Set torque = 0"
113275,TX,0x201,3,0x90,0x90,0x00,0x00,,,,,"Set torque = 0"
113301,TX,0x201,3,0x90,0x90,0x00,0x00,,,,,"Set torque = 0"
113325,RX,0x181,6,0x40,0x40,0x11,0x43,0x80,0x00,0x0B,,"Status word = 0x4311"
113332,TX,0x201,3,0x90,0x90,0x00,0x00,,,,,"Set torque = 0"
113338,RX,0x181,4,0x30,0x30,0x00,0x00,0x01,,,,"Speed feedback = 0 rpm"
113358,TX,0x201,3,0x90,0x90,0x00,0x00,,,,,"Set torque = 0"
113385,TX,0x201,3,0x90,0x90,0x00,0x00,,,,,"Set torque = 0"
113411,TX,0x201,3,0x90,0x90,0x00,0x00,,,,,"Set torque = 0"
113425,RX,0x181,6,0x40,0x40,0x11,0x43,0x80,0x00,0x0B,,"Status word = 0x4311"
113432,RX,0x181,4,0x30,0x30,0x00,0x00,0x01,,,,"Speed feedback = 0 rpm"
113438,TX,0x201,3,0x90,0x90,0x00,0x00,,,,,"Set torque = 0"
113465,TX,0x201,3,0x90,0x90,0x00,0x00,,,,,"Set torque = 0"
113491,TX,0x201,3,0x90,0x90,0x00,0x00,,,,,"Set torque = 0"
113517,TX,0x201,3,0x90,0x90,0x00,0x00,,,,,"Set torque = 0"
113525,RX,0x181,6,0x40,0x40,0x11,0x43,0x80,0x00,0x0B,,"Status word = 0x4311"
113532,RX,0x181,4,0x30,0x30,0x00,0x00,0x01,,,,"Speed feedback = 0 rpm"
113543,TX,0x201,3,0x90,0x90,0x00,0x00,,,,,"Set torque = 0"
113569,TX,0x201,3,0x90,0x90,0x00,0x00,,,,,"Set torque = 0"
113595,TX,0x201,3,0x90,0x90,0x00,0x00,,,,,"Set torque = 0"
113621,TX,0x201,3,0x90,0x90,0x00,0x00,,,,,"Set torque = 0"
113627,RX,0x181,6,0x40,0x40,0x11,0x43,0x80,0x00,0x0B,,"Status word = 0x4311"
113634,RX,0x181,4,0x30,0x30,0x00,0x00,0x01,,,,"Speed feedback = 0 rpm"
113647,TX,0x201,3,0x90,0x90,0x00,0x00,,,,,"Set torque = 0"
113674,TX,0x201,3,0x90,0x90,0x00,0x00,,,,,"Set torque = 0"
113700,TX,0x201,3,0x90,0x90,0x00,0x00,,,,,"Set torque = 0"
113724,RX,0x181,6,0x40,0x40,0x11,0x43,0x80,0x00,0x0B,,"Status word = 0x4311"
113731,TX,0x201,3,0x90,0x90,0x00,0x00,,,,,"Set torque = 0"
113738,RX,0x181,4,0x30,0x30,0x00,0x00,0x01,,,,"Speed feedback = 0 rpm"
113758,TX,0x201,3,0x90,0x90,0x00,0x00,,,,,"Set torque = 0"
113784,TX,0x201,3,0x90,0x90,0x00,0x00,,,,,"Set torque = 0"
113810,TX,0x201,3,0x90,0x90,0x00,0x00,,,,,"Set torque = 0"
113824,RX,0x181,6,0x40,0x40,0x11,0x43,0x80,0x00,0x0B,,"Status word = 0x4311"
113831,RX,0x181,4,0x30,0x30,0x00,0x00,0x01,,,,"Speed feedback = 0 rpm"
113838,TX,0x201,3,0x90,0x90,0x00,0x00,,,,,"Set torque = 0"
113865,TX,0x201,3,0x90,0x90,0x00,0x00,,,,,"Set torque = 0"
113891,TX,0x201,3,0x90,0x90,0x00,0x00,,,,,"Set torque = 0"
113917,TX,0x201,3,0x90,0x90,0x00,0x00,,,,,"Set torque = 0"
113924,RX,0x181,6,0x40,0x40,0x11,0x43,0x80,0x00,0x0B,,"Status word = 0x4311"
113931,RX,0x181,4,0x30,0x30,0x00,0x00,0x01,,,,"Speed feedback = 0 rpm"
113943,TX,0x201,3,0x90,0x90,0x00,0x00,,,,,"Set torque = 0"
113969,TX,0x201,3,0x90,0x90,0x00,0x00,,,,,"Set torque = 0"
113996,TX,0x201,3,0x90,0x90,0x00,0x00,,,,,"Set torque = 0"
114022,TX,0x201,3,0x90,0x90,0x00,0x00,,,,,"Set torque = 0"
114028,RX,0x181,6,0x40,0x40,0x11,0x43,0x80,0x00,0x0B,,"Status word = 0x4311"
114035,RX,0x181,4,0x30,0x30,0x00,0x00,0x01,,,,"Speed feedback = 0 rpm"
114048,TX,0x201,3,0x90,0x90,0x00,0x00,,,,,"Set torque = 0"
114074,TX,0x201,3,0x90,0x90,0x00,0x00,,,,,"Set torque = 0"
114100,TX,0x201,3,0x90,0x90,0x00,0x00,,,,,"Set torque = 0"
114124,RX,0x181,6,0x40,0x40,0x11,0x43,0x80,0x00,0x0B,,"Status word = 0x4311"
114130,TX,0x201,3,0x90,0x90,0x00,0x00,,,,,"Set torque = 0"
114138,RX,0x181,4,0x30,0x30,0x00,0x00,0x01,,,,"Speed feedback = 0 rpm"
114158,TX,0x201,3,0x90,0x90,0x00,0x00,,,,,"Set torque = 0"
114184,TX,0x201,3,0x90,0x90,0x00,0x00,,,,,"Set torque = 0"
114210,TX,0x201,3,0x90,0x90,0x00,0x00,,,,,"Set torque = 0"
114223,RX,0x181,6,0x40,0x40,0x11,0x43,0x80,0x00,0x0B,,"Status word = 0x4311"
114230,RX,0x181,4,0x30,0x30,0x00,0x00,0x01,,,,"Speed feedback = 0 rpm"
114237,TX,0x201,3,0x90,0x90,0x00,0x00,,,,,"Set torque = 0"
114264,TX,0x201,3,0x90,0x90,0x00,0x00,,,,,"Set torque = 0"
114290,TX,0x201,3,0x90,0x90,0x00,0x00,,,,,"Set torque = 0"
114317,TX,0x201,3,0x90,0x90,0x00,0x00,,,,,"Set torque = 0"
114323,RX,0x181,6,0x40,0x40,0x11,0x43,0x80,0x00,0x0B,,"Status word = 0x4311"
114330,RX,0x181,4,0x30,0x30,0x00,0x00,0x01,,,,"Speed feedback = 0 rpm"
114343,TX,0x201,3,0x90,0x90,0x00,0x00,,,,,"Set torque = 0"
114369,TX,0x201,3,0x90,0x90,0x00,0x00,,,,,"Set torque = 0"
114395,TX,0x201,3,0x90,0x90,0x00,0x00,,,,,"Set torque = 0"
114421,TX,0x201,3,0x90,0x90,0x00,0x00,,,,,"Set torque = 0"
114427,RX,0x181,6,0x40,0x40,0x11,0x43,0x80,0x00,0x0B,,"Status word = 0x4311"
114434,RX,0x181,4,0x30,0x30,0x00,0x00,0x01,,,,"Speed feedback = 0 rpm"
114447,TX,0x201,3,0x90,0x90,0x00,0x00,,,,,"Set torque = 0"
114473,TX,0x201,3,0x90,0x90,0x00,0x00,,,,,"Set torque = 0"
114499,TX,0x201,3,0x90,0x90,0x00,0x00,,,,,"Set torque = 0"
114523,RX,0x181,6,0x40,0x40,0x11,0x43,0x80,0x00,0x0B,,"Status word = 0x4311"
114530,TX,0x201,3,0x90,0x90,0x00,0x00,,,,,"Set torque = 0"
114537,RX,0x181,4,0x30,0x30,0x00,0x00,0x01,,,,"Speed feedback = 0 rpm"
114557,TX,0x201,3,0x90,0x90,0x00,0x00,,,,,"Set torque = 0"
114583,TX,0x201,3,0x90,0x90,0x00,0x00,,,,,"Set torque = 0"
114609,TX,0x201,3,0x90,0x90,0x00,0x00,,,,,"Set torque = 0"
114623,RX,0x181,6,0x40,0x40,0x11,0x43,0x80,0x00,0x0B,,"Status word = 0x4311"
114630,RX,0x181,4,0x30,0x30,0x00,0x00,0x01,,,,"Speed feedback = 0 rpm"
114637,TX,0x201,3,0x90,0x90,0x00,0x00,,,,,"Set torque = 0"
114663,TX,0x201,3,0x90,0x90,0x00,0x00,,,,,"Set torque = 0"
114689,TX,0x201,3,0x90,0x90,0x00,0x00,,,,,"Set torque = 0"
114715,TX,0x201,3,0x90,0x90,0x00,0x00,,,,,"Set torque = 0"
114723,RX,0x181,6,0x40,0x40,0x11,0x43,0x80,0x00,0x0B,,"Status word = 0x4311"
114730,RX,0x181,4,0x30,0x30,0x00,0x00,0x01,,,,"Speed feedback = 0 rpm"
114741,TX,0x201,3,0x90,0x90,0x00,0x00,,,,,"Set torque = 0"
114769,TX,0x201,3,0x90,0x90,0x00,0x00,,,,,"Set torque = 0"
114795,TX,0x201,3,0x90,0x90,0x00,0x00,,,,,"Set torque = 0"
114821,TX,0x201,3,0x90,0x90,0x00,0x00,,,,,"Set torque = 0"
114827,RX,0x181,6,0x40,0x40,0x11,0x43,0x80,0x00,0x0B,,"Status word = 0x4311"
114834,RX,0x181,4,0x30,0x30,0x00,0x00,0x01,,,,"Speed feedback = 0 rpm"
114847,TX,0x201,3,0x90,0x90,0x00,0x00,,,,,"Set torque = 0"
114873,TX,0x201,3,0x90,0x90,0x00,0x00,,,,,"Set torque = 0"
114899,TX,0x201,3,0x90,0x90,0x00,0x00,,,,,"Set torque = 0"
114922,RX,0x181,6,0x40,0x40,0x11,0x43,0x80,0x00,0x0B,,"Status word = 0x4311"
114929,RX,0x181,4,0x30,0x30,0x00,0x00,0x01,,,,"Speed feedback = 0 rpm"
114936,TX,0x201,3,0x90,0x90,0x00,0x00,,,,,"Set torque = 0"
114963,TX,0x201,3,0x90,0x90,0x00,0x00,,,,,"Set torque = 0"
114989,TX,0x201,3,0x90,0x90,0x00,0x00,,,,,"Set torque = 0"
115015,TX,0x201,3,0x90,0x90,0x00,0x00,,,,,"Set torque = 0"
115022,RX,0x181,6,0x40,0x40,0x11,0x43,0x80,0x00,0x0B,,"Status word = 0x4311"
115029,RX,0x181,4,0x30,0x30,0x00,0x00,0x01,,,,"Speed feedback = 0 rpm"
115041,TX,0x201,3,0x90,0x90,0x00,0x00,,,,,"Set torque = 0"
115067,TX,0x201,3,0x90,0x90,0x00,0x00,,,,,"Set torque = 0"
115094,TX,0x201,3,0x90,0x90,0x00,0x00,,,,,"Set torque = 0"
115120,TX,0x201,3,0x90,0x90,0x00,0x00,,,,,"Set torque = 0"
115126,RX,0x181,6,0x40,0x40,0x11,0x43,0x80,0x00,0x0B,,"Status word = 0x4311"
115133,RX,0x181,4,0x30,0x30,0x00,0x00,0x01,,,,"Speed feedback = 0 rpm"
115146,TX,0x201,3,0x90,0x90,0x00,0x00,,,,,"Set torque = 0"
115172,TX,0x201,3,0x90,0x90,0x00,0x00,,,,,"Set torque = 0"
115198,TX,0x201,3,0x90,0x90,0x00,0x00,,,,,"Set torque = 0"
115222,RX,0x181,6,0x40,0x40,0x11,0x43,0x80,0x00,0x0B,,"Status word = 0x4311"
115229,TX,0x201,3,0x90,0x90,0x00,0x00,,,,,"Set torque = 0"
115236,RX,0x181,4,0x30,0x30,0x00,0x00,0x01,,,,"Speed feedback = 0 rpm"
115256,TX,0x201,3,0x90,0x90,0x00,0x00,,,,,"Set torque = 0"
115282,TX,0x201,3,0x90,0x90,0x00,0x00,,,,,"Set torque = 0"
115308,TX,0x201,3,0x90,0x90,0x00,0x00,,,,,"Set torque = 0"
115322,RX,0x181,6,0x40,0x40,0x11,0x43,0x80,0x00,0x0B,,"Status word = 0x4311"
115329,RX,0x181,4,0x30,0x30,0x00,0x00,0x01,,,,"Speed feedback = 0 rpm"
115335,TX,0x201,3,0x90,0x90,0x00,0x00,,,,,"Set torque = 0"
115362,TX,0x201,3,0x90,0x90,0x00,0x00,,,,,"Set torque = 0"
115388,TX,0x201,3,0x90,0x90,0x00,0x00,,,,,"Set torque = 0"
115415,TX,0x201,3,0x90,0x90,0x00,0x00,,,,,"Set torque = 0"
115422,RX,0x181,6,0x40,0x40,0x11,0x43,0x80,0x00,0x0B,,"Status word = 0x4311"
115428,RX,0x181,4,0x30,0x30,0x00,0x00,0x01,,,,"Speed feedback = 0 rpm"
115441,TX,0x201,3,0x90,0x90,0x00,0x00,,,,,"Set torque = 0"
115467,TX,0x201,3,0x90,0x90,0x00,0x00,,,,,"Set torque = 0"
115493,TX,0x201,3,0x90,0x90,0x00,0x00,,,,,"Set torque = 0"
115519,TX,0x201,3,0x90,0x90,0x00,0x00,,,,,"Set torque = 0"
115525,RX,0x181,6,0x40,0x40,0x11,0x43,0x80,0x00,0x0B,,"Status word = 0x4311"
115532,RX,0x181,4,0x30,0x30,0x00,0x00,0x01,,,,"Speed feedback = 0 rpm"
115545,TX,0x201,3,0x90,0x90,0x00,0x00,,,,,"Set torque = 0"
115571,TX,0x201,3,0x90,0x90,0x00,0x00,,,,,"Set torque = 0"
115597,TX,0x201,3,0x90,0x90,0x00,0x00,,,,,"Set torque = 0"
115621,TX,0x201,3,0x90,0x90,0x00,0x00,,,,,"Set torque = 0"
115627,RX,0x181,6,0x40,0x40,0x11,0x43,0x80,0x00,0x0B,,"Status word = 0x4311"
115634,RX,0x181,4,0x30,0x30,0x00,0x00,0x01,,,,"Speed feedback = 0 rpm"
115647,TX,0x201,3,0x90,0x90,0x00,0x00,,,,,"Set torque = 0"
115673,TX,0x201,3,0x90,0x90,0x00,0x00,,,,,"Set torque = 0"
115699,TX,0x201,3,0x90,0x90,0x00,0x00,,,,,"Set torque = 0"
115721,RX,0x181,6,0x40,0x40,0x11,0x43,0x80,0x00,0x0B,,"Status word = 0x4311"
115728,TX,0x201,3,0x90,0x90,0x00,0x00,,,,,"Set torque = 0"
115735,RX,0x181,4,0x30,0x30,0x00,0x00,0x01,,,,"Speed feedback = 0 rpm"
115755,TX,0x201,3,0x90,0x90,0x00,0x00,,,,,"Set torque = 0"
115781,TX,0x201,3,0x90,0x90,0x00,0x00,,,,,"Set torque = 0"
115807,TX,0x201,3,0x90,0x90,0x00,0x00,,,,,"Set torque = 0"
115821,RX,0x181,6,0x40,0x40,0x11,0x43,0x80,0x00,0x0B,,"Status word = 0x4311"
115828,RX,0x181,4,0x30,0x30,0x00,0x00,0x01,,,,"Speed feedback = 0 rpm"
115835,TX,0x201,3,0x90,0x90,0x00,0x00,,,,,"Set torque = 0"
115862,TX,0x201,3,0x90,0x90,0x00,0x00,,,,,"Set torque = 0"
115888,TX,0x201,3,0x90,0x90,0x00,0x00,,,,,"Set torque = 0"
115914,TX,0x201,3,0x90,0x90,0x00,0x00,,,,,"Set torque = 0"
115921,RX,0x181,6,0x40,0x40,0x11,0x43,0x80,0x00,0x0B,,"Status word = 0x4311"
115928,RX,0x181,4,0x30,0x30,0x00,0x00,0x01,,,,"Speed feedback = 0 rpm"
115940,TX,0x201,3,0x90,0x90,0x00,0x00,,,,,"Set torque = 0"
115966,TX,0x201,3,0x90,0x90,0x00,0x00,,,,,"Set torque = 0"
115992,TX,0x201,3,0x90,0x90,0x00,0x00,,,,,"Set torque = 0"
116018,TX,0x201,3,0x90,0x90,0x00,0x00,,,,,"Set torque = 0"
116025,RX,0x181,6,0x40,0x40,0x11,0x43,0x80,0x00,0x0B,,"Status word = 0x4311"
116031,RX,0x181,4,0x30,0x30,0x00,0x00,0x01,,,,"Speed feedback = 0 rpm"
116045,TX,0x201,3,0x90,0x90,0x00,0x00,,,,,"Set torque = 0"
116071,TX,0x201,3,0x90,0x90,0x00,0x00,,,,,"Set torque = 0"
116097,TX,0x201,3,0x90,0x90,0x00,0x00,,,,,"Set torque = 0"
116120,RX,0x181,6,0x40,0x40,0x11,0x43,0x80,0x00,0x0B,,"Status word = 0x4311"
116127,TX,0x201,3,0x90,0x90,0x00,0x00,,,,,"Set torque = 0"
116133,RX,0x181,4,0x30,0x30,0x00,0x00,0x01,,,,"Speed feedback = 0 rpm"
116153,TX,0x201,3,0x90,0x90,0x00,0x00,,,,,"Set torque = 0"
116180,TX,0x201,3,0x90,0x90,0x00,0x00,,,,,"Set torque = 0"
116206,TX,0x201,3,0x90,0x90,0x00,0x00,,,,,"Set torque = 0"
116220,RX,0x181,6,0x40,0x40,0x11,0x43,0x80,0x00,0x0B,,"Status word = 0x4311"
116227,RX,0x181,4,0x30,0x30,0x00,0x00,0x01,,,,"Speed feedback = 0 rpm"
116234,TX,0x201,3,0x90,0x90,0x00,0x00,,,,,"Set torque = 0"
116261,TX,0x201,3,0x90,0x90,0x00,0x00,,,,,"Set torque = 0"
116287,TX,0x201,3,0x90,0x90,0x00,0x00,,,,,"Set torque = 0"
116313,TX,0x201,3,0x90,0x90,0x00,0x00,,,,,"Set torque = 0"
116320,RX,0x181,6,0x40,0x40,0x11,0x43,0x80,0x00,0x0B,,"Status word = 0x4311"
116327,RX,0x181,4,0x30,0x30,0x00,0x00,0x01,,,,"Speed feedback = 0 rpm"
116339,TX,0x201,3,0x90,0x90,0x00,0x00,,,,,"Set torque = 0"
116365,TX,0x201,3,0x90,0x90,0x00,0x00,,,,,"Set torque = 0"
116391,TX,0x201,3,0x90,0x90,0x00,0x00,,,,,"Set torque = 0"
116417,TX,0x201,3,0x90,0x90,0x00,0x00,,,,,"Set torque = 0"
116423,RX,0x181,6,0x40,0x40,0x11,0x43,0x80,0x00,0x0B,,"Status word = 0x4311"
116430,RX,0x181,4,0x30,0x30,0x00,0x00,0x01,,,,"Speed feedback = 0 rpm"
116443,TX,0x201,3,0x90,0x90,0x00,0x00,,,,,"Set torque = 0"
116469,TX,0x201,3,0x90,0x90,0x00,0x00,,,,,"Set torque = 0"
116496,TX,0x201,3,0x90,0x90,0x00,0x00,,,,,"Set torque = 0"
116520,RX,0x181,6,0x40,0x40,0x11,0x43,0x80,0x00,0x0B,,"Status word = 0x4311"
116527,TX,0x201,3,0x90,0x90,0x00,0x00,,,,,"Set torque = 0"
116533,RX,0x181,4,0x30,0x30,0x00,0x00,0x01,,,,"Speed feedback = 0 rpm"
116553,TX,0x201,3,0x90,0x90,0x00,0x00,,,,,"Set torque = 0"
116579,TX,0x201,3,0x90,0x90,0x00,0x00,,,,,"Set torque = 0"
116605,TX,0x201,3,0x90,0x90,0x00,0x00,,,,,"Set torque = 0"
116620,RX,0x181,6,0x40,0x40,0x11,0x43,0x80,0x00,0x0B,,"Status word = 0x4311"
116627,RX,0x181,4,0x30,0x30,0x00,0x00,0x01,,,,"Speed feedback = 0 rpm"
116634,TX,0x201,3,0x90,0x90,0x00,0x00,,,,,"Set torque = 0"
116661,TX,0x201,3,0x90,0x90,0x00,0x00,,,,,"Set torque = 0"
116687,TX,0x201,3,0x90,0x90,0x00,0x00,,,,,"Set torque = 0"
116713,TX,0x201,3,0x90,0x90,0x00,0x00,,,,,"Set torque = 0"
116719,RX,0x181,6,0x40,0x40,0x11,0x43,0x80,0x00,0x0B,,"Status word = 0x4311"
116726,RX,0x181,4,0x30,0x30,0x00,0x00,0x01,,,,"Speed feedback = 0 rpm"
116739,TX,0x201,3,0x90,0x90,0x00,0x00,,,,,"Set torque = 0"
116765,TX,0x201,3,0x90,0x90,0x00,0x00,,,,,"Set torque = 0"
116791,TX,0x201,3,0x90,0x90,0x00,0x00,,,,,"Set torque = 0"
116818,TX,0x201,3,0x90,0x90,0x00,0x00,,,,,"Set torque = 0"
116826,RX,0x181,6,0x40,0x40,0x11,0x43,0x80,0x00,0x0B,,"Status word = 0x4311"
116832,RX,0x181,4,0x30,0x30,0x00,0x00,0x01,,,,"Speed feedback = 0 rpm"
116846,TX,0x201,3,0x90,0x90,0x00,0x00,,,,,"Set torque = 0"
116872,TX,0x201,3,0x90,0x90,0x00,0x00,,,,,"Set torque = 0"
116898,TX,0x201,3,0x90,0x90,0x00,0x00,,,,,"Set torque = 0"
116919,RX,0x181,6,0x40,0x40,0x11,0x43,0x80,0x00,0x0B,,"Status word = 0x4311"
116926,TX,0x201,3,0x90,0x90,0x00,0x00,,,,,"Set torque = 0"
116933,RX,0x181,4,0x30,0x30,0x00,0x00,0x01,,,,"Speed feedback = 0 rpm"
116953,TX,0x201,3,0x90,0x90,0x00,0x00,,,,,"Set torque = 0"
116979,TX,0x201,3,0x90,0x90,0x00,0x00,,,,,"Set torque = 0"
117005,TX,0x201,3,0x90,0x90,0x00,0x00,,,,,"Set torque = 0"
117019,RX,0x181,6,0x40,0x40,0x11,0x43,0x80,0x00,0x0B,,"Status word = 0x4311"
117026,RX,0x181,4,0x30,0x30,0x00,0x00,0x01,,,,"Speed feedback = 0 rpm"
117033,TX,0x201,3,0x90,0x90,0x00,0x00,,,,,"Set torque = 0"
117059,TX,0x201,3,0x90,0x90,0x00,0x00,,,,,"Set torque = 0"
117085,TX,0x201,3,0x90,0x90,0x00,0x00,,,,,"Set torque = 0"
117111,TX,0x201,3,0x90,0x90,0x00,0x00,,,,,"Set torque = 0"
117119,RX,0x181,6,0x40,0x40,0x11,0x43,0x80,0x00,0x0B,,"Status word = 0x4311"
117126,RX,0x181,4,0x30,0x30,0x00,0x00,0x01,,,,"Speed feedback = 0 rpm"
117138,TX,0x201,3,0x90,0x90,0x00,0x00,,,,,"Set torque = 0"
117164,TX,0x201,3,0x90,0x90,0x00,0x00,,,,,"Set torque = 0"
117190,TX,0x201,3,0x90,0x90,0x00,0x00,,,,,"Set torque = 0"
117216,TX,0x201,3,0x90,0x90,0x00,0x00,,,,,"Set torque = 0"
117222,RX,0x181,6,0x40,0x40,0x11,0x43,0x80,0x00,0x0B,,"Status word = 0x4311"
117228,RX,0x181,4,0x30,0x30,0x00,0x00,0x01,,,,"Speed feedback = 0 rpm"
117242,TX,0x201,3,0x90,0x90,0x00,0x00,,,,,"Set torque = 0"
117269,TX,0x201,3,0x90,0x90,0x00,0x00,,,,,"Set torque = 0"
117295,TX,0x201,3,0x90,0x90,0x00,0x00,,,,,"Set torque = 0"
117319,RX,0x181,6,0x40,0x40,0x11,0x43,0x80,0x00,0x0B,,"Status word = 0x4311"
117325,TX,0x201,3,0x90,0x90,0x00,0x00,,,,,"Set torque = 0"
117332,RX,0x181,4,0x30,0x30,0x00,0x00,0x01,,,,"Speed feedback = 0 rpm"
117352,TX,0x201,3,0x90,0x90,0x00,0x00,,,,,"Set torque = 0"
117378,TX,0x201,3,0x90,0x90,0x00,0x00,,,,,"Set torque = 0"
117404,TX,0x201,3,0x90,0x90,0x00,0x00,,,,,"Set torque = 0"
117418,RX,0x181,6,0x40,0x40,0x11,0x43,0x80,0x00,0x0B,,"Status word = 0x4311"
117426,RX,0x181,4,0x30,0x30,0x00,0x00,0x01,,,,"Speed feedback = 0 rpm"
117432,TX,0x201,3,0x90,0x90,0x00,0x00,,,,,"Set torque = 0"
117459,TX,0x201,3,0x90,0x90,0x00,0x00,,,,,"Set torque = 0"
117485,TX,0x201,3,0x90,0x90,0x00,0x00,,,,,"Set torque = 0"
117511,TX,0x201,3,0x90,0x90,0x00,0x00,,,,,"Set torque = 0"
117518,RX,0x181,6,0x40,0x40,0x11,0x43,0x80,0x00,0x0B,,"Status word = 0x4311"
117525,RX,0x181,4,0x30,0x30,0x00,0x00,0x01,,,,"Speed feedback = 0 rpm"
117537,TX,0x201,3,0x90,0x90,0x00,0x00,,,,,"Set torque = 0"
117563,TX,0x201,3,0x90,0x90,0x00,0x00,,,,,"Set torque = 0"
117590,TX,0x201,3,0x90,0x90,0x00,0x00,,,,,"Set torque = 0"
117616,TX,0x201,3,0x90,0x90,0x00,0x00,,,,,"Set torque = 0"
117622,RX,0x181,6,0x40,0x40,0x11,0x43,0x80,0x00,0x0B,,"Status word = 0x4311"
117629,RX,0x181,4,0x30,0x30,0x00,0x00,0x01,,,,"Speed feedback = 0 rpm"
117642,TX,0x201,3,0x90,0x90,0x00,0x00,,,,,"Set torque = 0"
117668,TX,0x201,3,0x90,0x90,0x00,0x00,,,,,"Set torque = 0"
117694,TX,0x201,3,0x90,0x90,0x00,0x00,,,,,"Set torque = 0"
117718,RX,0x181,6,0x40,0x40,0x11,0x43,0x80,0x00,0x0B,,"Status word = 0x4311"
117725,TX,0x201,3,0x90,0x90,0x00,0x00,,,,,"Set torque = 0"
117732,RX,0x181,4,0x30,0x30,0x00,0x00,0x01,,,,"Speed feedback = 0 rpm"
117752,TX,0x201,3,0x90,0x90,0x00,0x00,,,,,"Set torque = 0"
117778,TX,0x201,3,0x90,0x90,0x00,0x00,,,,,"Set torque = 0"
117804,TX,0x201,3,0x90,0x90,0x00,0x00,,,,,"Set torque = 0"
117818,RX,0x181,6,0x40,0x40,0x11,0x43,0x80,0x00,0x0B,,"Status word = 0x4311"
117825,RX,0x181,4,0x30,0x30,0x00,0x00,0x01,,,,"Speed feedback = 0 rpm"
117831,TX,0x201,3,0x90,0x90,0x00,0x00,,,,,"Set torque = 0"
117858,TX,0x201,3,0x90,0x90,0x00,0x00,,,,,"Set torque = 0"
117884,TX,0x201,3,0x90,0x90,0x00,0x00,,,,,"Set torque = 0"
117911,TX,0x201,3,0x90,0x90,0x00,0x00,,,,,"Set torque = 0"
117920,RX,0x181,6,0x40,0x40,0x11,0x43,0x80,0x00,0x0B,,"Status word = 0x4311"
117927,RX,0x181,4,0x30,0x30,0x00,0x00,0x01,,,,"Speed feedback = 0 rpm"
117940,TX,0x201,3,0x90,0x90,0x00,0x00,,,,,"Set torque = 0"
117966,TX,0x201,3,0x90,0x90,0x00,0x00,,,,,"Set torque = 0"
117992,TX,0x201,3,0x90,0x90,0x00,0x00,,,,,"Set torque = 0"
118017,RX,0x181,6,0x40,0x40,0x11,0x43,0x80,0x00,0x0B,,"Status word = 0x4311"
118024,TX,0x201,3,0x90,0x90,0x00,0x00,,,,,"Set torque = 0"
118031,RX,0x181,4,0x30,0x30,0x00,0x00,0x01,,,,"Speed feedback = 0 rpm"
118051,TX,0x201,3,0x90,0x90,0x00,0x00,,,,,"Set torque = 0"
118077,TX,0x201,3,0x90,0x90,0x00,0x00,,,,,"Set torque = 0"
118105,TX,0x201,3,0x90,0x90,0x00,0x00,,,,,"Set torque = 0"
118117,RX,0x181,6,0x40,0x40,0x11,0x43,0x80,0x00,0x0B,,"Status word = 0x4311"
118124,RX,0x181,4,0x30,0x30,0x00,0x00,0x01,,,,"Speed feedback = 0 rpm"
118131,TX,0x201,3,0x90,0x90,0x00,0x00,,,,,"Set torque = 0"
118158,TX,0x201,3,0x90,0x90,0x00,0x00,,,,,"Set torque = 0"
118184,TX,0x201,3,0x90,0x90,0x00,0x00,,,,,"Set torque = 0"
118210,TX,0x201,3,0x90,0x90,0x00,0x00,,,,,"Set torque = 0"
118217,RX,0x181,6,0x40,0x40,0x11,0x43,0x80,0x00,0x0B,,"Status word = 0x4311"
118224,RX,0x181,4,0x30,0x30,0x00,0x00,0x01,,,,"Speed feedback = 0 rpm"
118236,TX,0x201,3,0x90,0x90,0x00,0x00,,,,,"Set torque = 0"
118262,TX,0x201,3,0x90,0x90,0x00,0x00,,,,,"Set torque = 0"
118288,TX,0x201,3,0x90,0x90,0x00,0x00,,,,,"Set torque = 0"
118314,TX,0x201,3,0x90,0x90,0x00,0x00,,,,,"Set torque = 0"
118320,RX,0x181,6,0x40,0x40,0x11,0x43,0x80,0x00,0x0B,,"Status word = 0x4311"
118326,RX,0x181,4,0x30,0x30,0x00,0x00,0x01,,,,"Speed feedback = 0 rpm"
118340,TX,0x201,3,0x90,0x90,0x00,0x00,,,,,"Set torque = 0"
118366,TX,0x201,3,0x90,0x90,0x00,0x00,,,,,"Set torque = 0"
118392,TX,0x201,3,0x90,0x90,0x00,0x00,,,,,"Set torque = 0"
118417,RX,0x181,6,0x40,0x40,0x11,0x43,0x80,0x00,0x0B,,"Status word = 0x4311"
118424,TX,0x201,3,0x90,0x90,0x00,0x00,,,,,"Set torque = 0"
118430,RX,0x181,4,0x30,0x30,0x00,0x00,0x01,,,,"Speed feedback = 0 rpm"
118450,TX,0x201,3,0x90,0x90,0x00,0x00,,,,,"Set torque = 0"
118476,TX,0x201,3,0x90,0x90,0x00,0x00,,,,,"Set torque = 0"
118502,TX,0x201,3,0x90,0x90,0x00,0x00,,,,,"Set torque = 0"
118517,RX,0x181,6,0x40,0x40,0x11,0x43,0x80,0x00,0x0B,,"Status word = 0x4311"
118524,RX,0x181,4,0x30,0x30,0x00,0x00,0x01,,,,"Speed feedback = 0 rpm"
118530,TX,0x201,3,0x90,0x90,0x00,0x00,,,,,"Set torque = 0"
118557,TX,0x201,3,0x90,0x90,0x00,0x00,,,,,"Set torque = 0"
118583,TX,0x201,3,0x90,0x90,0x00,0x00,,,,,"Set torque = 0"
118609,TX,0x201,3,0x90,0x90,0x00,0x00,,,,,"Set torque = 0"
118616,RX,0x181,6,0x40,0x40,0x11,0x43,0x80,0x00,0x0B,,"Status word = 0x4311"
118623,RX,0x181,4,0x30,0x30,0x00,0x00,0x01,,,,"Speed feedback = 0 rpm"
118635,TX,0x201,3,0x90,0x90,0x00,0x00,,,,,"Set torque = 0"
118662,TX,0x201,3,0x90,0x90,0x00,0x00,,,,,"Set torque = 0"
118688,TX,0x201,3,0x90,0x90,0x00,0x00,,,,,"Set torque = 0"
118714,TX,0x201,3,0x90,0x90,0x00,0x00,,,,,"Set torque = 0"
118720,RX,0x181,6,0x40,0x40,0x11,0x43,0x80,0x00,0x0B,,"Status word = 0x4311"
118727,RX,0x181,4,0x30,0x30,0x00,0x00,0x01,,,,"Speed feedback = 0 rpm"
118740,TX,0x201,3,0x90,0x90,0x00,0x00,,,,,"Set torque = 0"
118766,TX,0x201,3,0x90,0x90,0x00,0x00,,,,,"Set torque = 0"
118792,TX,0x201,3,0x90,0x90,0x00,0x00,,,,,"Set torque = 0"
118816,RX,0x181,6,0x40,0x40,0x11,0x43,0x80,0x00,0x0B,,"Status word = 0x4311"
118823,RX,0x181,4,0x30,0x30,0x00,0x00,0x01,,,,"Speed feedback = 0 rpm"
118830,TX,0x201,3,0x90,0x90,0x00,0x00,,,,,"Set torque = 0"
118857,TX,0x201,3,0x90,0x90,0x00,0x00,,,,,"Set torque = 0"
118883,TX,0x201,3,0x90,0x90,0x00,0x00,,,,,"Set torque = 0"
118909,TX,0x201,3,0x90,0x90,0x00,0x00,,,,,"Set torque = 0"
118916,RX,0x181,6,0x40,0x40,0x11,0x43,0x80,0x00,0x0B,,"Status word = 0x4311"
118923,RX,0x181,4,0x30,0x30,0x00,0x00,0x01,,,,"Speed feedback = 0 rpm"
118935,TX,0x201,3,0x90,0x90,0x00,0x00,,,,,"Set torque = 0"
118961,TX,0x201,3,0x90,0x90,0x00,0x00,,,,,"Set torque = 0"
118988,TX,0x201,3,0x90,0x90,0x00,0x00,,,,,"Set torque = 0"
119014,TX,0x201,3,0x90,0x90,0x00,0x00,,,,,"Set torque = 0"
119020,RX,0x181,6,0x40,0x40,0x11,0x43,0x80,0x00,0x0B,,"Status word = 0x4311"
119026,RX,0x181,4,0x30,0x30,0x00,0x00,0x01,,,,"Speed feedback = 0 rpm"
119040,TX,0x201,3,0x90,0x90,0x00,0x00,,,,,"Set torque = 0"
119066,TX,0x201,3,0x90,0x90,0x00,0x00,,,,,"Set torque = 0"
119092,TX,0x201,3,0x90,0x90,0x00,0x00,,,,,"Set torque = 0"
119116,RX,0x181,6,0x40,0x40,0x11,0x43,0x80,0x00,0x0B,,"Status word = 0x4311"
119122,TX,0x201,3,0x90,0x90,0x00,0x00,,,,,"Set torque = 0"
119130,RX,0x181,4,0x30,0x30,0x00,0x00,0x01,,,,"Speed feedback = 0 rpm"
119150,TX,0x201,3,0x90,0x90,0x00,0x00,,,,,"Set torque = 0"
119176,TX,0x201,3,0x90,0x90,0x00,0x00,,,,,"Set torque = 0"
119202,TX,0x201,3,0x90,0x90,0x00,0x00,,,,,"Set torque = 0"
119216,RX,0x181,6,0x40,0x40,0x11,0x43,0x80,0x00,0x0B,,"Status word = 0x4311"
119222,RX,0x181,4,0x30,0x30,0x00,0x00,0x01,,,,"Speed feedback = 0 rpm"
119229,TX,0x201,3,0x90,0x90,0x00,0x00,,,,,"Set torque = 0"
119256,TX,0x201,3,0x90,0x90,0x00,0x00,,,,,"Set torque = 0"
119282,TX,0x201,3,0x90,0x90,0x00,0x00,,,,,"Set torque = 0"
119309,TX,0x201,3,0x90,0x90,0x00,0x00,,,,,"Set torque = 0"
119315,RX,0x181,6,0x40,0x40,0x11,0x43,0x80,0x00,0x0B,,"Status word = 0x4311"
119322,RX,0x181,4,0x30,0x30,0x00,0x00,0x01,,,,"Speed feedback = 0 rpm"
119335,TX,0x201,3,0x90,0x90,0x00,0x00,,,,,"Set torque = 0"
119361,TX,0x201,3,0x90,0x90,0x00,0x00,,,,,"Set torque = 0"
119387,TX,0x201,3,0x90,0x90,0x00,0x00,,,,,"Set torque = 0"
119413,TX,0x201,3,0x90,0x90,0x00,0x00,,,,,"Set torque = 0"
119419,RX,0x181,6,0x40,0x40,0x11,0x43,0x80,0x00,0x0B,,"Status word = 0x4311"
119426,RX,0x181,4,0x30,0x30,0x00,0x00,0x01,,,,"Speed feedback = 0 rpm"
119439,TX,0x201,3,0x90,0x90,0x00,0x00,,,,,"Set torque = 0"
119465,TX,0x201,3,0x90,0x90,0x00,0x00,,,,,"Set torque = 0"
119491,TX,0x201,3,0x90,0x90,0x00,0x00,,,,,"Set torque = 0"
119515,RX,0x181,6,0x40,0x40,0x11,0x43,0x80,0x00,0x0B,,"Status word = 0x4311"
119522,TX,0x201,3,0x90,0x90,0x00,0x00,,,,,"Set torque = 0"
119529,RX,0x181,4,0x30,0x30,0x00,0x00,0x01,,,,"Speed feedback = 0 rpm"
119549,TX,0x201,3,0x90,0x90,0x00,0x00,,,,,"Set torque = 0"
119575,TX,0x201,3,0x90,0x90,0x00,0x00,,,,,"Set torque = 0"
119601,TX,0x201,3,0x90,0x90,0x00,0x00,,,,,"Set torque = 0"
119615,RX,0x181,6,0x40,0x40,0x11,0x43,0x80,0x00,0x0B,,"Status word = 0x4311"
119622,RX,0x181,4,0x30,0x30,0x00,0x00,0x01,,,,"Speed feedback = 0 rpm"
119629,TX,0x201,3,0x90,0x90,0x00,0x00,,,,,"Set torque = 0"
119655,TX,0x201,3,0x90,0x90,0x00,0x00,,,,,"Set torque = 0"
119681,TX,0x201,3,0x90,0x90,0x00,0x00,,,,,"Set torque = 0"
119707,TX,0x201,3,0x90,0x90,0x00,0x00,,,,,"Set torque = 0"
119715,RX,0x181,6,0x40,0x40,0x11,0x43,0x80,0x00,0x0B,,"Status word = 0x4311"
119722,RX,0x181,4,0x30,0x30,0x00,0x00,0x01,,,,"Speed feedback = 0 rpm"
119733,TX,0x201,3,0x90,0x90,0x00,0x00,,,,,"Set torque = 0"
119760,TX,0x201,3,0x90,0x90,0x00,0x00,,,,,"Set torque = 0"
119786,TX,0x201,3,0x90,0x90,0x00,0x00,,,,,"Set torque = 0"
119812,TX,0x201,3,0x90,0x90,0x00,0x00,,,,,"Set torque = 0"
119818,RX,0x181,6,0x40,0x40,0x11,0x43,0x80,0x00,0x0B,,"Status word = 0x4311"
119825,RX,0x181,4,0x30,0x30,0x00,0x00,0x01,,,,"Speed feedback = 0 rpm"
119838,TX,0x201,3,0x90,0x90,0x00,0x00,,,,,"Set torque = 0"
119864,TX,0x201,3,0x90,0x90,0x00,0x00,,,,,"Set torque = 0"
119890,TX,0x201,3,0x90,0x90,0x00,0x00,,,,,"Set torque = 0"
119914,RX,0x181,6,0x40,0x40,0x11,0x43,0x80,0x00,0x0B,,"Status word = 0x4311"
119922,RX,0x181,4,0x30,0x30,0x00,0x00,0x01,,,,"Speed feedback = 0 rpm"
119928,TX,0x201,3,0x90,0x90,0x00,0x00,,,,,"Set torque = 0"
119955,TX,0x201,3,0x90,0x90,0x00,0x00,,,,,"Set torque = 0"
119981,TX,0x201,3,0x90,0x90,0x00,0x00,,,,,"Set torque = 0"
120007,TX,0x201,3,0x90,0x90,0x00,0x00,,,,,"Set torque = 0"
120014,RX,0x181,6,0x40,0x40,0x11,0x43,0x80,0x00,0x0B,,"Status word = 0x4311"
120021,RX,0x181,4,0x30,0x30,0x00,0x00,0x01,,,,"Speed feedback = 0 rpm"
120033,TX,0x201,3,0x90,0x90,0x00,0x00,,,,,"Set torque = 0"
120059,TX,0x201,3,0x90,0x90,0x00,0x00,,,,,"Set torque = 0"
120086,TX,0x201,3,0x90,0x90,0x00,0x00,,,,,"Set torque = 0"
120112,TX,0x201,3,0x90,0x90,0x00,0x00,,,,,"Set torque = 0"
120118,RX,0x181,6,0x40,0x40,0x11,0x43,0x80,0x00,0x0B,,"Status word = 0x4311"
120124,RX,0x181,4,0x30,0x30,0x00,0x00,0x01,,,,"Speed feedback = 0 rpm"
120138,TX,0x201,3,0x90,0x90,0x00,0x00,,,,,"Set torque = 0"
120164,TX,0x201,3,0x90,0x90,0x00,0x00,,,,,"Set torque = 0"
120190,TX,0x201,3,0x90,0x90,0x00,0x00,,,,,"Set torque = 0"
120214,RX,0x181,6,0x40,0x40,0x11,0x43,0x80,0x00,0x0B,,"Status word = 0x4311"
120221,TX,0x201,3,0x90,0x90,0x00,0x00,,,,,"Set torque = 0"
120228,RX,0x181,4,0x30,0x30,0x00,0x00,0x01,,,,"Speed feedback = 0 rpm"
120248,TX,0x201,3,0x90,0x90,0x00,0x00,,,,,"Set torque = 0"
120274,TX,0x201,3,0x90,0x90,0x00,0x00,,,,,"Set torque = 0"
120300,TX,0x201,3,0x90,0x90,0x00,0x00,,,,,"Set torque = 0"
120314,RX,0x181,6,0x40,0x40,0x11,0x43,0x80,0x00,0x0B,,"Status word = 0x4311"
120321,RX,0x181,4,0x30,0x30,0x00,0x00,0x01,,,,"Speed feedback = 0 rpm"
120328,TX,0x201,3,0x90,0x90,0x00,0x00,,,,,"Set torque = 0"
120354,TX,0x201,3,0x90,0x90,0x00,0x00,,,,,"Set torque = 0"
120380,TX,0x201,3,0x90,0x90,0x00,0x00,,,,,"Set torque = 0"
120407,TX,0x201,3,0x90,0x90,0x00,0x00,,,,,"Set torque = 0"
120414,RX,0x181,6,0x40,0x40,0x11,0x43,0x80,0x00,0x0B,,"Status word = 0x4311"
120421,RX,0x181,4,0x30,0x30,0x00,0x00,0x01,,,,"Speed feedback = 0 rpm"
120433,TX,0x201,3,0x90,0x90,0x00,0x00,,,,,"Set torque = 0"
120459,TX,0x201,3,0x90,0x90,0x00,0x00,,,,,"Set torque = 0"
120485,TX,0x201,3,0x90,0x90,0x00,0x00,,,,,"Set torque = 0"
120511,TX,0x201,3,0x90,0x90,0x00,0x00,,,,,"Set torque = 0"
120517,RX,0x181,6,0x40,0x40,0x11,0x43,0x80,0x00,0x0B,,"Status word = 0x4311"
120524,RX,0x181,4,0x30,0x30,0x00,0x00,0x01,,,,"Speed feedback = 0 rpm"
120537,TX,0x201,3,0x90,0x90,0x00,0x00,,,,,"Set torque = 0"
120563,TX,0x201,3,0x90,0x90,0x00,0x00,,,,,"Set torque = 0"
120589,TX,0x201,3,0x90,0x90,0x00,0x00,,,,,"Set torque = 0"
120613,RX,0x181,6,0x40,0x40,0x11,0x43,0x80,0x00,0x0B,,"Status word = 0x4311"
120620,TX,0x201,3,0x90,0x90,0x00,0x00,,,,,"Set torque = 0"
120627,RX,0x181,4,0x30,0x30,0x00,0x00,0x01,,,,"Speed feedback = 0 rpm"
120647,TX,0x201,3,0x90,0x90,0x00,0x00,,,,,"Set torque = 0"
120673,TX,0x201,3,0x90,0x90,0x00,0x00,,,,,"Set torque = 0"
120699,TX,0x201,3,0x90,0x90,0x00,0x00,,,,,"Set torque = 0"
120713,RX,0x181,6,0x40,0x40,0x11,0x43,0x80,0x00,0x0B,,"Status word = 0x4311"
120720,RX,0x181,4,0x30,0x30,0x00,0x00,0x01,,,,"Speed feedback = 0 rpm"
120727,TX,0x201,3,0x90,0x90,0x00,0x00,,,,,"Set torque = 0"
120754,TX,0x201,3,0x90,0x90,0x00,0x00,,,,,"Set torque = 0"
120780,TX,0x201,3,0x90,0x90,0x00,0x00,,,,,"Set torque = 0"
120806,TX,0x201,3,0x90,0x90,0x00,0x00,,,,,"Set torque = 0"
120813,RX,0x181,6,0x40,0x40,0x11,0x43,0x80,0x00,0x0B,,"Status word = 0x4311"
120820,RX,0x181,4,0x30,0x30,0x00,0x00,0x01,,,,"Speed feedback = 0 rpm"
120832,TX,0x201,3,0x90,0x90,0x00,0x00,,,,,"Set torque = 0"
120859,TX,0x201,3,0x90,0x90,0x00,0x00,,,,,"Set torque = 0"
120885,TX,0x201,3,0x90,0x90,0x00,0x00,,,,,"Set torque = 0"
120911,TX,0x201,3,0x90,0x90,0x00,0x00,,,,,"Set torque = 0"
120917,RX,0x181,6,0x40,0x40,0x11,0x43,0x80,0x00,0x0B,,"Status word = 0x4311"
120924,RX,0x181,4,0x30,0x30,0x00,0x00,0x01,,,,"Speed feedback = 0 rpm"
120937,TX,0x201,3,0x90,0x90,0x00,0x00,,,,,"Set torque = 0"
120963,TX,0x201,3,0x90,0x90,0x00,0x00,,,,,"Set torque = 0"
120989,TX,0x201,3,0x90,0x90,0x00,0x00,,,,,"Set torque = 0"
121013,RX,0x181,6,0x40,0x40,0x11,0x43,0x80,0x00,0x0B,,"Status word = 0x4311"
121020,RX,0x181,4,0x30,0x30,0x00,0x00,0x01,,,,"Speed feedback = 0 rpm"
121027,TX,0x201,3,0x90,0x90,0x00,0x00,,,,,"Set torque = 0"
121053,TX,0x201,3,0x90,0x90,0x00,0x00,,,,,"Set torque = 0"
121079,TX,0x201,3,0x90,0x90,0x00,0x00,,,,,"Set torque = 0"
121105,TX,0x201,3,0x90,0x90,0x00,0x00,,,,,"Set torque = 0"
121112,RX,0x181,6,0x40,0x40,0x11,0x43,0x80,0x00,0x0B,,"Status word = 0x4311"
121119,RX,0x181,4,0x30,0x30,0x00,0x00,0x01,,,,"Speed feedback = 0 rpm"
121131,TX,0x201,3,0x90,0x90,0x00,0x00,,,,,"Set torque = 0"
121157,TX,0x201,3,0x90,0x90,0x00,0x00,,,,,"Set torque = 0"
121184,TX,0x201,3,0x90,0x90,0x00,0x00,,,,,"Set torque = 0"
121212,TX,0x201,3,0x90,0x90,0x00,0x00,,,,,"Set torque = 0"
121218,RX,0x181,6,0x40,0x40,0x11,0x43,0x80,0x00,0x0B,,"Status word = 0x4311"
121225,RX,0x181,4,0x30,0x30,0x00,0x00,0x01,,,,"Speed feedback = 0 rpm"
121238,TX,0x201,3,0x90,0x90,0x00,0x00,,,,,"Set torque = 0"
121264,TX,0x201,3,0x90,0x90,0x00,0x00,,,,,"Set torque = 0"
121290,TX,0x201,3,0x90,0x90,0x00,0x00,,,,,"Set torque = 0"
121312,RX,0x181,6,0x40,0x40,0x11,0x43,0x80,0x00,0x0B,,"Status word = 0x4311"
121319,RX,0x181,4,0x30,0x30,0x00,0x00,0x01,,,,"Speed feedback = 0 rpm"
121326,TX,0x201,3,0x90,0x90,0x00,0x00,,,,,"Set torque = 0"
121353,TX,0x201,3,0x90,0x90,0x00,0x00,,,,,"Set torque = 0"
121379,TX,0x201,3,0x90,0x90,0x00,0x00,,,,,"Set torque = 0"
121405,TX,0x201,3,0x90,0x90,0x00,0x00,,,,,"Set torque = 0"
121412,RX,0x181,6,0x40,0x40,0x11,0x43,0x80,0x00,0x0B,,"Status word = 0x4311"
121420,RX,0x181,4,0x30,0x30,0x00,0x00,0x01,,,,"Speed feedback = 0 rpm"
121431,TX,0x201,3,0x90,0x90,0x00,0x00,,,,,"Set torque = 0"
121457,TX,0x201,3,0x90,0x90,0x00,0x00,,,,,"Set torque = 0"
121483,TX,0x201,3,0x90,0x90,0x00,0x00,,,,,"Set torque = 0"
121509,TX,0x201,3,0x90,0x90,0x00,0x00,,,,,"Set torque = 0"
121515,RX,0x181,6,0x40,0x40,0x11,0x43,0x80,0x00,0x0B,,"Status word = 0x4311"
121522,RX,0x181,4,0x30,0x30,0x00,0x00,0x01,,,,"Speed feedback = 0 rpm"
121535,TX,0x201,3,0x90,0x90,0x00,0x00,,,,,"Set torque = 0"
121561,TX,0x201,3,0x90,0x90,0x00,0x00,,,,,"Set torque = 0"
121587,TX,0x201,3,0x90,0x90,0x00,0x00,,,,,"Set torque = 0"
121612,RX,0x181,6,0x40,0x40,0x11,0x43,0x80,0x00,0x0B,,"Status word = 0x4311"
121618,TX,0x201,3,0x90,0x90,0x00,0x00,,,,,"Set torque = 0"
121625,RX,0x181,4,0x30,0x30,0x00,0x00,0x01,,,,"Speed feedback = 0 rpm"
121645,TX,0x201,3,0x90,0x90,0x00,0x00,,,,,"Set torque = 0"
121671,TX,0x201,3,0x90,0x90,0x00,0x00,,,,,"Set torque = 0"
121697,TX,0x201,3,0x90,0x90,0x00,0x00,,,,,"Set torque = 0"
121712,RX,0x181,6,0x40,0x40,0x11,0x43,0x80,0x00,0x0B,,"Status word = 0x4311"
121719,RX,0x181,4,0x30,0x30,0x00,0x00,0x01,,,,"Speed feedback = 0 rpm"
121725,TX,0x201,3,0x90,0x90,0x00,0x00,,,,,"Set torque = 0"
121750,TX,0x201,3,0x90,0x90,0x00,0x00,,,,,"Set torque = 0"
121776,TX,0x201,3,0x90,0x90,0x00,0x00,,,,,"Set torque = 0"
121803,TX,0x201,3,0x90,0x90,0x00,0x00,,,,,"Set torque = 0"
121811,RX,0x181,6,0x40,0x40,0x11,0x43,0x80,0x00,0x0B,,"Status word = 0x4311"
121818,RX,0x181,4,0x30,0x30,0x00,0x00,0x01,,,,"Speed feedback = 0 rpm"
121829,TX,0x201,3,0x90,0x90,0x00,0x00,,,,,"Set torque = 0"
121855,TX,0x201,3,0x90,0x90,0x00,0x00,,,,,"Set torque = 0"
121881,TX,0x201,3,0x90,0x90,0x00,0x00,,,,,"Set torque = 0"
121907,TX,0x201,3,0x90,0x90,0x00,0x00,,,,,"Set torque = 0"
121913,RX,0x181,6,0x40,0x40,0x11,0x43,0x80,0x00,0x0B,,"Status word = 0x4311"
121920,RX,0x181,4,0x30,0x30,0x00,0x00,0x01,,,,"Speed feedback = 0 rpm"
121933,TX,0x201,3,0x90,0x90,0x00,0x00,,,,,"Set torque = 0"
121959,TX,0x201,3,0x90,0x90,0x00,0x00,,,,,"Set torque = 0"
121985,TX,0x201,3,0x90,0x90,0x00,0x00,,,,,"Set torque = 0"
122011,TX,0x201,3,0x90,0x90,0x00,0x00,,,,,"Set torque = 0"
122017,RX,0x181,6,0x40,0x40,0x11,0x43,0x80,0x00,0x0B,,"Status word = 0x4311"
122024,RX,0x181,4,0x30,0x30,0x00,0x00,0x01,,,,"Speed feedback = 0 rpm"
122037,TX,0x201,3,0x90,0x90,0x00,0x00,,,,,"Set torque = 0"
122063,TX,0x201,3,0x90,0x90,0x00,0x00,,,,,"Set torque = 0"
122089,TX,0x201,3,0x90,0x90,0x00,0x00,,,,,"Set torque = 0"
122111,RX,0x181,6,0x40,0x40,0x11,0x43,0x80,0x00,0x0B,,"Status word = 0x4311"
122118,TX,0x201,3,0x90,0x90,0x00,0x00,,,,,"Set torque = 0"
122124,RX,0x181,4,0x30,0x30,0x00,0x00,0x01,,,,"Speed feedback = 0 rpm"
122144,TX,0x201,3,0x90,0x90,0x00,0x00,,,,,"Set torque = 0"
122170,TX,0x201,3,0x90,0x90,0x00,0x00,,,,,"Set torque = 0"
122196,TX,0x201,3,0x90,0x90,0x00,0x00,,,,,"Set torque = 0"
122211,RX,0x181,6,0x40,0x40,0x11,0x43,0x80,0x00,0x0B,,"Status word = 0x4311"
122218,RX,0x181,4,0x30,0x30,0x00,0x00,0x01,,,,"Speed feedback = 0 rpm"
122225,TX,0x201,3,0x90,0x90,0x00,0x00,,,,,"Set torque = 0"
122252,TX,0x201,3,0x90,0x90,0x00,0x00,,,,,"Set torque = 0"
122278,TX,0x201,3,0x90,0x90,0x00,0x00,,,,,"Set torque = 0"
122307,TX,0x201,3,0x90,0x90,0x00,0x00,,,,,"Set torque = 0"
122313,RX,0x181,6,0x40,0x40,0x11,0x43,0x80,0x00,0x0B,,"Status word = 0x4311"
122320,RX,0x181,4,0x30,0x30,0x00,0x00,0x01,,,,"Speed feedback = 0 rpm"
122333,TX,0x201,3,0x90,0x90,0x00,0x00,,,,,"Set torque = 0"
122359,TX,0x201,3,0x90,0x90,0x00,0x00,,,,,"Set torque = 0"
122385,TX,0x201,3,0x90,0x90,0x00,0x00,,,,,"Set torque = 0"
122410,RX,0x181,6,0x40,0x40,0x11,0x43,0x80,0x00,0x0B,,"Status word = 0x4311"
122417,TX,0x201,3,0x90,0x90,0x00,0x00,,,,,"Set torque = 0"
122423,RX,0x181,4,0x30,0x30,0x00,0x00,0x01,,,,"Speed feedback = 0 rpm"
122443,TX,0x201,3,0x90,0x90,0x00,0x00,,,,,"Set torque = 0"
122469,TX,0x201,3,0x90,0x90,0x00,0x00,,,,,"Set torque = 0"
122495,TX,0x201,3,0x90,0x90,0x00,0x00,,,,,"Set torque = 0"
122510,RX,0x181,6,0x40,0x40,0x11,0x43,0x80,0x00,0x0B,,"Status word = 0x4311"
122517,RX,0x181,4,0x30,0x30,0x00,0x00,0x01,,,,"Speed feedback = 0 rpm"
122524,TX,0x201,3,0x90,0x90,0x00,0x00,,,,,"Set torque = 0"
122551,TX,0x201,3,0x90,0x90,0x00,0x00,,,,,"Set torque = 0"
122577,TX,0x201,3,0x90,0x90,0x00,0x00,,,,,"Set torque = 0"
122603,TX,0x201,3,0x90,0x90,0x00,0x00,,,,,"Set torque = 0"
122610,RX,0x181,6,0x40,0x40,0x11,0x43,0x80,0x00,0x0B,,"Status word = 0x4311"
122617,RX,0x181,4,0x30,0x30,0x00,0x00,0x01,,,,"Speed feedback = 0 rpm"
122629,TX,0x201,3,0x90,0x90,0x00,0x00,,,,,"Set torque = 0"
122655,TX,0x201,3,0x90,0x90,0x00,0x00,,,,,"Set torque = 0"
122681,TX,0x201,3,0x90,0x90,0x00,0x00,,,,,"Set torque = 0"
122707,TX,0x201,3,0x90,0x90,0x00,0x00,,,,,"Set torque = 0"
122713,RX,0x181,6,0x40,0x40,0x11,0x43,0x80,0x00,0x0B,,"Status word = 0x4311"
122720,RX,0x181,4,0x30,0x30,0x00,0x00,0x01,,,,"Speed feedback = 0 rpm"
122733,TX,0x201,3,0x90,0x90,0x00,0x00,,,,,"Set torque = 0"
122759,TX,0x201,3,0x90,0x90,0x00,0x00,,,,,"Set torque = 0"
122785,TX,0x201,3,0x90,0x90,0x00,0x00,,,,,"Set torque = 0"
122810,RX,0x181,6,0x40,0x40,0x11,0x43,0x80,0x00,0x0B,,"Status word = 0x4311"
122817,TX,0x201,3,0x90,0x90,0x00,0x00,,,,,"Set torque = 0"
122823,RX,0x181,4,0x30,0x30,0x00,0x00,0x01,,,,"Speed feedback = 0 rpm"
122843,TX,0x201,3,0x90,0x90,0x00,0x00,,,,,"Set torque = 0"
122870,TX,0x201,3,0x90,0x90,0x00,0x00,,,,,"Set torque = 0"
122896,TX,0x201,3,0x90,0x90,0x00,0x00,,,,,"Set torque = 0"
122910,RX,0x181,6,0x40,0x40,0x11,0x43,0x80,0x00,0x0B,,"Status word = 0x4311"
122917,RX,0x181,4,0x30,0x30,0x00,0x00,0x01,,,,"Speed feedback = 0 rpm"
122923,TX,0x201,3,0x90,0x90,0x00,0x00,,,,,"Set torque = 0"
122950,TX,0x201,3,0x90,0x90,0x00,0x00,,,,,"Set torque = 0"
122976,TX,0x201,3,0x90,0x90,0x00,0x00,,,,,"Set torque = 0"
123002,TX,0x201,3,0x90,0x90,0x00,0x00,,,,,"Set torque = 0"
123009,RX,0x181,6,0x40,0x40,0x11,0x43,0x80,0x00,0x0B,,"Status word = 0x4311"
123017,RX,0x181,4,0x30,0x30,0x00,0x00,0x01,,,,"Speed feedback = 0 rpm"
123028,TX,0x201,3,0x90,0x90,0x00,0x00,,,,,"Set torque = 0"
123054,TX,0x201,3,0x90,0x90,0x00,0x00,,,,,"Set torque = 0"
123080,TX,0x201,3,0x90,0x90,0x00,0x00,,,,,"Set torque = 0"
123106,TX,0x201,3,0x90,0x90,0x00,0x00,,,,,"Set torque = 0"
123112,RX,0x181,6,0x40,0x40,0x11,0x43,0x80,0x00,0x0B,,"Status word = 0x4311"
123119,RX,0x181,4,0x30,0x30,0x00,0x00,0x01,,,,"Speed feedback = 0 rpm"
123132,TX,0x201,3,0x90,0x90,0x00,0x00,,,,,"Set torque = 0"
123158,TX,0x201,3,0x90,0x90,0x00,0x00,,,,,"Set torque = 0"
123185,TX,0x201,3,0x90,0x90,0x00,0x00,,,,,"Set torque = 0"
123209,RX,0x181,6,0x40,0x40,0x11,0x43,0x80,0x00,0x0B,,"Status word = 0x4311"
123216,TX,0x201,3,0x90,0x90,0x00,0x00,,,,,"Set torque = 0"
123223,RX,0x181,4,0x30,0x30,0x00,0x00,0x01,,,,"Speed feedback = 0 rpm"
123243,TX,0x201,3,0x90,0x90,0x00,0x00,,,,,"Set torque = 0"
123269,TX,0x201,3,0x90,0x90,0x00,0x00,,,,,"Set torque = 0"
123295,TX,0x201,3,0x90,0x90,0x00,0x00,,,,,"Set torque = 0"
123309,RX,0x181,6,0x40,0x40,0x11,0x43,0x80,0x00,0x0B,,"Status word = 0x4311"
123316,RX,0x181,4,0x30,0x30,0x00,0x00,0x01,,,,"Speed feedback = 0 rpm"
123323,TX,0x201,3,0x90,0x90,0x00,0x00,,,,,"Set torque = 0"
123350,TX,0x201,3,0x90,0x90,0x00,0x00,,,,,"Set torque = 0"
123376,TX,0x201,3,0x90,0x90,0x00,0x00,,,,,"Set torque = 0"
123402,TX,0x201,3,0x90,0x90,0x00,0x00,,,,,"Set torque = 0"
123409,RX,0x181,6,0x40,0x40,0x11,0x43,0x80,0x00,0x0B,,"Status word = 0x4311"
123416,RX,0x181,4,0x30,0x30,0x00,0x00,0x01,,,,"Speed feedback = 0 rpm"
123428,TX,0x201,3,0x90,0x90,0x00,0x00,,,,,"Set torque = 0"
123454,TX,0x201,3,0x90,0x90,0x00,0x00,,,,,"Set torque = 0"
123480,TX,0x201,3,0x90,0x90,0x00,0x00,,,,,"Set torque = 0"
123507,TX,0x201,3,0x90,0x90,0x00,0x00,,,,,"Set torque = 0"
123513,RX,0x181,6,0x40,0x40,0x11,0x43,0x80,0x00,0x0B,,"Status word = 0x4311"
123519,RX,0x181,4,0x30,0x30,0x00,0x00,0x01,,,,"Speed feedback = 0 rpm"
123533,TX,0x201,3,0x90,0x90,0x00,0x00,,,,,"Set torque = 0"
123559,TX,0x201,3,0x90,0x90,0x00,0x00,,,,,"Set torque = 0"
123585,TX,0x201,3,0x90,0x90,0x00,0x00,,,,,"Set torque = 0"
123609,RX,0x181,6,0x40,0x40,0x11,0x43,0x80,0x00,0x0B,,"Status word = 0x4311"
123615,TX,0x201,3,0x90,0x90,0x00,0x00,,,,,"Set torque = 0"
123622,RX,0x181,4,0x30,0x30,0x00,0x00,0x01,,,,"Speed feedback = 0 rpm"
123642,TX,0x201,3,0x90,0x90,0x00,0x00,,,,,"Set torque = 0"
123668,TX,0x201,3,0x90,0x90,0x00,0x00,,,,,"Set torque = 0"
123694,TX,0x201,3,0x90,0x90,0x00,0x00,,,,,"Set torque = 0"
123708,RX,0x181,6,0x40,0x40,0x11,0x43,0x80,0x00,0x0B,,"Status word = 0x4311"
123715,RX,0x181,4,0x30,0x30,0x00,0x00,0x01,,,,"Speed feedback = 0 rpm"
123722,TX,0x201,3,0x90,0x90,0x00,0x00,,,,,"Set torque = 0"
123749,TX,0x201,3,0x90,0x90,0x00,0x00,,,,,"Set torque = 0"
123775,TX,0x201,3,0x90,0x90,0x00,0x00,,,,,"Set torque = 0"
123801,TX,0x201,3,0x90,0x90,0x00,0x00,,,,,"Set torque = 0"
123808,RX,0x181,6,0x40,0x40,0x11,0x43,0x80,0x00,0x0B,,"Status word = 0x4311"
123815,RX,0x181,4,0x30,0x30,0x00,0x00,0x01,,,,"Speed feedback = 0 rpm"
123826,TX,0x201,3,0x90,0x90,0x00,0x00,,,,,"Set torque = 0"
123852,TX,0x201,3,0x90,0x90,0x00,0x00,,,,,"Set torque = 0"
123878,TX,0x201,3,0x90,0x90,0x00,0x00,,,,,"Set torque = 0"
123904,TX,0x201,3,0x90,0x90,0x00,0x00,,,,,"Set torque = 0"
123910,RX,0x181,6,0x40,0x40,0x11,0x43,0x80,0x00,0x0B,,"Status word = 0x4311"
123917,RX,0x181,4,0x30,0x30,0x00,0x00,0x01,,,,"Speed feedback = 0 rpm"
123930,TX,0x201,3,0x90,0x90,0x00,0x00,,,,,"Set torque = 0"
123957,TX,0x201,3,0x90,0x90,0x00,0x00,,,,,"Set torque = 0"
123983,TX,0x201,3,0x90,0x90,0x00,0x00,,,,,"Set torque = 0"
124008,RX,0x181,6,0x40,0x40,0x11,0x43,0x80,0x00,0x0B,,"Status word = 0x4311"
124015,TX,0x201,3,0x90,0x90,0x00,0x00,,,,,"Set torque = 0"
124021,RX,0x181,4,0x30,0x30,0x00,0x00,0x01,,,,"Speed feedback = 0 rpm"
124041,TX,0x201,3,0x90,0x90,0x00,0x00,,,,,"Set torque = 0"
124067,TX,0x201,3,0x90,0x90,0x00,0x00,,,,,"Set torque = 0"
124093,TX,0x201,3,0x90,0x90,0x00,0x00,,,,,"Set torque = 0"
124108,RX,0x181,6,0x40,0x40,0x11,0x43,0x80,0x00,0x0B,,"Status word = 0x4311"
124115,RX,0x181,4,0x30,0x30,0x00,0x00,0x01,,,,"Speed feedback = 0 rpm"
124122,TX,0x201,3,0x90,0x90,0x00,0x00,,,,,"Set torque = 0"
124148,TX,0x201,3,0x90,0x90,0x00,0x00,,,,,"Set torque = 0"
124174,TX,0x201,3,0x90,0x90,0x00,0x00,,,,,"Set torque = 0"
124200,TX,0x201,3,0x90,0x90,0x00,0x00,,,,,"Set torque = 0"
124208,RX,0x181,6,0x40,0x40,0x11,0x43,0x80,0x00,0x0B,,"Status word = 0x4311"
124215,RX,0x181,4,0x30,0x30,0x00,0x00,0x01,,,,"Speed feedback = 0 rpm"
124226,TX,0x201,3,0x90,0x90,0x00,0x00,,,,,"Set torque = 0"
124252,TX,0x201,3,0x90,0x90,0x00,0x00,,,,,"Set torque = 0"
124279,TX,0x201,3,0x90,0x90,0x00,0x00,,,,,"Set torque = 0"
124305,TX,0x201,3,0x90,0x90,0x00,0x00,,,,,"Set torque = 0"
124311,RX,0x181,6,0x40,0x40,0x11,0x43,0x80,0x00,0x0B,,"Status word = 0x4311"
124318,RX,0x181,4,0x30,0x30,0x00,0x00,0x01,,,,"Speed feedback = 0 rpm"
124331,TX,0x201,3,0x90,0x90,0x00,0x00,,,,,"Set torque = 0"
124357,TX,0x201,3,0x90,0x90,0x00,0x00,,,,,"Set torque = 0"
124383,TX,0x201,3,0x90,0x90,0x00,0x00,,,,,"Set torque = 0"
124407,RX,0x181,6,0x40,0x40,0x11,0x43,0x80,0x00,0x0B,,"Status word = 0x4311"
124414,TX,0x201,3,0x90,0x90,0x00,0x00,,,,,"Set torque = 0"
124421,RX,0x181,4,0x30,0x30,0x00,0x00,0x01,,,,"Speed feedback = 0 rpm"
124441,TX,0x201,3,0x90,0x90,0x00,0x00,,,,,"Set torque = 0"
124467,TX,0x201,3,0x90,0x90,0x00,0x00,,,,,"Set torque = 0"
124493,TX,0x201,3,0x90,0x90,0x00,0x00,,,,,"Set torque = 0"
124507,RX,0x181,6,0x40,0x40,0x11,0x43,0x80,0x00,0x0B,,"Status word = 0x4311"
124514,RX,0x181,4,0x30,0x30,0x00,0x00,0x01,,,,"Speed feedback = 0 rpm"
124521,TX,0x201,3,0x90,0x90,0x00,0x00,,,,,"Set torque = 0"
124548,TX,0x201,3,0x90,0x90,0x00,0x00,,,,,"Set torque = 0"
124574,TX,0x201,3,0x90,0x90,0x00,0x00,,,,,"Set torque = 0"
124601,TX,0x201,3,0x90,0x90,0x00,0x00,,,,,"Set torque = 0"
124607,RX,0x181,6,0x40,0x40,0x11,0x43,0x80,0x00,0x0B,,"Status word = 0x4311"
124614,RX,0x181,4,0x30,0x30,0x00,0x00,0x01,,,,"Speed feedback = 0 rpm"
124627,TX,0x201,3,0x90,0x90,0xAC,0x01,,,,,"Set torque = 428"
124653,TX,0x201,3,0x90,0x90,0xE7,0x04,,,,,"Set torque = 1255"
124679,TX,0x201,3,0x90,0x90,0x17,0x09,,,,,"Set torque = 2327"
124705,TX,0x201,3,0x90,0x90,0x98,0x0E,,,,,"Set torque = 3736"
124711,RX,0x181,6,0x40,0x40,0x11,0x43,0x80,0x00,0x0B,,"Status word = 0x4311"
124718,RX,0x181,4,0x30,0x30,0x00,0x00,0x01,,,,"Speed feedback = 0 rpm"
124731,TX,0x201,3,0x90,0x90,0x6E,0x0F,,,,,"Set torque = 3950"
124757,TX,0x201,3,0x90,0x90,0x4A,0x15,,,,,"Set torque = 5450"
124783,TX,0x201,3,0x90,0x90,0x27,0x1B,,,,,"Set torque = 6951"
124807,RX,0x181,6,0x40,0x40,0x11,0x43,0x80,0x00,0x0B,,"Status word = 0x4311"
124813,TX,0x201,3,0x90,0x90,0x89,0x20,,,,,"Set torque = 8329"
124820,RX,0x181,4,0x30,0x30,0x00,0x00,0x01,,,,"Speed feedback = 0 rpm"
124840,TX,0x201,3,0x90,0x90,0x84,0x26,,,,,"Set torque = 9860"
124866,TX,0x201,3,0x90,0x90,0x6C,0x2B,,,,,"Set torque = 11116"
124892,TX,0x201,3,0x90,0x90,0x16,0x30,,,,,"Set torque = 12310"
124906,RX,0x181,6,0x40,0x40,0x11,0x43,0x80,0x00,0x0B,,"Status word = 0x4311"
124913,RX,0x181,4,0x30,0x30,0x00,0x00,0x01,,,,"Speed feedback = 0 rpm"
124920,TX,0x201,3,0x90,0x90,0x99,0x32,,,,,"Set torque = 12953"
124947,TX,0x201,3,0x90,0x90,0xD4,0x35,,,,,"Set torque = 13780"
124973,TX,0x201,3,0x90,0x90,0x38,0x38,,,,,"Set torque = 14392"
124999,TX,0x201,3,0x90,0x90,0xF0,0x38,,,,,"Set torque = 14576"
125006,RX,0x181,6,0x40,0x40,0x11,0x43,0x80,0x00,0x0B,,"Status word = 0x4311"
125013,RX,0x181,4,0x30,0x30,0x00,0x00,0x01,,,,"Speed feedback = 0 rpm"
125025,TX,0x201,3,0x90,0x90,0xB9,0x3D,,,,,"Set torque = 15801"
125052,TX,0x201,3,0x90,0x90,0xFF,0x3F,,,,,"Set torque = 16383"
125078,TX,0x201,3,0x90,0x90,0xFF,0x3F,,,,,"Set torque = 16383"
125104,TX,0x201,3,0x90,0x90,0xFF,0x3F,,,,,"Set torque = 16383"
125110,RX,0x181,6,0x40,0x40,0x11,0x43,0x80,0x00,0x0B,,"Status word = 0x4311"
125117,RX,0x181,4,0x30,0x30,0x00,0x00,0x01,,,,"Speed feedback = 0 rpm"
125130,TX,0x201,3,0x90,0x90,0xFF,0x3F,,,,,"Set torque = 16383"
125156,TX,0x201,3,0x90,0x90,0xFF,0x3F,,,,,"Set torque = 16383"
125182,TX,0x201,3,0x90,0x90,0xFF,0x3F,,,,,"Set torque = 16383"
125206,RX,0x181,6,0x40,0x40,0x11,0x43,0x80,0x00,0x0B,,"Status word = 0x4311"
125213,RX,0x181,4,0x30,0x30,0x00,0x00,0x01,,,,"Speed feedback = 0 rpm"
125220,TX,0x201,3,0x90,0x90,0xFF,0x3F,,,,,"Set torque = 16383"
125247,TX,0x201,3,0x90,0x90,0xFF,0x3F,,,,,"Set torque = 16383"
125273,TX,0x201,3,0x90,0x90,0xFF,0x3F,,,,,"Set torque = 16383"
125299,TX,0x201,3,0x90,0x90,0xFF,0x3F,,,,,"Set torque = 16383"
125306,RX,0x181,6,0x40,0x40,0x11,0x43,0x80,0x00,0x0B,,"Status word = 0x4311"
125313,RX,0x181,4,0x30,0x30,0x00,0x00,0x01,,,,"Speed feedback = 0 rpm"
125325,TX,0x201,3,0x90,0x90,0xFF,0x3F,,,,,"Set torque = 16383"
125351,TX,0x201,3,0x90,0x90,0xFF,0x3F,,,,,"Set torque = 16383"
125378,TX,0x201,3,0x90,0x90,0xFF,0x3F,,,,,"Set torque = 16383"
125404,TX,0x201,3,0x90,0x90,0xFF,0x3F,,,,,"Set torque = 16383"
125410,RX,0x181,6,0x40,0x40,0x11,0x43,0x80,0x00,0x0B,,"Status word = 0x4311"
125417,RX,0x181,4,0x30,0x30,0x00,0x00,0x01,,,,"Speed feedback = 0 rpm"
125430,TX,0x201,3,0x90,0x90,0xFF,0x3F,,,,,"Set torque = 16383"
125456,TX,0x201,3,0x90,0x90,0xFF,0x3F,,,,,"Set torque = 16383"
125482,TX,0x201,3,0x90,0x90,0xFF,0x3F,,,,,"Set torque = 16383"
125506,RX,0x181,6,0x40,0x40,0x11,0x43,0x80,0x00,0x0B,,"Status word = 0x4311"
125512,TX,0x201,3,0x90,0x90,0xFF,0x3F,,,,,"Set torque = 16383"
125519,RX,0x181,4,0x30,0x30,0x00,0x00,0x01,,,,"Speed feedback = 0 rpm"
125539,TX,0x201,3,0x90,0x90,0xFF,0x3F,,,,,"Set torque = 16383"
125565,TX,0x201,3,0x90,0x90,0xFF,0x3F,,,,,"Set torque = 16383"
125591,TX,0x201,3,0x90,0x90,0xFF,0x3F,,,,,"Set torque = 16383"
125605,RX,0x181,6,0x40,0x40,0x11,0x43,0x80,0x00,0x0B,,"Status word = 0x4311"
125612,RX,0x181,4,0x30,0x30,0x00,0x00,0x01,,,,"Speed feedback = 0 rpm"
125619,TX,0x201,3,0x90,0x90,0xFF,0x3F,,,,,"Set torque = 16383"
125646,TX,0x201,3,0x90,0x90,0xFF,0x3F,,,,,"Set torque = 16383"
125672,TX,0x201,3,0x90,0x90,0xFF,0x3F,,,,,"Set torque = 16383"
125699,TX,0x201,3,0x90,0x90,0xFF,0x3F,,,,,"Set torque = 16383"
125705,RX,0x181,6,0x40,0x40,0x11,0x43,0x80,0x00,0x0B,,"Status word = 0x4311"
125712,RX,0x181,4,0x30,0x30,0x00,0x00,0x01,,,,"Speed feedback = 0 rpm"
125725,TX,0x201,3,0x90,0x90,0xFF,0x3F,,,,,"Set torque = 16383"
125751,TX,0x201,3,0x90,0x90,0xFF,0x3F,,,,,"Set torque = 16383"
125777,TX,0x201,3,0x90,0x90,0xFF,0x3F,,,,,"Set torque = 16383"
125803,TX,0x201,3,0x90,0x90,0xFF,0x3F,,,,,"Set torque = 16383"
125809,RX,0x181,6,0x40,0x40,0x11,0x43,0x80,0x00,0x0B,,"Status word = 0x4311"
125815,RX,0x181,4,0x30,0x30,0x00,0x00,0x01,,,,"Speed feedback = 0 rpm"
125829,TX,0x201,3,0x90,0x90,0xFF,0x3F,,,,,"Set torque = 16383"
125855,TX,0x201,3,0x90,0x90,0xFF,0x3F,,,,,"Set torque = 16383"
125881,TX,0x201,3,0x90,0x90,0x85,0x3F,,,,,"Set torque = 16261"
125905,RX,0x181,6,0x40,0x40,0x11,0x43,0x80,0x00,0x0B,,"Status word = 0x4311"
125912,TX,0x201,3,0x90,0x90,0x1A,0x38,,,,,"Set torque = 14362"
125919,RX,0x181,4,0x30,0x30,0x00,0x00,0x01,,,,"Speed feedback = 0 rpm"
125939,TX,0x201,3,0x90,0x90,0xCE,0x30,,,,,"Set torque = 12494"
125965,TX,0x201,3,0x90,0x90,0x98,0x27,,,,,"Set torque = 10136"
125991,TX,0x201,3,0x90,0x90,0x57,0x1F,,,,,"Set torque = 8023"
126005,RX,0x181,6,0x40,0x40,0x11,0x43,0x80,0x00,0x0B,,"Status word = 0x4311"
126012,RX,0x181,4,0x30,0x30,0x00,0x00,0x01,,,,"Speed feedback = 0 rpm"
126018,TX,0x201,3,0x90,0x90,0x60,0x13,,,,,"Set torque = 4960"
126045,TX,0x201,3,0x90,0x90,0xFB,0x05,,,,,"Set torque = 1531"
126071,TX,0x201,3,0x90,0x90,0x00,0x00,,,,,"Set torque = 0"
126097,TX,0x201,3,0x90,0x90,0x00,0x00,,,,,"Set torque = 0"
126105,RX,0x181,6,0x40,0x40,0x11,0x43,0x80,0x00,0x0B,,"Status word = 0x4311"
126112,RX,0x181,4,0x30,0x30,0x00,0x00,0x01,,,,"Speed feedback = 0 rpm"
126123,TX,0x201,3,0x90,0x90,0x00,0x00,,,,,"Set torque = 0"
126150,TX,0x201,3,0x90,0x90,0x00,0x00,,,,,"Set torque = 0"
126176,TX,0x201,3,0x90,0x90,0x00,0x00,,,,,"Set torque = 0"
126202,TX,0x201,3,0x90,0x90,0x00,0x00,,,,,"Set torque = 0"
126208,RX,0x181,6,0x40,0x40,0x11,0x43,0x80,0x00,0x0B,,"Status word = 0x4311"
126215,RX,0x181,4,0x30,0x30,0x00,0x00,0x01,,,,"Speed feedback = 0 rpm"
126228,TX,0x201,3,0x90,0x90,0x00,0x00,,,,,"Set torque = 0"
126254,TX,0x201,3,0x90,0x90,0x00,0x00,,,,,"Set torque = 0"
126280,TX,0x201,3,0x90,0x90,0x00,0x00,,,,,"Set torque = 0"
126304,RX,0x181,6,0x40,0x40,0x11,0x43,0x80,0x00,0x0B,,"Status word = 0x4311"
126312,RX,0x181,4,0x30,0x30,0x00,0x00,0x01,,,,"Speed feedback = 0 rpm"
126318,TX,0x201,3,0x90,0x90,0x00,0x00,,,,,"Set torque = 0"
126345,TX,0x201,3,0x90,0x90,0x00,0x00,,,,,"Set torque = 0"
126371,TX,0x201,3,0x90,0x90,0x00,0x00,,,,,"Set torque = 0"
126397,TX,0x201,3,0x90,0x90,0x00,0x00,,,,,"Set torque = 0"
126404,RX,0x181,6,0x40,0x40,0x11,0x43,0x80,0x00,0x0B,,"Status word = 0x4311"
126411,RX,0x181,4,0x30,0x30,0x00,0x00,0x01,,,,"Speed feedback = 0 rpm"
126423,TX,0x201,3,0x90,0x90,0x00,0x00,,,,,"Set torque = 0"
126449,TX,0x201,3,0x90,0x90,0x00,0x00,,,,,"Set torque = 0"
126476,TX,0x201,3,0x90,0x90,0x00,0x00,,,,,"Set torque = 0"
126502,TX,0x201,3,0x90,0x90,0x00,0x00,,,,,"Set torque = 0"
126508,RX,0x181,6,0x40,0x40,0x11,0x43,0x80,0x00,0x0B,,"Status word = 0x4311"
126515,RX,0x181,4,0x30,0x30,0x00,0x00,0x01,,,,"Speed feedback = 0 rpm"
126528,TX,0x201,3,0x90,0x90,0x00,0x00,,,,,"Set torque = 0"
126554,TX,0x201,3,0x90,0x90,0x00,0x00,,,,,"Set torque = 0"
126580,TX,0x201,3,0x90,0x90,0x00,0x00,,,,,"Set torque = 0"
126604,RX,0x181,6,0x40,0x40,0x11,0x43,0x80,0x00,0x0B,,"Status word = 0x4311"
126614,RX,0x181,4,0x30,0x30,0x00,0x00,0x01,,,,"Speed feedback = 0 rpm"
126621,TX,0x201,3,0x90,0x90,0x00,0x00,,,,,"Set torque = 0"
126648,TX,0x201,3,0x90,0x90,0x00,0x00,,,,,"Set torque = 0"
126674,TX,0x201,3,0x90,0x90,0x00,0x00,,,,,"Set torque = 0"
126700,TX,0x201,3,0x90,0x90,0x00,0x00,,,,,"Set torque = 0"
126706,RX,0x181,6,0x40,0x40,0x11,0x43,0x80,0x00,0x0B,,"Status word = 0x4311"
126713,RX,0x181,4,0x30,0x30,0x00,0x00,0x01,,,,"Speed feedback = 0 rpm"
126726,TX,0x201,3,0x90,0x90,0x00,0x00,,,,,"Set torque = 0"
126752,TX,0x201,3,0x90,0x90,0x00,0x00,,,,,"Set torque = 0"
126779,TX,0x201,3,0x90,0x90,0x00,0x00,,,,,"Set torque = 0"
126803,RX,0x181,6,0x40,0x40,0x11,0x43,0x80,0x00,0x0B,,"Status word = 0x4311"
126810,TX,0x201,3,0x90,0x90,0x00,0x00,,,,,"Set torque = 0"
126817,RX,0x181,4,0x30,0x30,0x00,0x00,0x01,,,,"Speed feedback = 0 rpm"
126837,TX,0x201,3,0x90,0x90,0x00,0x00,,,,,"Set torque = 0"
126863,TX,0x201,3,0x90,0x90,0x00,0x00,,,,,"Set torque = 0"
126889,TX,0x201,3,0x90,0x90,0x00,0x00,,,,,"Set torque = 0"
126903,RX,0x181,6,0x40,0x40,0x11,0x43,0x80,0x00,0x0B,,"Status word = 0x4311"
126910,RX,0x181,4,0x30,0x30,0x00,0x00,0x01,,,,"Speed feedback = 0 rpm"
126917,TX,0x201,3,0x90,0x90,0x00,0x00,,,,,"Set torque = 0"
126944,TX,0x201,3,0x90,0x90,0x00,0x00,,,,,"Set torque = 0"
126970,TX,0x201,3,0x90,0x90,0x00,0x00,,,,,"Set torque = 0"
126996,TX,0x201,3,0x90,0x90,0x00,0x00,,,,,"Set torque = 0"
127003,RX,0x181,6,0x40,0x40,0x11,0x43,0x80,0x00,0x0B,,"Status word = 0x4311"
127010,RX,0x181,4,0x30,0x30,0x00,0x00,0x01,,,,"Speed feedback = 0 rpm"
127022,TX,0x201,3,0x90,0x90,0x00,0x00,,,,,"Set torque = 0"
127048,TX,0x201,3,0x90,0x90,0x00,0x00,,,,,"Set torque = 0"
127074,TX,0x201,3,0x90,0x90,0x00,0x00,,,,,"Set torque = 0"
127101,TX,0x201,3,0x90,0x90,0x00,0x00,,,,,"Set torque = 0"
127107,RX,0x181,6,0x40,0x40,0x11,0x43,0x80,0x00,0x0B,,"Status word = 0x4311"
127114,RX,0x181,4,0x30,0x30,0x00,0x00,0x01,,,,"Speed feedback = 0 rpm"
127127,TX,0x201,3,0x90,0x90,0x00,0x00,,,,,"Set torque = 0"
127153,TX,0x201,3,0x90,0x90,0x00,0x00,,,,,"Set torque = 0"
127179,TX,0x201,3,0x90,0x90,0x00,0x00,,,,,"Set torque = 0"
127203,RX,0x181,6,0x40,0x40,0x11,0x43,0x80,0x00,0x0B,,"Status word = 0x4311"
127210,TX,0x201,3,0x90,0x90,0x00,0x00,,,,,"Set torque = 0"
127216,RX,0x181,4,0x30,0x30,0x00,0x00,0x01,,,,"Speed feedback = 0 rpm"
127236,TX,0x201,3,0x90,0x90,0x00,0x00,,,,,"Set torque = 0"
127262,TX,0x201,3,0x90,0x90,0x00,0x00,,,,,"Set torque = 0"
127288,TX,0x201,3,0x90,0x90,0x00,0x00,,,,,"Set torque = 0"
127303,RX,0x181,6,0x40,0x40,0x11,0x43,0x80,0x00,0x0B,,"Status word = 0x4311"
127310,RX,0x181,4,0x30,0x30,0x00,0x00,0x01,,,,"Speed feedback = 0 rpm"
127316,TX,0x201,3,0x90,0x90,0x00,0x00,,,,,"Set torque = 0"
127343,TX,0x201,3,0x90,0x90,0x00,0x00,,,,,"Set torque = 0"
127369,TX,0x201,3,0x90,0x90,0x00,0x00,,,,,"Set torque = 0"
127395,TX,0x201,3,0x90,0x90,0x00,0x00,,,,,"Set torque = 0"
127403,RX,0x181,6,0x40,0x40,0x11,0x43,0x80,0x00,0x0B,,"Status word = 0x4311"
127409,RX,0x181,4,0x30,0x30,0x00,0x00,0x01,,,,"Speed feedback = 0 rpm"
127422,TX,0x201,3,0x90,0x90,0x00,0x00,,,,,"Set torque = 0"
127448,TX,0x201,3,0x90,0x90,0x00,0x00,,,,,"Set torque = 0"
127474,TX,0x201,3,0x90,0x90,0x00,0x00,,,,,"Set torque = 0"
127500,TX,0x201,3,0x90,0x90,0x00,0x00,,,,,"Set torque = 0"
127506,RX,0x181,6,0x40,0x40,0x11,0x43,0x80,0x00,0x0B,,"Status word = 0x4311"
127513,RX,0x181,4,0x30,0x30,0x00,0x00,0x01,,,,"Speed feedback = 0 rpm"
127526,TX,0x201,3,0x90,0x90,0x00,0x00,,,,,"Set torque = 0"
127553,TX,0x201,3,0x90,0x90,0x00,0x00,,,,,"Set torque = 0"
127579,TX,0x201,3,0x90,0x90,0x00,0x00,,,,,"Set torque = 0"
127602,RX,0x181,6,0x40,0x40,0x11,0x43,0x80,0x00,0x0B,,"Status word = 0x4311"
127609,TX,0x201,3,0x90,0x90,0x00,0x00,,,,,"Set torque = 0"
127616,RX,0x181,4,0x30,0x30,0x00,0x00,0x01,,,,"Speed feedback = 0 rpm"
127636,TX,0x201,3,0x90,0x90,0x00,0x00,,,,,"Set torque = 0"
127662,TX,0x201,3,0x90,0x90,0x00,0x00,,,,,"Set torque = 0"
127688,TX,0x201,3,0x90,0x90,0x00,0x00,,,,,"Set torque = 0"
127702,RX,0x181,6,0x40,0x40,0x11,0x43,0x80,0x00,0x0B,,"Status word = 0x4311"
127709,RX,0x181,4,0x30,0x30,0x00,0x00,0x01,,,,"Speed feedback = 0 rpm"
127716,TX,0x201,3,0x90,0x90,0x00,0x00,,,,,"Set torque = 0"
127743,TX,0x201,3,0x90,0x90,0x00,0x00,,,,,"Set torque = 0"
127769,TX,0x201,3,0x90,0x90,0x00,0x00,,,,,"Set torque = 0"
127795,TX,0x201,3,0x90,0x90,0x00,0x00,,,,,"Set torque = 0"
127802,RX,0x181,6,0x40,0x40,0x11,0x43,0x80,0x00,0x0B,,"Status word = 0x4311"
127809,RX,0x181,4,0x30,0x30,0x00,0x00,0x01,,,,"Speed feedback = 0 rpm"
127821,TX,0x201,3,0x90,0x90,0x00,0x00,,,,,"Set torque = 0"
127847,TX,0x201,3,0x90,0x90,0x00,0x00,,,,,"Set torque = 0"
127874,TX,0x201,3,0x90,0x90,0x00,0x00,,,,,"Set torque = 0"
127900,TX,0x201,3,0x90,0x90,0x00,0x00,,,,,"Set torque = 0"
127906,RX,0x181,6,0x40,0x40,0x11,0x43,0x80,0x00,0x0B,,"Status word = 0x4311"
127913,RX,0x181,4,0x30,0x30,0x00,0x00,0x01,,,,"Speed feedback = 0 rpm"
127926,TX,0x201,3,0x90,0x90,0x00,0x00,,,,,"Set torque = 0"
127952,TX,0x201,3,0x90,0x90,0x00,0x00,,,,,"Set torque = 0"
127978,TX,0x201,3,0x90,0x90,0x00,0x00,,,,,"Set torque = 0"
128002,RX,0x181,6,0x40,0x40,0x11,0x43,0x80,0x00,0x0B,,"Status word = 0x4311"
128008,TX,0x201,3,0x90,0x90,0x00,0x00,,,,,"Set torque = 0"
128016,RX,0x181,4,0x30,0x30,0x00,0x00,0x01,,,,"Speed feedback = 0 rpm"
128036,TX,0x201,3,0x90,0x90,0x00,0x00,,,,,"Set torque = 0"
128062,TX,0x201,3,0x90,0x90,0x00,0x00,,,,,"Set torque = 0"
128090,TX,0x201,3,0x90,0x90,0x00,0x00,,,,,"Set torque = 0"
128101,RX,0x181,6,0x40,0x40,0x11,0x43,0x80,0x00,0x0B,,"Status word = 0x4311"
128108,RX,0x181,4,0x30,0x30,0x00,0x00,0x01,,,,"Speed feedback = 0 rpm"
128116,TX,0x201,3,0x90,0x90,0x00,0x00,,,,,"Set torque = 0"
128142,TX,0x201,3,0x90,0x90,0x00,0x00,,,,,"Set torque = 0"
128168,TX,0x201,3,0x90,0x90,0x00,0x00,,,,,"Set torque = 0"
128195,TX,0x201,3,0x90,0x90,0x00,0x00,,,,,"Set torque = 0"
128201,RX,0x181,6,0x40,0x40,0x11,0x43,0x80,0x00,0x0B,,"Status word = 0x4311"
128208,RX,0x181,4,0x30,0x30,0x00,0x00,0x01,,,,"Speed feedback = 0 rpm"
128221,TX,0x201,3,0x90,0x90,0x00,0x00,,,,,"Set torque = 0"
128247,TX,0x201,3,0x90,0x90,0x00,0x00,,,,,"Set torque = 0"
128273,TX,0x201,3,0x90,0x90,0x00,0x00,,,,,"Set torque = 0"
128299,TX,0x201,3,0x90,0x90,0x00,0x00,,,,,"Set torque = 0"
128305,RX,0x181,6,0x40,0x40,0x11,0x43,0x80,0x00,0x0B,,"Status word = 0x4311"
128312,RX,0x181,4,0x30,0x30,0x00,0x00,0x01,,,,"Speed feedback = 0 rpm"
128325,TX,0x201,3,0x90,0x90,0x00,0x00,,,,,"Set torque = 0"
128351,TX,0x201,3,0x90,0x90,0x00,0x00,,,,,"Set torque = 0"
128377,TX,0x201,3,0x90,0x90,0x00,0x00,,,,,"Set torque = 0"
128401,RX,0x181,6,0x40,0x40,0x11,0x43,0x80,0x00,0x0B,,"Status word = 0x4311"
128408,TX,0x201,3,0x90,0x90,0x00,0x00,,,,,"Set torque = 0"
128415,RX,0x181,4,0x30,0x30,0x00,0x00,0x01,,,,"Speed feedback = 0 rpm"
128435,TX,0x201,3,0x90,0x90,0x00,0x00,,,,,"Set torque = 0"
128461,TX,0x201,3,0x90,0x90,0x00,0x00,,,,,"Set torque = 0"
128487,TX,0x201,3,0x90,0x90,0x00,0x00,,,,,"Set torque = 0"
128501,RX,0x181,6,0x40,0x40,0x11,0x43,0x80,0x00,0x0B,,"Status word = 0x4311"
128508,RX,0x181,4,0x30,0x30,0x00,0x00,0x01,,,,"Speed feedback = 0 rpm"
128514,TX,0x201,3,0x90,0x90,0x00,0x00,,,,,"Set torque = 0"
128541,TX,0x201,3,0x90,0x90,0x00,0x00,,,,,"Set torque = 0"
128567,TX,0x201,3,0x90,0x90,0x00,0x00,,,,,"Set torque = 0"
128593,TX,0x201,3,0x90,0x90,0x00,0x00,,,,,"Set torque = 0"
128601,RX,0x181,6,0x40,0x40,0x11,0x43,0x80,0x00,0x0B,,"Status word = 0x4311"
128608,RX,0x181,4,0x30,0x30,0x00,0x00,0x01,,,,"Speed feedback = 0 rpm"
128619,TX,0x201,3,0x90,0x90,0x00,0x00,,,,,"Set torque = 0"
128646,TX,0x201,3,0x90,0x90,0x00,0x00,,,,,"Set torque = 0"
128672,TX,0x201,3,0x90,0x90,0x00,0x00,,,,,"Set torque = 0"
128698,TX,0x201,3,0x90,0x90,0x00,0x00,,,,,"Set torque = 0"
128704,RX,0x181,6,0x40,0x40,0x11,0x43,0x80,0x00,0x0B,,"Status word = 0x4311"
128711,RX,0x181,4,0x30,0x30,0x00,0x00,0x01,,,,"Speed feedback = 0 rpm"
128724,TX,0x201,3,0x90,0x90,0x00,0x00,,,,,"Set torque = 0"
128750,TX,0x201,3,0x90,0x90,0x00,0x00,,,,,"Set torque = 0"
128776,TX,0x201,3,0x90,0x90,0x00,0x00,,,,,"Set torque = 0"
128800,RX,0x181,6,0x40,0x40,0x11,0x43,0x80,0x00,0x0B,,"Status word = 0x4311"
128807,TX,0x201,3,0x90,0x90,0x00,0x00,,,,,"Set torque = 0"
128814,RX,0x181,4,0x30,0x30,0x00,0x00,0x01,,,,"Speed feedback = 0 rpm"
128834,TX,0x201,3,0x90,0x90,0x00,0x00,,,,,"Set torque = 0"
128860,TX,0x201,3,0x90,0x90,0x00,0x00,,,,,"Set torque = 0"
128886,TX,0x201,3,0x90,0x90,0x00,0x00,,,,,"Set torque = 0"
128900,RX,0x181,6,0x40,0x40,0x11,0x43,0x80,0x00,0x0B,,"Status word = 0x4311"
128907,RX,0x181,4,0x30,0x30,0x00,0x00,0x01,,,,"Speed feedback = 0 rpm"
128914,TX,0x201,3,0x90,0x90,0x00,0x00,,,,,"Set torque = 0"
128941,TX,0x201,3,0x90,0x90,0x00,0x00,,,,,"Set torque = 0"
128968,TX,0x201,3,0x90,0x90,0x00,0x00,,,,,"Set torque = 0"
128994,TX,0x201,3,0x90,0x90,0x00,0x00,,,,,"Set torque = 0"
129000,RX,0x181,6,0x40,0x40,0x11,0x43,0x80,0x00,0x0B,,"Status word = 0x4311"
129007,RX,0x181,4,0x30,0x30,0x00,0x00,0x01,,,,"Speed feedback = 0 rpm"
129020,TX,0x201,3,0x90,0x90,0x00,0x00,,,,,"Set torque = 0"
129046,TX,0x201,3,0x90,0x90,0x00,0x00,,,,,"Set torque = 0"
129072,TX,0x201,3,0x90,0x90,0x00,0x00,,,,,"Set torque = 0"
129098,TX,0x201,3,0x90,0x90,0x00,0x00,,,,,"Set torque = 0"
129104,RX,0x181,6,0x40,0x40,0x11,0x43,0x80,0x00,0x0B,,"Status word = 0x4311"
129111,RX,0x181,4,0x30,0x30,0x00,0x00,0x01,,,,"Speed feedback = 0 rpm"
129124,TX,0x201,3,0x90,0x90,0x00,0x00,,,,,"Set torque = 0"
129150,TX,0x201,3,0x90,0x90,0x00,0x00,,,,,"Set torque = 0"
129176,TX,0x201,3,0x90,0x90,0x00,0x00,,,,,"Set torque = 0"
129200,RX,0x181,6,0x40,0x40,0x11,0x43,0x80,0x00,0x0B,,"Status word = 0x4311"
129206,TX,0x201,3,0x90,0x90,0x00,0x00,,,,,"Set torque = 0"
129213,RX,0x181,4,0x30,0x30,0x00,0x00,0x01,,,,"Speed feedback = 0 rpm"
129233,TX,0x201,3,0x90,0x90,0x00,0x00,,,,,"Set torque = 0"
129259,TX,0x201,3,0x90,0x90,0x00,0x00,,,,,"Set torque = 0"
129286,TX,0x201,3,0x90,0x90,0x00,0x00,,,,,"Set torque = 0"
129300,RX,0x181,6,0x40,0x40,0x11,0x43,0x80,0x00,0x0B,,"Status word = 0x4311"
129306,RX,0x181,4,0x30,0x30,0x00,0x00,0x01,,,,"Speed feedback = 0 rpm"
129313,TX,0x201,3,0x90,0x90,0x00,0x00,,,,,"Set torque = 0"
129340,TX,0x201,3,0x90,0x90,0x00,0x00,,,,,"Set torque = 0"
129366,TX,0x201,3,0x90,0x90,0x00,0x00,,,,,"Set torque = 0"
129392,TX,0x201,3,0x90,0x90,0x00,0x00,,,,,"Set torque = 0"
129399,RX,0x181,6,0x40,0x40,0x11,0x43,0x80,0x00,0x0B,,"Status word = 0x4311"
129406,RX,0x181,4,0x30,0x30,0x27,0x00,0x01,,,,"Speed feedback = 39 rpm"
129418,TX,0x201,3,0x90,0x90,0x00,0x00,,,,,"Set torque = 0"
129444,TX,0x201,3,0x90,0x90,0x00,0x00,,,,,"Set torque = 0"
129470,TX,0x201,3,0x90,0x90,0x00,0x00,,,,,"Set torque = 0"
129496,TX,0x201,3,0x90,0x90,0x00,0x00,,,,,"Set torque = 0"
129502,RX,0x181,6,0x40,0x40,0x11,0x41,0x80,0x00,0x0B,,"Status word = 0x4111"
129509,RX,0x181,4,0x30,0x30,0x9F,0x00,0x01,,,,"Speed feedback = 159 rpm"
129522,TX,0x201,3,0x90,0x90,0x00,0x00,,,,,"Set torque = 0"
129548,TX,0x201,3,0x90,0x90,0x00,0x00,,,,,"Set torque = 0"
129574,TX,0x201,3,0x90,0x90,0x00,0x00,,,,,"Set torque = 0"
129599,RX,0x181,6,0x40,0x40,0x11,0x41,0x80,0x00,0x0B,,"Status word = 0x4111"
129606,TX,0x201,3,0x90,0x90,0x00,0x00,,,,,"Set torque = 0"
129612,RX,0x181,4,0x30,0x30,0xEF,0x00,0x01,,,,"Speed feedback = 239 rpm"
129632,TX,0x201,3,0x90,0x90,0x00,0x00,,,,,"Set torque = 0"
129658,TX,0x201,3,0x90,0x90,0x00,0x00,,,,,"Set torque = 0"
129684,TX,0x201,3,0x90,0x90,0x00,0x00,,,,,"Set torque = 0"
129699,RX,0x181,6,0x40,0x40,0x11,0x41,0x80,0x00,0x0B,,"Status word = 0x4111"
129706,RX,0x181,4,0x30,0x30,0xEF,0x00,0x01,,,,"Speed feedback = 239 rpm"
129713,TX,0x201,3,0x90,0x90,0x00,0x00,,,,,"Set torque = 0"
129799,RX,0x181,6,0x40,0x40,0x11,0x41,0x80,0x00,0x0B,,"Status word = 0x4111"
129806,RX,0x181,4,0x30,0x30,0x9F,0x00,0x01,,,,"Speed feedback = 159 rpm"
129812,TX,0x201,3,0x90,0x90,0x00,0x00,,,,,"Set torque = 0"
129839,TX,0x201,3,0x90,0x90,0x00,0x00,,,,,"Set torque = 0"
129865,TX,0x201,3,0x90,0x90,0x00,0x00,,,,,"Set torque = 0"
129891,TX,0x201,3,0x90,0x90,0x00,0x00,,,,,"Set torque = 0"
129899,RX,0x181,6,0x40,0x40,0x11,0x41,0x80,0x00,0x0B,,"Status word = 0x4111"
129906,RX,0x181,4,0x30,0x30,0x4F,0x00,0x01,,,,"Speed feedback = 79 rpm"
129917,TX,0x201,3,0x90,0x90,0x00,0x00,,,,,"Set torque = 0"
129943,TX,0x201,3,0x90,0x90,0x00,0x00,,,,,"Set torque = 0"
129969,TX,0x201,3,0x90,0x90,0x00,0x00,,,,,"Set torque = 0"
129995,TX,0x201,3,0x90,0x90,0x00,0x00,,,,,"Set torque = 0"
130001,RX,0x181,6,0x40,0x40,0x11,0x41,0x80,0x00,0x0B,,"Status word = 0x4111"
130008,RX,0x181,4,0x30,0x30,0x27,0x00,0x01,,,,"Speed feedback = 39 rpm"
130021,TX,0x201,3,0x90,0x90,0x00,0x00,,,,,"Set torque = 0"
130047,TX,0x201,3,0x90,0x90,0x00,0x00,,,,,"Set torque = 0"
130073,TX,0x201,3,0x90,0x90,0x00,0x00,,,,,"Set torque = 0"
130098,RX,0x181,6,0x40,0x40,0x11,0x43,0x80,0x00,0x0B,,"Status word = 0x4311"
130105,TX,0x201,3,0x90,0x90,0x00,0x00,,,,,"Set torque = 0"
130112,RX,0x181,4,0x30,0x30,0x00,0x00,0x01,,,,"Speed feedback = 0 rpm"
130132,TX,0x201,3,0x90,0x90,0x00,0x00,,,,,"Set torque = 0"
130158,TX,0x201,3,0x90,0x90,0x00,0x00,,,,,"Set torque = 0"
130184,TX,0x201,3,0x90,0x90,0x00,0x00,,,,,"Set torque = 0"
130275,RX,0x181,6,0x40,0x40,0x11,0x43,0x80,0x00,0x0B,,"Status word = 0x4311"
130281,RX,0x181,4,0x30,0x30,0x00,0x00,0x01,,,,"Speed feedback = 0 rpm"
130295,TX,0x201,3,0x90,0x90,0x00,0x00,,,,,"Set torque = 0"
130302,RX,0x181,6,0x40,0x40,0x11,0x43,0x80,0x00,0x0B,,"Status word = 0x4311"
130308,RX,0x181,4,0x30,0x30,0x00,0x00,0x01,,,,"Speed feedback = 0 rpm"
130322,TX,0x201,3,0x90,0x90,0x00,0x00,,,,,"Set torque = 0"
130348,TX,0x201,3,0x90,0x90,0x00,0x00,,,,,"Set torque = 0"
130374,TX,0x201,3,0x90,0x90,0x00,0x00,,,,,"Set torque = 0"
130398,RX,0x181,6,0x40,0x40,0x11,0x43,0x80,0x00,0x0B,,"Status word = 0x4311"
130404,TX,0x201,3,0x90,0x90,0x00,0x00,,,,,"Set torque = 0"
130411,RX,0x181,4,0x30,0x30,0x00,0x00,0x01,,,,"Speed feedback = 0 rpm"
130431,TX,0x201,3,0x90,0x90,0x00,0x00,,,,,"Set torque = 0"
130458,TX,0x201,3,0x90,0x90,0x00,0x00,,,,,"Set torque = 0"
130484,TX,0x201,3,0x90,0x90,0x00,0x00,,,,,"Set torque = 0"
130498,RX,0x181,6,0x40,0x40,0x11,0x43,0x80,0x00,0x0B,,"Status word = 0x4311"
130505,RX,0x181,4,0x30,0x30,0x00,0x00,0x01,,,,"Speed feedback = 0 rpm"
130511,TX,0x201,3,0x90,0x90,0x00,0x00,,,,,"Set torque = 0"
130538,TX,0x201,3,0x90,0x90,0x00,0x00,,,,,"Set torque = 0"
130564,TX,0x201,3,0x90,0x90,0x00,0x00,,,,,"Set torque = 0"
130590,TX,0x201,3,0x90,0x90,0x00,0x00,,,,,"Set torque = 0"
130597,RX,0x181,6,0x40,0x40,0x11,0x43,0x80,0x00,0x0B,,"Status word = 0x4311"
130605,RX,0x181,4,0x30,0x30,0x00,0x00,0x01,,,,"Speed feedback = 0 rpm"
130616,TX,0x201,3,0x90,0x90,0x00,0x00,,,,,"Set torque = 0"
130642,TX,0x201,3,0x90,0x90,0x00,0x00,,,,,"Set torque = 0"
130741,RX,0x181,6,0x40,0x40,0x11,0x43,0x80,0x00,0x0B,,"Status word = 0x4311"
130748,RX,0x181,4,0x30,0x30,0x00,0x00,0x01,,,,"Speed feedback = 0 rpm"
130761,TX,0x201,3,0x90,0x90,0x00,0x00,,,,,"Set torque = 0"
130787,TX,0x201,3,0x90,0x90,0x00,0x00,,,,,"Set torque = 0"
130797,RX,0x181,6,0x40,0x40,0x11,0x43,0x80,0x00,0x0B,,"Status word = 0x4311"
130804,RX,0x181,4,0x30,0x30,0x00,0x00,0x01,,,,"Speed feedback = 0 rpm"
130813,TX,0x201,3,0x90,0x90,0x00,0x00,,,,,"Set torque = 0"
130839,TX,0x201,3,0x90,0x90,0x00,0x00,,,,,"Set torque = 0"
130865,TX,0x201,3,0x90,0x90,0x00,0x00,,,,,"Set torque = 0"
130891,TX,0x201,3,0x90,0x90,0x00,0x00,,,,,"Set torque = 0"
130897,RX,0x181,6,0x40,0x40,0x11,0x43,0x80,0x00,0x0B,,"Status word = 0x4311"
130904,RX,0x181,4,0x30,0x30,0x00,0x00,0x01,,,,"Speed feedback = 0 rpm"
130917,TX,0x201,3,0x90,0x90,0x00,0x00,,,,,"Set torque = 0"
130943,TX,0x201,3,0x90,0x90,0x00,0x00,,,,,"Set torque = 0"
130969,TX,0x201,3,0x90,0x90,0x00,0x00,,,,,"Set torque = 0"
130996,TX,0x201,3,0x90,0x90,0x00,0x00,,,,,"Set torque = 0"
131002,RX,0x181,6,0x40,0x40,0x11,0x43,0x80,0x00,0x0B,,"Status word = 0x4311"
131008,RX,0x181,4,0x30,0x30,0x00,0x00,0x01,,,,"Speed feedback = 0 rpm"
131022,TX,0x201,3,0x90,0x90,0x00,0x00,,,,,"Set torque = 0"
131048,TX,0x201,3,0x90,0x90,0x00,0x00,,,,,"Set torque = 0"
131074,TX,0x201,3,0x90,0x90,0x00,0x00,,,,,"Set torque = 0"
131097,RX,0x181,6,0x40,0x40,0x11,0x43,0x80,0x00,0x0B,,"Status word = 0x4311"
131103,TX,0x201,3,0x90,0x90,0x00,0x00,,,,,"Set torque = 0"
131206,RX,0x181,4,0x30,0x30,0x00,0x00,0x01,,,,"Speed feedback = 0 rpm"
131212,RX,0x181,6,0x40,0x40,0x11,0x43,0x80,0x00,0x0B,,"Status word = 0x4311"
131219,RX,0x181,4,0x30,0x30,0x00,0x00,0x01,,,,"Speed feedback = 0 rpm"
131226,TX,0x201,3,0x90,0x90,0x00,0x00,,,,,"Set torque = 0"
131253,TX,0x201,3,0x90,0x90,0x00,0x00,,,,,"Set torque = 0"
131279,TX,0x201,3,0x90,0x90,0x00,0x00,,,,,"Set torque = 0"
131296,RX,0x181,6,0x40,0x40,0x11,0x43,0x80,0x00,0x0B,,"Status word = 0x4311"
131303,RX,0x181,4,0x30,0x30,0x00,0x00,0x01,,,,"Speed feedback = 0 rpm"
131310,TX,0x201,3,0x90,0x90,0x00,0x00,,,,,"Set torque = 0"
131337,TX,0x201,3,0x90,0x90,0x00,0x00,,,,,"Set torque = 0"
131363,TX,0x201,3,0x90,0x90,0x00,0x00,,,,,"Set torque = 0"
131389,TX,0x201,3,0x90,0x90,0x00,0x00,,,,,"Set torque = 0"
131396,RX,0x181,6,0x40,0x40,0x11,0x43,0x80,0x00,0x0B,,"Status word = 0x4311"
131403,RX,0x181,4,0x30,0x30,0x00,0x00,0x01,,,,"Speed feedback = 0 rpm"
131415,TX,0x201,3,0x90,0x90,0x00,0x00,,,,,"Set torque = 0"
131441,TX,0x201,3,0x90,0x90,0x00,0x00,,,,,"Set torque = 0"
131467,TX,0x201,3,0x90,0x90,0x00,0x00,,,,,"Set torque = 0"
131493,TX,0x201,3,0x90,0x90,0x00,0x00,,,,,"Set torque = 0"
131500,RX,0x181,6,0x40,0x40,0x11,0x43,0x80,0x00,0x0B,,"Status word = 0x4311"
131506,RX,0x181,4,0x30,0x30,0x00,0x00,0x01,,,,"Speed feedback = 0 rpm"
131520,TX,0x201,3,0x90,0x90,0x00,0x00,,,,,"Set torque = 0"
131546,TX,0x201,3,0x90,0x90,0x00,0x00,,,,,"Set torque = 0"
131572,TX,0x201,3,0x90,0x90,0x00,0x00,,,,,"Set torque = 0"
131596,RX,0x181,6,0x40,0x40,0x11,0x43,0x80,0x00,0x0B,,"Status word = 0x4311"
131685,RX,0x181,4,0x30,0x30,0x00,0x00,0x01,,,,"Speed feedback = 0 rpm"
131692,TX,0x201,3,0x90,0x90,0x00,0x00,,,,,"Set torque = 0"
131699,RX,0x181,6,0x40,0x40,0x11,0x43,0x80,0x00,0x0B,,"Status word = 0x4311"
131706,RX,0x181,4,0x30,0x30,0x00,0x00,0x01,,,,"Speed feedback = 0 rpm"
131719,TX,0x201,3,0x90,0x90,0x00,0x00,,,,,"Set torque = 0"
131745,TX,0x201,3,0x90,0x90,0x00,0x00,,,,,"Set torque = 0"
131771,TX,0x201,3,0x90,0x90,0x00,0x00,,,,,"Set torque = 0"
131796,RX,0x181,6,0x40,0x40,0x11,0x43,0x80,0x00,0x0B,,"Status word = 0x4311"
131802,TX,0x201,3,0x90,0x90,0x00,0x00,,,,,"Set torque = 0"
131809,RX,0x181,4,0x30,0x30,0x00,0x00,0x01,,,,"Speed feedback = 0 rpm"
131829,TX,0x201,3,0x90,0x90,0x00,0x00,,,,,"Set torque = 0"
131855,TX,0x201,3,0x90,0x90,0x00,0x00,,,,,"Set torque = 0"
131882,TX,0x201,3,0x90,0x90,0x00,0x00,,,,,"Set torque = 0"
131895,RX,0x181,6,0x40,0x40,0x11,0x43,0x80,0x00,0x0B,,"Status word = 0x4311"
131902,RX,0x181,4,0x30,0x30,0x00,0x00,0x01,,,,"Speed feedback = 0 rpm"
131909,TX,0x201,3,0x90,0x90,0x00,0x00,,,,,"Set torque = 0"
131936,TX,0x201,3,0x90,0x90,0x00,0x00,,,,,"Set torque = 0"
131962,TX,0x201,3,0x90,0x90,0x00,0x00,,,,,"Set torque = 0"
131988,TX,0x201,3,0x90,0x90,0x00,0x00,,,,,"Set torque = 0"
131995,RX,0x181,6,0x40,0x40,0x11,0x43,0x80,0x00,0x0B,,"Status word = 0x4311"
132002,RX,0x181,4,0x30,0x30,0x00,0x00,0x01,,,,"Speed feedback = 0 rpm"
132014,TX,0x201,3,0x90,0x90,0x00,0x00,,,,,"Set torque = 0"
132040,TX,0x201,3,0x90,0x90,0x00,0x00,,,,,"Set torque = 0"
132066,TX,0x201,3,0x90,0x90,0x00,0x00,,,,,"Set torque = 0"
132158,RX,0x181,6,0x40,0x40,0x11,0x43,0x80,0x00,0x0B,,"Status word = 0x4311"
132165,RX,0x181,4,0x30,0x30,0x00,0x00,0x01,,,,"Speed feedback = 0 rpm"
132178,TX,0x201,3,0x90,0x90,0x00,0x00,,,,,"Set torque = 0"
132195,RX,0x181,6,0x40,0x40,0x11,0x43,0x80,0x00,0x0B,,"Status word = 0x4311"
132202,RX,0x181,4,0x30,0x30,0x00,0x00,0x01,,,,"Speed feedback = 0 rpm"
132209,TX,0x201,3,0x90,0x90,0x00,0x00,,,,,"Set torque = 0"
132236,TX,0x201,3,0x90,0x90,0x00,0x00,,,,,"Set torque = 0"
132262,TX,0x201,3,0x90,0x90,0x00,0x00,,,,,"Set torque = 0"
132288,TX,0x201,3,0x90,0x90,0x00,0x00,,,,,"Set torque = 0"
132295,RX,0x181,6,0x40,0x40,0x11,0x43,0x80,0x00,0x0B,,"Status word = 0x4311"
132302,RX,0x181,4,0x30,0x30,0x00,0x00,0x01,,,,"Speed feedback = 0 rpm"
132314,TX,0x201,3,0x90,0x90,0x00,0x00,,,,,"Set torque = 0"
132340,TX,0x201,3,0x90,0x90,0x00,0x00,,,,,"Set torque = 0"
132366,TX,0x201,3,0x90,0x90,0x00,0x00,,,,,"Set torque = 0"
132392,TX,0x201,3,0x90,0x90,0x00,0x00,,,,,"Set torque = 0"
132399,RX,0x181,6,0x40,0x40,0x11,0x43,0x80,0x00,0x0B,,"Status word = 0x4311"
132405,RX,0x181,4,0x30,0x30,0x00,0x00,0x01,,,,"Speed feedback = 0 rpm"
132419,TX,0x201,3,0x90,0x90,0x00,0x00,,,,,"Set torque = 0"
132445,TX,0x201,3,0x90,0x90,0x00,0x00,,,,,"Set torque = 0"
132471,TX,0x201,3,0x90,0x90,0x00,0x00,,,,,"Set torque = 0"
132494,RX,0x181,6,0x40,0x40,0x11,0x43,0x80,0x00,0x0B,,"Status word = 0x4311"
132501,TX,0x201,3,0x90,0x90,0x00,0x00,,,,,"Set torque = 0"
132508,RX,0x181,4,0x30,0x30,0x00,0x00,0x01,,,,"Speed feedback = 0 rpm"
132528,TX,0x201,3,0x90,0x90,0x00,0x00,,,,,"Set torque = 0"
132621,RX,0x181,6,0x40,0x40,0x11,0x43,0x80,0x00,0x0B,,"Status word = 0x4311"
132628,RX,0x181,4,0x30,0x30,0x00,0x00,0x01,,,,"Speed feedback = 0 rpm"
132641,TX,0x201,3,0x90,0x90,0x00,0x00,,,,,"Set torque = 0"
132667,TX,0x201,3,0x90,0x90,0x00,0x00,,,,,"Set torque = 0"
132693,TX,0x201,3,0x90,0x90,0x00,0x00,,,,,"Set torque = 0"
132699,RX,0x181,6,0x40,0x40,0x11,0x43,0x80,0x00,0x0B,,"Status word = 0x4311"
132706,RX,0x181,4,0x30,0x30,0x00,0x00,0x01,,,,"Speed feedback = 0 rpm"
132719,TX,0x201,3,0x90,0x90,0x00,0x00,,,,,"Set torque = 0"
132745,TX,0x201,3,0x90,0x90,0x00,0x00,,,,,"Set torque = 0"
132772,TX,0x201,3,0x90,0x90,0x00,0x00,,,,,"Set torque = 0"
132794,RX,0x181,6,0x40,0x40,0x11,0x43,0x80,0x00,0x0B,,"Status word = 0x4311"
132801,TX,0x201,3,0x90,0x90,0x00,0x00,,,,,"Set torque = 0"
132808,RX,0x181,4,0x30,0x30,0x00,0x00,0x01,,,,"Speed feedback = 0 rpm"
132828,TX,0x201,3,0x90,0x90,0x00,0x00,,,,,"Set torque = 0"
132854,TX,0x201,3,0x90,0x90,0x00,0x00,,,,,"Set torque = 0"
132880,TX,0x201,3,0x90,0x90,0x00,0x00,,,,,"Set torque = 0"
132894,RX,0x181,6,0x40,0x40,0x11,0x43,0x80,0x00,0x0B,,"Status word = 0x4311"
132901,RX,0x181,4,0x30,0x30,0x00,0x00,0x01,,,,"Speed feedback = 0 rpm"
132908,TX,0x201,3,0x90,0x90,0x00,0x00,,,,,"Set torque = 0"
132935,TX,0x201,3,0x90,0x90,0x00,0x00,,,,,"Set torque = 0"
132961,TX,0x201,3,0x90,0x90,0x00,0x00,,,,,"Set torque = 0"
132987,TX,0x201,3,0x90,0x90,0x00,0x00,,,,,"Set torque = 0"
132994,RX,0x181,6,0x40,0x40,0x11,0x43,0x80,0x00,0x0B,,"Status word = 0x4311"
133001,RX,0x181,4,0x30,0x30,0x00,0x00,0x01,,,,"Speed feedback = 0 rpm"
133095,RX,0x181,6,0x40,0x40,0x11,0x43,0x80,0x00,0x0B,,"Status word = 0x4311"
133102,RX,0x181,4,0x30,0x30,0x00,0x00,0x01,,,,"Speed feedback = 0 rpm"
133109,TX,0x201,3,0x90,0x90,0x00,0x00,,,,,"Set torque = 0"
133136,TX,0x201,3,0x90,0x90,0x00,0x00,,,,,"Set torque = 0"
133162,TX,0x201,3,0x90,0x90,0x00,0x00,,,,,"Set torque = 0"
133188,TX,0x201,3,0x90,0x90,0x00,0x00,,,,,"Set torque = 0"
133194,RX,0x181,6,0x40,0x40,0x11,0x43,0x80,0x00,0x0B,,"Status word = 0x4311"
133201,RX,0x181,4,0x30,0x30,0x00,0x00,0x01,,,,"Speed feedback = 0 rpm"
133214,TX,0x201,3,0x90,0x90,0x00,0x00,,,,,"Set torque = 0"
133240,TX,0x201,3,0x90,0x90,0x00,0x00,,,,,"Set torque = 0"
133266,TX,0x201,3,0x90,0x90,0x00,0x00,,,,,"Set torque = 0"
133292,TX,0x201,3,0x90,0x90,0x00,0x00,,,,,"Set torque = 0"
133299,RX,0x181,6,0x40,0x40,0x11,0x43,0x80,0x00,0x0B,,"Status word = 0x4311"
133305,RX,0x181,4,0x30,0x30,0x00,0x00,0x01,,,,"Speed feedback = 0 rpm"
133319,TX,0x201,3,0x90,0x90,0x00,0x00,,,,,"Set torque = 0"
133345,TX,0x201,3,0x90,0x90,0x00,0x00,,,,,"Set torque = 0"
133371,TX,0x201,3,0x90,0x90,0x00,0x00,,,,,"Set torque = 0"
133393,RX,0x181,6,0x40,0x40,0x11,0x43,0x80,0x00,0x0B,,"Status word = 0x4311"
133400,TX,0x201,3,0x90,0x90,0x00,0x00,,,,,"Set torque = 0"
133407,RX,0x181,4,0x30,0x30,0x00,0x00,0x01,,,,"Speed feedback = 0 rpm"
133427,TX,0x201,3,0x90,0x90,0x00,0x00,,,,,"Set torque = 0"
133453,TX,0x201,3,0x90,0x90,0x00,0x00,,,,,"Set torque = 0"
133479,TX,0x201,3,0x90,0x90,0x00,0x00,,,,,"Set torque = 0"
133493,RX,0x181,6,0x40,0x40,0x11,0x43,0x80,0x00,0x0B,,"Status word = 0x4311"
133589,RX,0x181,4,0x30,0x30,0x00,0x00,0x01,,,,"Speed feedback = 0 rpm"
133596,RX,0x181,6,0x40,0x40,0x11,0x43,0x80,0x00,0x0B,,"Status word = 0x4311"
133603,RX,0x181,4,0x30,0x30,0x00,0x00,0x01,,,,"Speed feedback = 0 rpm"
133610,TX,0x201,3,0x90,0x90,0x00,0x00,,,,,"Set torque = 0"
133637,TX,0x201,3,0x90,0x90,0x00,0x00,,,,,"Set torque = 0"
133663,TX,0x201,3,0x90,0x90,0x00,0x00,,,,,"Set torque = 0"
133690,TX,0x201,3,0x90,0x90,0x00,0x00,,,,,"Set torque = 0"
133696,RX,0x181,6,0x40,0x40,0x11,0x43,0x80,0x00,0x0B,,"Status word = 0x4311"
133703,RX,0x181,4,0x30,0x30,0x00,0x00,0x01,,,,"Speed feedback = 0 rpm"
133716,TX,0x201,3,0x90,0x90,0x00,0x00,,,,,"Set torque = 0"
133742,TX,0x201,3,0x90,0x90,0x00,0x00,,,,,"Set torque = 0"
133768,TX,0x201,3,0x90,0x90,0x00,0x00,,,,,"Set torque = 0"
133792,RX,0x181,6,0x40,0x40,0x11,0x43,0x80,0x00,0x0B,,"Status word = 0x4311"
133799,TX,0x201,3,0x90,0x90,0x00,0x00,,,,,"Set torque = 0"
133806,RX,0x181,4,0x30,0x30,0x00,0x00,0x01,,,,"Speed feedback = 0 rpm"
133826,TX,0x201,3,0x90,0x90,0x00,0x00,,,,,"Set torque = 0"
133852,TX,0x201,3,0x90,0x90,0x08,0x02,,,,,"Set torque = 520"
133878,TX,0x201,3,0x90,0x90,0x03,0x08,,,,,"Set torque = 2051"
133892,RX,0x181,6,0x40,0x40,0x11,0x43,0x80,0x00,0x0B,,"Status word = 0x4311"
133899,RX,0x181,4,0x30,0x30,0x00,0x00,0x01,,,,"Speed feedback = 0 rpm"
133905,TX,0x201,3,0x90,0x90,0xD7,0x0B,,,,,"Set torque = 3031"
133932,TX,0x201,3,0x90,0x90,0x31,0x0F,,,,,"Set torque = 3889"
133958,TX,0x201,3,0x90,0x90,0xD5,0x0E,,,,,"Set torque = 3797"
133984,TX,0x201,3,0x90,0x90,0xB6,0x0E,,,,,"Set torque = 3766"
134081,RX,0x181,6,0x40,0x40,0x11,0x43,0x80,0x00,0x0B,,"Status word = 0x4311"
134088,RX,0x181,4,0x30,0x30,0x00,0x00,0x01,,,,"Speed feedback = 0 rpm"
134095,RX,0x181,6,0x40,0x40,0x11,0x41,0x80,0x00,0x0B,,"Status word = 0x4111"
134102,RX,0x181,4,0x30,0x30,0x3F,0x01,0x01,,,,"Speed feedback = 319 rpm"
134108,TX,0x201,3,0x90,0x90,0xDB,0x13,,,,,"Set torque = 5083"
134135,TX,0x201,3,0x90,0x90,0x21,0x16,,,,,"Set torque = 5665"
134161,TX,0x201,3,0x90,0x90,0x90,0x17,,,,,"Set torque = 6032"
134187,TX,0x201,3,0x90,0x90,0x85,0x18,,,,,"Set torque = 6277"
134193,RX,0x181,6,0x40,0x40,0x11,0x41,0x80,0x00,0x0B,,"Status word = 0x4111"
134200,RX,0x181,4,0x30,0x30,0x8F,0x01,0x01,,,,"Speed feedback = 399 rpm"
134213,TX,0x201,3,0x90,0x90,0x99,0x19,,,,,"Set torque = 6553"
134239,TX,0x201,3,0x90,0x90,0x1E,0x19,,,,,"Set torque = 6430"
134265,TX,0x201,3,0x90,0x90,0xE1,0x18,,,,,"Set torque = 6369"
134291,TX,0x201,3,0x90,0x90,0xE1,0x18,,,,,"Set torque = 6369"
134297,RX,0x181,6,0x40,0x40,0x11,0x41,0x80,0x00,0x0B,,"Status word = 0x4111"
134304,RX,0x181,4,0x30,0x30,0x67,0x01,0x01,,,,"Speed feedback = 359 rpm"
134317,TX,0x201,3,0x90,0x90,0x99,0x19,,,,,"Set torque = 6553"
134343,TX,0x201,3,0x90,0x90,0xE1,0x18,,,,,"Set torque = 6369"
134370,TX,0x201,3,0x90,0x90,0xC0,0x1B,,,,,"Set torque = 7104"
134391,RX,0x181,6,0x40,0x40,0x11,0x41,0x80,0x00,0x0B,,"Status word = 0x4111"
134398,TX,0x201,3,0x90,0x90,0xF2,0x1C,,,,,"Set torque = 7410"
134405,RX,0x181,4,0x30,0x30,0x8F,0x01,0x01,,,,"Speed feedback = 399 rpm"
134425,TX,0x201,3,0x90,0x90,0x1A,0x1F,,,,,"Set torque = 7962"
134451,TX,0x201,3,0x90,0x90,0x9D,0x21,,,,,"Set torque = 8605"
134544,RX,0x181,6,0x40,0x40,0x11,0x41,0x80,0x00,0x0B,,"Status word = 0x4111"
134551,RX,0x181,4,0x30,0x30,0x8F,0x01,0x01,,,,"Speed feedback = 399 rpm"
134564,TX,0x201,3,0x90,0x90,0x15,0x25,,,,,"Set torque = 9493"
134591,TX,0x201,3,0x90,0x90,0x5B,0x27,,,,,"Set torque = 10075"
134597,RX,0x181,6,0x40,0x40,0x11,0x41,0x80,0x00,0x0B,,"Status word = 0x4111"
134604,RX,0x181,4,0x30,0x30,0x67,0x01,0x01,,,,"Speed feedback = 359 rpm"
134617,TX,0x201,3,0x90,0x90,0xF4,0x27,,,,,"Set torque = 10228"
134643,TX,0x201,3,0x90,0x90,0x95,0x2A,,,,,"Set torque = 10901"
134669,TX,0x201,3,0x90,0x90,0x42,0x2C,,,,,"Set torque = 11330"
134691,RX,0x181,6,0x40,0x40,0x11,0x41,0x80,0x00,0x0B,,"Status word = 0x4111"
134698,TX,0x201,3,0x90,0x90,0xFA,0x2C,,,,,"Set torque = 11514"
134704,RX,0x181,4,0x30,0x30,0x67,0x01,0x01,,,,"Speed feedback = 359 rpm"
134724,TX,0x201,3,0x90,0x90,0xE4,0x2E,,,,,"Set torque = 12004"
134750,TX,0x201,3,0x90,0x90,0x72,0x30,,,,,"Set torque = 12402"
134776,TX,0x201,3,0x90,0x90,0xA4,0x31,,,,,"Set torque = 12708"
134791,RX,0x181,6,0x40,0x40,0x11,0x41,0x80,0x00,0x0B,,"Status word = 0x4111"
134798,RX,0x181,4,0x30,0x30,0x8F,0x01,0x01,,,,"Speed feedback = 399 rpm"
134805,TX,0x201,3,0x90,0x90,0xD6,0x32,,,,,"Set torque = 13014"
134832,TX,0x201,3,0x90,0x90,0x09,0x34,,,,,"Set torque = 13321"
134858,TX,0x201,3,0x90,0x90,0x70,0x33,,,,,"Set torque = 13168"
134884,TX,0x201,3,0x90,0x90,0x70,0x33,,,,,"Set torque = 13168"
134891,RX,0x181,6,0x40,0x40,0x11,0x41,0x80,0x00,0x0B,,"Status word = 0x4111"
134898,RX,0x181,4,0x30,0x30,0x67,0x01,0x01,,,,"Speed feedback = 359 rpm"
134911,TX,0x201,3,0x90,0x90,0x1C,0x35,,,,,"Set torque = 13596"
135000,RX,0x181,6,0x40,0x40,0x11,0x41,0x80,0x00,0x0B,,"Status word = 0x4111"
135007,RX,0x181,4,0x30,0x30,0x67,0x01,0x01,,,,"Speed feedback = 359 rpm"
135020,TX,0x201,3,0x90,0x90,0x8C,0x36,,,,,"Set torque = 13964"
135046,TX,0x201,3,0x90,0x90,0xB5,0x35,,,,,"Set torque = 13749"
135072,TX,0x201,3,0x90,0x90,0xCB,0x33,,,,,"Set torque = 13259"
135090,RX,0x181,6,0x40,0x40,0x11,0x41,0x80,0x00,0x0B,,"Status word = 0x4111"
135097,RX,0x181,4,0x30,0x30,0x8F,0x01,0x01,,,,"Speed feedback = 399 rpm"
135104,TX,0x201,3,0x90,0x90,0x9F,0x37,,,,,"Set torque = 14239"
135130,TX,0x201,3,0x90,0x90,0xF0,0x38,,,,,"Set torque = 14576"
135156,TX,0x201,3,0x90,0x90,0x57,0x38,,,,,"Set torque = 14423"
135182,TX,0x201,3,0x90,0x90,0x60,0x3A,,,,,"Set torque = 14944"
135190,RX,0x181,6,0x40,0x40,0x11,0x41,0x80,0x00,0x0B,,"Status word = 0x4111"
135197,RX,0x181,4,0x30,0x30,0x8F,0x01,0x01,,,,"Speed feedback = 399 rpm"
135208,TX,0x201,3,0x90,0x90,0x9D,0x3A,,,,,"Set torque = 15005"
135234,TX,0x201,3,0x90,0x90,0xB1,0x3B,,,,,"Set torque = 15281"
135261,TX,0x201,3,0x90,0x90,0xCF,0x3B,,,,,"Set torque = 15311"
135287,TX,0x201,3,0x90,0x90,0xEE,0x3B,,,,,"Set torque = 15342"
135293,RX,0x181,6,0x40,0x40,0x11,0x41,0x80,0x00,0x0B,,"Status word = 0x4111"
135300,RX,0x181,4,0x30,0x30,0xB7,0x01,0x01,,,,"Speed feedback = 439 rpm"
135313,TX,0x201,3,0x90,0x90,0xA6,0x3C,,,,,"Set torque = 15526"
135339,TX,0x201,3,0x90,0x90,0x15,0x3E,,,,,"Set torque = 15893"
135365,TX,0x201,3,0x90,0x90,0x52,0x3E,,,,,"Set torque = 15954"
135390,RX,0x181,6,0x40,0x40,0x11,0x41,0x80,0x00,0x0B,,"Status word = 0x4111"
135396,TX,0x201,3,0x90,0x90,0xFF,0x3F,,,,,"Set torque = 16383"
135486,RX,0x181,4,0x30,0x30,0x8F,0x01,0x01,,,,"Speed feedback = 399 rpm"
135493,RX,0x181,6,0x40,0x40,0x11,0x41,0x80,0x00,0x0B,,"Status word = 0x4111"
135500,RX,0x181,4,0x30,0x30,0x8F,0x01,0x01,,,,"Speed feedback = 399 rpm"
135506,TX,0x201,3,0x90,0x90,0xFF,0x3F,,,,,"Set torque = 16383"
135533,TX,0x201,3,0x90,0x90,0xFF,0x3F,,,,,"Set torque = 16383"
135559,TX,0x201,3,0x90,0x90,0xFF,0x3F,,,,,"Set torque = 16383"
135585,TX,0x201,3,0x90,0x90,0xFF,0x3F,,,,,"Set torque = 16383"
135591,RX,0x181,6,0x40,0x40,0x11,0x41,0x80,0x00,0x0B,,"Status word = 0x4111"
135598,RX,0x181,4,0x30,0x30,0x67,0x01,0x01,,,,"Speed feedback = 359 rpm"
135611,TX,0x201,3,0x90,0x90,0xFF,0x3F,,,,,"Set torque = 16383"
135637,TX,0x201,3,0x90,0x90,0xFF,0x3F,,,,,"Set torque = 16383"
135663,TX,0x201,3,0x90,0x90,0xFF,0x3F,,,,,"Set torque = 16383"
135689,TX,0x201,3,0x90,0x90,0xFF,0x3F,,,,,"Set torque = 16383"
135695,RX,0x181,6,0x40,0x40,0x11,0x41,0x80,0x00,0x0B,,"Status word = 0x4111"
135702,RX,0x181,4,0x30,0x30,0x67,0x01,0x01,,,,"Speed feedback = 359 rpm"
135715,TX,0x201,3,0x90,0x90,0xFF,0x3F,,,,,"Set torque = 16383"
135741,TX,0x201,3,0x90,0x90,0xFF,0x3F,,,,,"Set torque = 16383"
135767,TX,0x201,3,0x90,0x90,0xFF,0x3F,,,,,"Set torque = 16383"
135789,RX,0x181,6,0x40,0x40,0x11,0x41,0x80,0x00,0x0B,,"Status word = 0x4111"
135796,TX,0x201,3,0x90,0x90,0xFF,0x3F,,,,,"Set torque = 16383"
135803,RX,0x181,4,0x30,0x30,0x8F,0x01,0x01,,,,"Speed feedback = 399 rpm"
135823,TX,0x201,3,0x90,0x90,0xFF,0x3F,,,,,"Set torque = 16383"
135849,TX,0x201,3,0x90,0x90,0xFF,0x3F,,,,,"Set torque = 16383"
135875,TX,0x201,3,0x90,0x90,0xFF,0x3F,,,,,"Set torque = 16383"
135965,RX,0x181,6,0x40,0x40,0x11,0x41,0x80,0x00,0x0B,,"Status word = 0x4111"
135972,RX,0x181,4,0x30,0x30,0x8F,0x01,0x01,,,,"Speed feedback = 399 rpm"
135985,TX,0x201,3,0x90,0x90,0xFF,0x3F,,,,,"Set torque = 16383"
135992,RX,0x181,6,0x40,0x40,0x11,0x41,0x80,0x00,0x0B,,"Status word = 0x4111"
136001,RX,0x181,4,0x30,0x30,0x8F,0x01,0x01,,,,"Speed feedback = 399 rpm"
136012,TX,0x201,3,0x90,0x90,0xFF,0x3F,,,,,"Set torque = 16383"
136038,TX,0x201,3,0x90,0x90,0xFF,0x3F,,,,,"Set torque = 16383"
136064,TX,0x201,3,0x90,0x90,0xFF,0x3F,,,,,"Set torque = 16383"
136089,RX,0x181,6,0x40,0x40,0x11,0x41,0x80,0x00,0x0B,,"Status word = 0x4111"
136096,TX,0x201,3,0x90,0x90,0xFF,0x3F,,,,,"Set torque = 16383"
136102,RX,0x181,4,0x30,0x30,0x8F,0x01,0x01,,,,"Speed feedback = 399 rpm"
136122,TX,0x201,3,0x90,0x90,0xFF,0x3F,,,,,"Set torque = 16383"
136148,TX,0x201,3,0x90,0x90,0xFF,0x3F,,,,,"Set torque = 16383"
136174,TX,0x201,3,0x90,0x90,0xFF,0x3F,,,,,"Set torque = 16383"
136189,RX,0x181,6,0x40,0x40,0x11,0x41,0x80,0x00,0x0B,,"Status word = 0x4111"
136196,RX,0x181,4,0x30,0x30,0x8F,0x01,0x01,,,,"Speed feedback = 399 rpm"
136202,TX,0x201,3,0x90,0x90,0xFF,0x3F,,,,,"Set torque = 16383"
136229,TX,0x201,3,0x90,0x90,0xFF,0x3F,,,,,"Set torque = 16383"
136255,TX,0x201,3,0x90,0x90,0xFF,0x3F,,,,,"Set torque = 16383"
136281,TX,0x201,3,0x90,0x90,0xFF,0x3F,,,,,"Set torque = 16383"
136288,RX,0x181,6,0x40,0x40,0x11,0x41,0x80,0x00,0x0B,,"Status word = 0x4111"
136295,RX,0x181,4,0x30,0x30,0x67,0x01,0x01,,,,"Speed feedback = 359 rpm"
136308,TX,0x201,3,0x90,0x90,0xFF,0x3F,,,,,"Set torque = 16383"
136402,RX,0x181,6,0x40,0x40,0x11,0x41,0x80,0x00,0x0B,,"Status word = 0x4111"
136409,RX,0x181,4,0x30,0x30,0x8F,0x01,0x01,,,,"Speed feedback = 399 rpm"
136422,TX,0x201,3,0x90,0x90,0xFF,0x3F,,,,,"Set torque = 16383"
136448,TX,0x201,3,0x90,0x90,0xFF,0x3F,,,,,"Set torque = 16383"
136474,TX,0x201,3,0x90,0x90,0xFF,0x3F,,,,,"Set torque = 16383"
136488,RX,0x181,6,0x40,0x40,0x11,0x41,0x80,0x00,0x0B,,"Status word = 0x4111"
136495,RX,0x181,4,0x30,0x30,0x67,0x01,0x01,,,,"Speed feedback = 359 rpm"
136502,TX,0x201,3,0x90,0x90,0xFF,0x3F,,,,,"Set torque = 16383"
136529,TX,0x201,3,0x90,0x90,0xFF,0x3F,,,,,"Set torque = 16383"
136555,TX,0x201,3,0x90,0x90,0xFF,0x3F,,,,,"Set torque = 16383"
136581,TX,0x201,3,0x90,0x90,0xFF,0x3F,,,,,"Set torque = 16383"
136588,RX,0x181,6,0x40,0x40,0x11,0x41,0x80,0x00,0x0B,,"Status word = 0x4111"
136595,RX,0x181,4,0x30,0x30,0x67,0x01,0x01,,,,"Speed feedback = 359 rpm"
136607,TX,0x201,3,0x90,0x90,0xFF,0x3F,,,,,"Set torque = 16383"
136633,TX,0x201,3,0x90,0x90,0xFF,0x3F,,,,,"Set torque = 16383"
136660,TX,0x201,3,0x90,0x90,0xFF,0x3F,,,,,"Set torque = 16383"
136686,TX,0x201,3,0x90,0x90,0xFF,0x3F,,,,,"Set torque = 16383"
136692,RX,0x181,6,0x40,0x40,0x11,0x41,0x80,0x00,0x0B,,"Status word = 0x4111"
136699,RX,0x181,4,0x30,0x30,0x67,0x01,0x01,,,,"Speed feedback = 359 rpm"
136712,TX,0x201,3,0x90,0x90,0xFF,0x3F,,,,,"Set torque = 16383"
136738,TX,0x201,3,0x90,0x90,0xFF,0x3F,,,,,"Set torque = 16383"
136764,TX,0x201,3,0x90,0x90,0xFF,0x3F,,,,,"Set torque = 16383"
136788,RX,0x181,6,0x40,0x40,0x11,0x41,0x80,0x00,0x0B,,"Status word = 0x4111"
136794,TX,0x201,3,0x90,0x90,0xFF,0x3F,,,,,"Set torque = 16383"
136890,RX,0x181,4,0x30,0x30,0x8F,0x01,0x01,,,,"Speed feedback = 399 rpm"
136897,RX,0x181,4,0x30,0x30,0xB7,0x01,0x01,,,,"Speed feedback = 439 rpm"
136904,RX,0x181,6,0x40,0x40,0x11,0x41,0x80,0x00,0x0B,,"Status word = 0x4111"
136911,TX,0x201,3,0x90,0x90,0xFF,0x3F,,,,,"Set torque = 16383"
136937,TX,0x201,3,0x90,0x90,0xFF,0x3F,,,,,"Set torque = 16383"
136963,TX,0x201,3,0x90,0x90,0xFF,0x3F,,,,,"Set torque = 16383"
136987,RX,0x181,6,0x40,0x40,0x11,0x41,0x80,0x00,0x0B,,"Status word = 0x4111"
136994,TX,0x201,3,0x90,0x90,0xFF,0x3F,,,,,"Set torque = 16383"
137001,RX,0x181,4,0x30,0x30,0x8F,0x01,0x01,,,,"Speed feedback = 399 rpm"
137021,TX,0x201,3,0x90,0x90,0xFF,0x3F,,,,,"Set torque = 16383"
137047,TX,0x201,3,0x90,0x90,0xFF,0x3F,,,,,"Set torque = 16383"
137073,TX,0x201,3,0x90,0x90,0xFF,0x3F,,,,,"Set torque = 16383"
137087,RX,0x181,6,0x40,0x40,0x11,0x41,0x80,0x00,0x0B,,"Status word = 0x4111"
137094,RX,0x181,4,0x30,0x30,0x8F,0x01,0x01,,,,"Speed feedback = 399 rpm"
137101,TX,0x201,3,0x90,0x90,0xFF,0x3F,,,,,"Set torque = 16383"
137128,TX,0x201,3,0x90,0x90,0xFF,0x3F,,,,,"Set torque = 16383"
137154,TX,0x201,3,0x90,0x90,0xFF,0x3F,,,,,"Set torque = 16383"
137180,TX,0x201,3,0x90,0x90,0xFF,0x3F,,,,,"Set torque = 16383"
137187,RX,0x181,6,0x40,0x40,0x11,0x41,0x80,0x00,0x0B,,"Status word = 0x4111"
137194,RX,0x181,4,0x30,0x30,0x8F,0x01,0x01,,,,"Speed feedback = 399 rpm"
137207,TX,0x201,3,0x90,0x90,0xFF,0x3F,,,,,"Set torque = 16383"
137233,TX,0x201,3,0x90,0x90,0xFF,0x3F,,,,,"Set torque = 16383"
137259,TX,0x201,3,0x90,0x90,0xFF,0x3F,,,,,"Set torque = 16383"
137285,TX,0x201,3,0x90,0x90,0xFF,0x3F,,,,,"Set torque = 16383"
137381,RX,0x181,6,0x40,0x40,0x11,0x41,0x80,0x00,0x0B,,"Status word = 0x4111"
137388,RX,0x181,6,0x40,0x40,0x11,0x41,0x80,0x00,0x0B,,"Status word = 0x4111"
137394,RX,0x181,4,0x30,0x30,0x3F,0x01,0x01,,,,"Speed feedback = 319 rpm"
137401,RX,0x181,4,0x30,0x30,0x67,0x01,0x01,,,,"Speed feedback = 359 rpm"
137408,TX,0x201,3,0x90,0x90,0xFF,0x3F,,,,,"Set torque = 16383"
137435,TX,0x201,3,0x90,0x90,0xFF,0x3F,,,,,"Set torque = 16383"
137461,TX,0x201,3,0x90,0x90,0xFF,0x3F,,,,,"Set torque = 16383"
137487,TX,0x201,3,0x90,0x90,0xFF,0x3F,,,,,"Set torque = 16383"
137493,RX,0x181,6,0x40,0x40,0x11,0x41,0x80,0x00,0x0B,,"Status word = 0x4111"
137499,RX,0x181,4,0x30,0x30,0x67,0x01,0x01,,,,"Speed feedback = 359 rpm"
137513,TX,0x201,3,0x90,0x90,0xFF,0x3F,,,,,"Set torque = 16383"
137539,TX,0x201,3,0x90,0x90,0xFF,0x3F,,,,,"Set torque = 16383"
137566,TX,0x201,3,0x90,0x90,0xFF,0x3F,,,,,"Set torque = 16383"
137586,RX,0x181,6,0x40,0x40,0x11,0x41,0x80,0x00,0x0B,,"Status word = 0x4111"
137593,TX,0x201,3,0x90,0x90,0xFF,0x3F,,,,,"Set torque = 16383"
137600,RX,0x181,4,0x30,0x30,0xB7,0x01,0x01,,,,"Speed feedback = 439 rpm"
137620,TX,0x201,3,0x90,0x90,0xFF,0x3F,,,,,"Set torque = 16383"
137646,TX,0x201,3,0x90,0x90,0xFF,0x3F,,,,,"Set torque = 16383"
137672,TX,0x201,3,0x90,0x90,0xFF,0x3F,,,,,"Set torque = 16383"
137686,RX,0x181,6,0x40,0x40,0x11,0x41,0x80,0x00,0x0B,,"Status word = 0x4111"
137693,RX,0x181,4,0x30,0x30,0x67,0x01,0x01,,,,"Speed feedback = 359 rpm"
137700,TX,0x201,3,0x90,0x90,0xFF,0x3F,,,,,"Set torque = 16383"
137727,TX,0x201,3,0x90,0x90,0xFF,0x3F,,,,,"Set torque = 16383"
137753,TX,0x201,3,0x90,0x90,0xFF,0x3F,,,,,"Set torque = 16383"
137845,RX,0x181,6,0x40,0x40,0x11,0x41,0x80,0x00,0x0B,,"Status word = 0x4111"
137851,RX,0x181,4,0x30,0x30,0x8F,0x01,0x01,,,,"Speed feedback = 399 rpm"
137865,TX,0x201,3,0x90,0x90,0xFF,0x3F,,,,,"Set torque = 16383"
137886,RX,0x181,6,0x40,0x40,0x11,0x41,0x80,0x00,0x0B,,"Status word = 0x4111"
137893,TX,0x201,3,0x90,0x90,0xFF,0x3F,,,,,"Set torque = 16383"
137899,RX,0x181,4,0x30,0x30,0x67,0x01,0x01,,,,"Speed feedback = 359 rpm"
137919,TX,0x201,3,0x90,0x90,0xFF,0x3F,,,,,"Set torque = 16383"
137945,TX,0x201,3,0x90,0x90,0xFF,0x3F,,,,,"Set torque = 16383"
137971,TX,0x201,3,0x90,0x90,0xFF,0x3F,,,,,"Set torque = 16383"
137986,RX,0x181,6,0x40,0x40,0x11,0x41,0x80,0x00,0x0B,,"Status word = 0x4111"
137993,RX,0x181,4,0x30,0x30,0x67,0x01,0x01,,,,"Speed feedback = 359 rpm"
137999,TX,0x201,3,0x90,0x90,0xFF,0x3F,,,,,"Set torque = 16383"
138026,TX,0x201,3,0x90,0x90,0xFF,0x3F,,,,,"Set torque = 16383"
138052,TX,0x201,3,0x90,0x90,0xFF,0x3F,,,,,"Set torque = 16383"
138078,TX,0x201,3,0x90,0x90,0xFF,0x3F,,,,,"Set torque = 16383"
138086,RX,0x181,6,0x40,0x40,0x11,0x41,0x80,0x00,0x0B,,"Status word = 0x4111"
138093,RX,0x181,4,0x30,0x30,0x67,0x01,0x01,,,,"Speed feedback = 359 rpm"
138105,TX,0x201,3,0x90,0x90,0xFF,0x3F,,,,,"Set torque = 16383"
138131,TX,0x201,3,0x90,0x90,0xFF,0x3F,,,,,"Set torque = 16383"
138157,TX,0x201,3,0x90,0x90,0xFF,0x3F,,,,,"Set torque = 16383"
138183,TX,0x201,3,0x90,0x90,0xFF,0x3F,,,,,"Set torque = 16383"
138189,RX,0x181,6,0x40,0x40,0x11,0x41,0x80,0x00,0x0B,,"Status word = 0x4111"
138196,RX,0x181,4,0x30,0x30,0x8F,0x01,0x01,,,,"Speed feedback = 399 rpm"
138209,TX,0x201,3,0x90,0x90,0xFF,0x3F,,,,,"Set torque = 16383"
138299,RX,0x181,6,0x40,0x40,0x11,0x41,0x80,0x00,0x0B,,"Status word = 0x4111"
138306,RX,0x181,4,0x30,0x30,0x67,0x01,0x01,,,,"Speed feedback = 359 rpm"
138319,TX,0x201,3,0x90,0x90,0xFF,0x3F,,,,,"Set torque = 16383"
138345,TX,0x201,3,0x90,0x90,0xFF,0x3F,,,,,"Set torque = 16383"
138371,TX,0x201,3,0x90,0x90,0xFF,0x3F,,,,,"Set torque = 16383"
138385,RX,0x181,6,0x40,0x40,0x11,0x41,0x80,0x00,0x0B,,"Status word = 0x4111"
138392,RX,0x181,4,0x30,0x30,0x67,0x01,0x01,,,,"Speed feedback = 359 rpm"
138399,TX,0x201,3,0x90,0x90,0xFF,0x3F,,,,,"Set torque = 16383"
138426,TX,0x201,3,0x90,0x90,0xFF,0x3F,,,,,"Set torque = 16383"
138453,TX,0x201,3,0x90,0x90,0xFF,0x3F,,,,,"Set torque = 16383"
138479,TX,0x201,3,0x90,0x90,0xFF,0x3F,,,,,"Set torque = 16383"
138485,RX,0x181,6,0x40,0x40,0x11,0x41,0x80,0x00,0x0B,,"Status word = 0x4111"
138492,RX,0x181,4,0x30,0x30,0x67,0x01,0x01,,,,"Speed feedback = 359 rpm"
138505,TX,0x201,3,0x90,0x90,0xFF,0x3F,,,,,"Set torque = 16383"
138531,TX,0x201,3,0x90,0x90,0xFF,0x3F,,,,,"Set torque = 16383"
138557,TX,0x201,3,0x90,0x90,0xFF,0x3F,,,,,"Set torque = 16383"
138583,TX,0x201,3,0x90,0x90,0xFF,0x3F,,,,,"Set torque = 16383"
138589,RX,0x181,6,0x40,0x40,0x11,0x41,0x80,0x00,0x0B,,"Status word = 0x4111"
138596,RX,0x181,4,0x30,0x30,0x8F,0x01,0x01,,,,"Speed feedback = 399 rpm"
138609,TX,0x201,3,0x90,0x90,0xFF,0x3F,,,,,"Set torque = 16383"
138635,TX,0x201,3,0x90,0x90,0xFF,0x3F,,,,,"Set torque = 16383"
138661,TX,0x201,3,0x90,0x90,0xFF,0x3F,,,,,"Set torque = 16383"
138685,RX,0x181,6,0x40,0x40,0x11,0x41,0x80,0x00,0x0B,,"Status word = 0x4111"
138691,TX,0x201,3,0x90,0x90,0xFF,0x3F,,,,,"Set torque = 16383"
138781,RX,0x181,4,0x30,0x30,0x8F,0x01,0x01,,,,"Speed feedback = 399 rpm"
138788,RX,0x181,6,0x40,0x40,0x11,0x41,0x80,0x00,0x0B,,"Status word = 0x4111"
138795,RX,0x181,4,0x30,0x30,0x8F,0x01,0x01,,,,"Speed feedback = 399 rpm"
138801,TX,0x201,3,0x90,0x90,0xFF,0x3F,,,,,"Set torque = 16383"
138828,TX,0x201,3,0x90,0x90,0xFF,0x3F,,,,,"Set torque = 16383"
138854,TX,0x201,3,0x90,0x90,0xFF,0x3F,,,,,"Set torque = 16383"
138880,TX,0x201,3,0x90,0x90,0xFF,0x3F,,,,,"Set torque = 16383"
138886,RX,0x181,6,0x40,0x40,0x11,0x41,0x80,0x00,0x0B,,"Status word = 0x4111"
138893,RX,0x181,4,0x30,0x30,0x8F,0x01,0x01,,,,"Speed feedback = 399 rpm"
138906,TX,0x201,3,0x90,0x90,0xFF,0x3F,,,,,"Set torque = 16383"
138932,TX,0x201,3,0x90,0x90,0xFF,0x3F,,,,,"Set torque = 16383"
138958,TX,0x201,3,0x90,0x90,0xFF,0x3F,,,,,"Set torque = 16383"
138984,RX,0x181,6,0x40,0x40,0x11,0x41,0x80,0x00,0x0B,,"Status word = 0x4111"
138991,TX,0x201,3,0x90,0x90,0xFF,0x3F,,,,,"Set torque = 16383"
138998,RX,0x181,4,0x30,0x30,0x67,0x01,0x01,,,,"Speed feedback = 359 rpm"
139018,TX,0x201,3,0x90,0x90,0xFF,0x3F,,,,,"Set torque = 16383"
139044,TX,0x201,3,0x90,0x90,0xFF,0x3F,,,,,"Set torque = 16383"
139070,TX,0x201,3,0x90,0x90,0xFF,0x3F,,,,,"Set torque = 16383"
139084,RX,0x181,6,0x40,0x40,0x11,0x41,0x80,0x00,0x0B,,"Status word = 0x4111"
139091,RX,0x181,4,0x30,0x30,0x3F,0x01,0x01,,,,"Speed feedback = 319 rpm"
139098,TX,0x201,3,0x90,0x90,0xFF,0x3F,,,,,"Set torque = 16383"
139125,TX,0x201,3,0x90,0x90,0xFF,0x3F,,,,,"Set torque = 16383"
139151,TX,0x201,3,0x90,0x90,0xFF,0x3F,,,,,"Set torque = 16383"
139177,TX,0x201,3,0x90,0x90,0xFF,0x3F,,,,,"Set torque = 16383"
139267,RX,0x181,6,0x40,0x40,0x11,0x41,0x80,0x00,0x0B,,"Status word = 0x4111"
139273,RX,0x181,4,0x30,0x30,0x67,0x01,0x01,,,,"Speed feedback = 359 rpm"
139284,RX,0x181,6,0x40,0x40,0x11,0x41,0x80,0x00,0x0B,,"Status word = 0x4111"
139290,TX,0x201,3,0x90,0x90,0xFF,0x3F,,,,,"Set torque = 16383"
139297,RX,0x181,4,0x30,0x30,0x8F,0x01,0x01,,,,"Speed feedback = 399 rpm"
139317,TX,0x201,3,0x90,0x90,0xFF,0x3F,,,,,"Set torque = 16383"
139344,TX,0x201,3,0x90,0x90,0xFF,0x3F,,,,,"Set torque = 16383"
139370,TX,0x201,3,0x90,0x90,0xFF,0x3F,,,,,"Set torque = 16383"
139384,RX,0x181,6,0x40,0x40,0x11,0x41,0x80,0x00,0x0B,,"Status word = 0x4111"
139390,RX,0x181,4,0x30,0x30,0x8F,0x01,0x01,,,,"Speed feedback = 399 rpm"
139397,TX,0x201,3,0x90,0x90,0xFF,0x3F,,,,,"Set torque = 16383"
139424,TX,0x201,3,0x90,0x90,0xFF,0x3F,,,,,"Set torque = 16383"
139450,TX,0x201,3,0x90,0x90,0xFF,0x3F,,,,,"Set torque = 16383"
139476,TX,0x201,3,0x90,0x90,0xFF,0x3F,,,,,"Set torque = 16383"
139483,RX,0x181,6,0x40,0x40,0x11,0x41,0x80,0x00,0x0B,,"Status word = 0x4111"
139490,RX,0x181,4,0x30,0x30,0x67,0x01,0x01,,,,"Speed feedback = 359 rpm"
139502,TX,0x201,3,0x90,0x90,0xFF,0x3F,,,,,"Set torque = 16383"
139528,TX,0x201,3,0x90,0x90,0xFF,0x3F,,,,,"Set torque = 16383"
139554,TX,0x201,3,0x90,0x90,0xFF,0x3F,,,,,"Set torque = 16383"
139580,TX,0x201,3,0x90,0x90,0xFF,0x3F,,,,,"Set torque = 16383"
139586,RX,0x181,6,0x40,0x40,0x11,0x41,0x80,0x00,0x0B,,"Status word = 0x4111"
139593,RX,0x181,4,0x30,0x30,0x8F,0x01,0x01,,,,"Speed feedback = 399 rpm"
139606,TX,0x201,3,0x90,0x90,0xFF,0x3F,,,,,"Set torque = 16383"
139696,RX,0x181,6,0x40,0x40,0x11,0x41,0x80,0x00,0x0B,,"Status word = 0x4111"
139702,RX,0x181,4,0x30,0x30,0x8F,0x01,0x01,,,,"Speed feedback = 399 rpm"
139716,TX,0x201,3,0x90,0x90,0xFF,0x3F,,,,,"Set torque = 16383"
139742,TX,0x201,3,0x90,0x90,0xFF,0x3F,,,,,"Set torque = 16383"
139768,TX,0x201,3,0x90,0x90,0xFF,0x3F,,,,,"Set torque = 16383"
139783,RX,0x181,6,0x40,0x40,0x11,0x41,0x80,0x00,0x0B,,"Status word = 0x4111"
139790,RX,0x181,4,0x30,0x30,0x8F,0x01,0x01,,,,"Speed feedback = 399 rpm"
139797,TX,0x201,3,0x90,0x90,0xFF,0x3F,,,,,"Set torque = 16383"
139823,TX,0x201,3,0x90,0x90,0xFF,0x3F,,,,,"Set torque = 16383"
139850,TX,0x201,3,0x90,0x90,0xFF,0x3F,,,,,"Set torque = 16383"
139876,TX,0x201,3,0x90,0x90,0xFF,0x3F,,,,,"Set torque = 16383"
139883,RX,0x181,6,0x40,0x40,0x11,0x41,0x80,0x00,0x0B,,"Status word = 0x4111"
139890,RX,0x181,4,0x30,0x30,0x8F,0x01,0x01,,,,"Speed feedback = 399 rpm"
139902,TX,0x201,3,0x90,0x90,0xFF,0x3F,,,,,"Set torque = 16383"
139928,TX,0x201,3,0x90,0x90,0xFF,0x3F,,,,,"Set torque = 16383"
139954,TX,0x201,3,0x90,0x90,0xFF,0x3F,,,,,"Set torque = 16383"
139980,TX,0x201,3,0x90,0x90,0xFF,0x3F,,,,,"Set torque = 16383"
139986,RX,0x181,6,0x40,0x40,0x11,0x41,0x80,0x00,0x0B,,"Status word = 0x4111"
139993,RX,0x181,4,0x30,0x30,0x8F,0x01,0x01,,,,"Speed feedback = 399 rpm"
140006,TX,0x201,3,0x90,0x90,0xFF,0x3F,,,,,"Set torque = 16383"
140032,TX,0x201,3,0x90,0x90,0xFF,0x3F,,,,,"Set torque = 16383"
140058,TX,0x201,3,0x90,0x90,0xFF,0x3F,,,,,"Set torque = 16383"
140082,RX,0x181,6,0x40,0x40,0x11,0x41,0x80,0x00,0x0B,,"Status word = 0x4111"
140089,TX,0x201,3,0x90,0x90,0xA3,0x3F,,,,,"Set torque = 16291"
140179,RX,0x181,4,0x30,0x30,0x67,0x01,0x01,,,,"Speed feedback = 359 rpm"
140186,RX,0x181,6,0x40,0x40,0x11,0x41,0x80,0x00,0x0B,,"Status word = 0x4111"
140193,RX,0x181,4,0x30,0x30,0x8F,0x01,0x01,,,,"Speed feedback = 399 rpm"
140200,TX,0x201,3,0x90,0x90,0x84,0x0D,,,,,"Set torque = 3460"
140227,TX,0x201,3,0x90,0x90,0x27,0x02,,,,,"Set torque = 551"
140253,TX,0x201,3,0x90,0x90,0x00,0x00,,,,,"Set torque = 0"
140279,TX,0x201,3,0x90,0x90,0x00,0x00,,,,,"Set torque = 0"
140285,RX,0x181,6,0x40,0x40,0x11,0x41,0x80,0x00,0x0B,,"Status word = 0x4111"
140292,RX,0x181,4,0x30,0x30,0x67,0x01,0x01,,,,"Speed feedback = 359 rpm"
140305,TX,0x201,3,0x90,0x90,0x00,0x00,,,,,"Set torque = 0"
140331,TX,0x201,3,0x90,0x90,0x00,0x00,,,,,"Set torque = 0"
140357,TX,0x201,3,0x90,0x90,0x00,0x00,,,,,"Set torque = 0"
140382,RX,0x181,6,0x40,0x40,0x11,0x41,0x80,0x00,0x0B,,"Status word = 0x4111"
140389,TX,0x201,3,0x90,0x90,0x00,0x00,,,,,"Set torque = 0"
140396,RX,0x181,4,0x30,0x30,0x3F,0x01,0x01,,,,"Speed feedback = 319 rpm"
140416,TX,0x201,3,0x90,0x90,0x00,0x00,,,,,"Set torque = 0"
140442,TX,0x201,3,0x90,0x90,0x00,0x00,,,,,"Set torque = 0"
140468,TX,0x201,3,0x90,0x90,0x00,0x00,,,,,"Set torque = 0"
140482,RX,0x181,6,0x40,0x40,0x11,0x41,0x80,0x00,0x0B,,"Status word = 0x4111"
140489,RX,0x181,4,0x30,0x30,0x17,0x01,0x01,,,,"Speed feedback = 279 rpm"
140496,TX,0x201,3,0x90,0x90,0x00,0x00,,,,,"Set torque = 0"
140523,TX,0x201,3,0x90,0x90,0x00,0x00,,,,,"Set torque = 0"
140549,TX,0x201,3,0x90,0x90,0x00,0x00,,,,,"Set torque = 0"
140575,TX,0x201,3,0x90,0x90,0x00,0x00,,,,,"Set torque = 0"
140667,RX,0x181,6,0x40,0x40,0x11,0x41,0x80,0x00,0x0B,,"Status word = 0x4111"
140674,RX,0x181,4,0x30,0x30,0xEF,0x00,0x01,,,,"Speed feedback = 239 rpm"
140681,RX,0x181,6,0x40,0x40,0x11,0x41,0x80,0x00,0x0B,,"Status word = 0x4111"
140688,TX,0x201,3,0x90,0x90,0x00,0x00,,,,,"Set torque = 0"
140695,RX,0x181,4,0x30,0x30,0xC7,0x00,0x01,,,,"Speed feedback = 199 rpm"
140715,TX,0x201,3,0x90,0x90,0x00,0x00,,,,,"Set torque = 0"
140744,TX,0x201,3,0x90,0x90,0x00,0x00,,,,,"Set torque = 0"
140770,TX,0x201,3,0x90,0x90,0x00,0x00,,,,,"Set torque = 0"
140781,RX,0x181,6,0x40,0x40,0x11,0x41,0x80,0x00,0x0B,,"Status word = 0x4111"
140788,RX,0x181,4,0x30,0x30,0x77,0x00,0x01,,,,"Speed feedback = 119 rpm"
140796,TX,0x201,3,0x90,0x90,0x00,0x00,,,,,"Set torque = 0"
140822,TX,0x201,3,0x90,0x90,0x00,0x00,,,,,"Set torque = 0"
140848,TX,0x201,3,0x90,0x90,0x00,0x00,,,,,"Set torque = 0"
140874,TX,0x201,3,0x90,0x90,0x00,0x00,,,,,"Set torque = 0"
140881,RX,0x181,6,0x40,0x40,0x11,0x41,0x80,0x00,0x0B,,"Status word = 0x4111"
140888,RX,0x181,4,0x30,0x30,0x77,0x00,0x01,,,,"Speed feedback = 119 rpm"
140900,TX,0x201,3,0x90,0x90,0x00,0x00,,,,,"Set torque = 0"
140926,TX,0x201,3,0x90,0x90,0x00,0x00,,,,,"Set torque = 0"
140952,TX,0x201,3,0x90,0x90,0x00,0x00,,,,,"Set torque = 0"
140978,TX,0x201,3,0x90,0x90,0x00,0x00,,,,,"Set torque = 0"
140984,RX,0x181,6,0x40,0x40,0x11,0x41,0x80,0x00,0x0B,,"Status word = 0x4111"
140991,RX,0x181,4,0x30,0x30,0x4F,0x00,0x01,,,,"Speed feedback = 79 rpm"
141004,TX,0x201,3,0x90,0x90,0x00,0x00,,,,,"Set torque = 0"
141107,RX,0x181,6,0x40,0x40,0x11,0x41,0x80,0x00,0x0B,,"Status word = 0x4111"
141114,RX,0x181,4,0x30,0x30,0x27,0x00,0x01,,,,"Speed feedback = 39 rpm"
141127,TX,0x201,3,0x90,0x90,0x00,0x00,,,,,"Set torque = 0"
141153,TX,0x201,3,0x90,0x90,0x00,0x00,,,,,"Set torque = 0"
141179,TX,0x201,3,0x90,0x90,0x00,0x00,,,,,"Set torque = 0"
141185,RX,0x181,6,0x40,0x40,0x11,0x43,0x80,0x00,0x0B,,"Status word = 0x4311"
141192,RX,0x181,4,0x30,0x30,0x00,0x00,0x01,,,,"Speed feedback = 0 rpm"
141205,TX,0x201,3,0x90,0x90,0x00,0x00,,,,,"Set torque = 0"
141231,TX,0x201,3,0x90,0x90,0x00,0x00,,,,,"Set torque = 0"
141258,TX,0x201,3,0x90,0x90,0x00,0x00,,,,,"Set torque = 0"
141281,RX,0x181,6,0x40,0x40,0x11,0x43,0x80,0x00,0x0B,,"Status word = 0x4311"
141287,TX,0x201,3,0x90,0x90,0x00,0x00,,,,,"Set torque = 0"
141294,RX,0x181,4,0x30,0x30,0x00,0x00,0x01,,,,"Speed feedback = 0 rpm"
141314,TX,0x201,3,0x90,0x90,0x00,0x00,,,,,"Set torque = 0"
141340,TX,0x201,3,0x90,0x90,0x00,0x00,,,,,"Set torque = 0"
141366,TX,0x201,3,0x90,0x90,0x00,0x00,,,,,"Set torque = 0"
141380,RX,0x181,6,0x40,0x40,0x11,0x43,0x80,0x00,0x0B,,"Status word = 0x4311"
141387,RX,0x181,4,0x30,0x30,0x00,0x00,0x01,,,,"Speed feedback = 0 rpm"
141394,TX,0x201,3,0x90,0x90,0x00,0x00,,,,,"Set torque = 0"
141421,TX,0x201,3,0x90,0x90,0x00,0x00,,,,,"Set torque = 0"
141447,TX,0x201,3,0x90,0x90,0x00,0x00,,,,,"Set torque = 0"
141473,TX,0x201,3,0x90,0x90,0x00,0x00,,,,,"Set torque = 0"
141480,RX,0x181,6,0x40,0x40,0x11,0x43,0x80,0x00,0x0B,,"Status word = 0x4311"
141487,RX,0x181,4,0x30,0x30,0xD8,0xFF,0x01,,,,"Speed feedback = 65496 rpm"
141588,RX,0x181,4,0x30,0x30,0x00,0x00,0x01,,,,"Speed feedback = 0 rpm"
141595,RX,0x181,6,0x40,0x40,0x11,0x43,0x80,0x00,0x0B,,"Status word = 0x4311"
141602,TX,0x201,3,0x90,0x90,0x00,0x00,,,,,"Set torque = 0"
141629,TX,0x201,3,0x90,0x90,0x00,0x00,,,,,"Set torque = 0"
141655,TX,0x201,3,0x90,0x90,0x00,0x00,,,,,"Set torque = 0"
141680,RX,0x181,6,0x40,0x40,0x11,0x43,0x80,0x00,0x0B,,"Status word = 0x4311"
141687,TX,0x201,3,0x90,0x90,0x00,0x00,,,,,"Set torque = 0"
141693,RX,0x181,4,0x30,0x30,0x00,0x00,0x01,,,,"Speed feedback = 0 rpm"
141713,TX,0x201,3,0x90,0x90,0x00,0x00,,,,,"Set torque = 0"
141739,TX,0x201,3,0x90,0x90,0x00,0x00,,,,,"Set torque = 0"
141765,TX,0x201,3,0x90,0x90,0x00,0x00,,,,,"Set torque = 0"
141780,RX,0x181,6,0x40,0x40,0x11,0x43,0x80,0x00,0x0B,,"Status word = 0x4311"
141787,RX,0x181,4,0x30,0x30,0x00,0x00,0x01,,,,"Speed feedback = 0 rpm"
141793,TX,0x201,3,0x90,0x90,0x00,0x00,,,,,"Set torque = 0"
141820,TX,0x201,3,0x90,0x90,0x00,0x00,,,,,"Set torque = 0"
141846,TX,0x201,3,0x90,0x90,0x00,0x00,,,,,"Set torque = 0"
141872,TX,0x201,3,0x90,0x90,0x00,0x00,,,,,"Set torque = 0"
141880,RX,0x181,6,0x40,0x40,0x11,0x43,0x80,0x00,0x0B,,"Status word = 0x4311"
141887,RX,0x181,4,0x30,0x30,0x00,0x00,0x01,,,,"Speed feedback = 0 rpm"
141898,TX,0x201,3,0x90,0x90,0x00,0x00,,,,,"Set torque = 0"
141924,TX,0x201,3,0x90,0x90,0x00,0x00,,,,,"Set torque = 0"
141950,TX,0x201,3,0x90,0x90,0x00,0x00,,,,,"Set torque = 0"
141976,TX,0x201,3,0x90,0x90,0x00,0x00,,,,,"Set torque = 0"
141982,RX,0x181,6,0x40,0x40,0x11,0x43,0x80,0x00,0x0B,,"Status word = 0x4311"
142124,RX,0x181,6,0x40,0x40,0x11,0x43,0x80,0x00,0x0B,,"Status word = 0x4311"
142130,RX,0x181,4,0x30,0x30,0x00,0x00,0x01,,,,"Speed feedback = 0 rpm"
142137,RX,0x181,4,0x30,0x30,0x00,0x00,0x01,,,,"Speed feedback = 0 rpm"
142144,TX,0x201,3,0x90,0x90,0x00,0x00,,,,,"Set torque = 0"
142171,TX,0x201,3,0x90,0x90,0x00,0x00,,,,,"Set torque = 0"
142179,RX,0x181,6,0x40,0x40,0x11,0x43,0x80,0x00,0x0B,,"Status word = 0x4311"
142186,RX,0x181,4,0x30,0x30,0x00,0x00,0x01,,,,"Speed feedback = 0 rpm"
142197,TX,0x201,3,0x90,0x90,0x00,0x00,,,,,"Set torque = 0"
142223,TX,0x201,3,0x90,0x90,0x00,0x00,,,,,"Set torque = 0"
142249,TX,0x201,3,0x90,0x90,0x00,0x00,,,,,"Set torque = 0"
142275,TX,0x201,3,0x90,0x90,0x00,0x00,,,,,"Set torque = 0"
142281,RX,0x181,6,0x40,0x40,0x11,0x43,0x80,0x00,0x0B,,"Status word = 0x4311"
142288,RX,0x181,4,0x30,0x30,0x00,0x00,0x01,,,,"Speed feedback = 0 rpm"
142301,TX,0x201,3,0x90,0x90,0x00,0x00,,,,,"Set torque = 0"
142327,TX,0x201,3,0x90,0x90,0x00,0x00,,,,,"Set torque = 0"
142354,TX,0x201,3,0x90,0x90,0x00,0x00,,,,,"Set torque = 0"
142379,RX,0x181,6,0x40,0x40,0x11,0x43,0x80,0x00,0x0B,,"Status word = 0x4311"
142386,TX,0x201,3,0x90,0x90,0x00,0x00,,,,,"Set torque = 0"
142392,RX,0x181,4,0x30,0x30,0x00,0x00,0x01,,,,"Speed feedback = 0 rpm"
142412,TX,0x201,3,0x90,0x90,0x00,0x00,,,,,"Set torque = 0"
142438,TX,0x201,3,0x90,0x90,0x00,0x00,,,,,"Set torque = 0"
142464,TX,0x201,3,0x90,0x90,0x00,0x00,,,,,"Set torque = 0"
142479,RX,0x181,6,0x40,0x40,0x11,0x43,0x80,0x00,0x0B,,"Status word = 0x4311"
142486,RX,0x181,4,0x30,0x30,0x00,0x00,0x01,,,,"Speed feedback = 0 rpm"
142544,TX,0x201,3,0x90,0x90,0x00,0x00,,,,,"Set torque = 0"
142571,TX,0x201,3,0x90,0x90,0x00,0x00,,,,,"Set torque = 0"
142578,RX,0x181,6,0x40,0x40,0x11,0x43,0x80,0x00,0x0B,,"Status word = 0x4311"
142585,RX,0x181,4,0x30,0x30,0x00,0x00,0x01,,,,"Speed feedback = 0 rpm"
142597,TX,0x201,3,0x90,0x90,0x00,0x00,,,,,"Set torque = 0"
142623,TX,0x201,3,0x90,0x90,0x00,0x00,,,,,"Set torque = 0"
142649,TX,0x201,3,0x90,0x90,0x00,0x00,,,,,"Set torque = 0"
142675,TX,0x201,3,0x90,0x90,0x00,0x00,,,,,"Set torque = 0"
142681,RX,0x181,6,0x40,0x40,0x11,0x43,0x80,0x00,0x0B,,"Status word = 0x4311"
142688,RX,0x181,4,0x30,0x30,0x00,0x00,0x01,,,,"Speed feedback = 0 rpm"
142701,TX,0x201,3,0x90,0x90,0x00,0x00,,,,,"Set torque = 0"
142727,TX,0x201,3,0x90,0x90,0x00,0x00,,,,,"Set torque = 0"
142753,TX,0x201,3,0x90,0x90,0x00,0x00,,,,,"Set torque = 0"
142778,RX,0x181,6,0x40,0x40,0x11,0x43,0x80,0x00,0x0B,,"Status word = 0x4311"
142785,RX,0x181,4,0x30,0x30,0x00,0x00,0x01,,,,"Speed feedback = 0 rpm"
142792,TX,0x201,3,0x90,0x90,0x00,0x00,,,,,"Set torque = 0"
142819,TX,0x201,3,0x90,0x90,0x00,0x00,,,,,"Set torque = 0"
142845,TX,0x201,3,0x90,0x90,0x00,0x00,,,,,"Set torque = 0"
142872,TX,0x201,3,0x90,0x90,0x00,0x00,,,,,"Set torque = 0"
142878,RX,0x181,6,0x40,0x40,0x11,0x43,0x80,0x00,0x0B,,"Status word = 0x4311"
142885,RX,0x181,4,0x30,0x30,0x00,0x00,0x01,,,,"Speed feedback = 0 rpm"
142898,TX,0x201,3,0x90,0x90,0x00,0x00,,,,,"Set torque = 0"
142924,TX,0x201,3,0x90,0x90,0x00,0x00,,,,,"Set torque = 0"
142950,TX,0x201,3,0x90,0x90,0x00,0x00,,,,,"Set torque = 0"
143040,RX,0x181,6,0x40,0x40,0x11,0x43,0x80,0x00,0x0B,,"Status word = 0x4311"
143046,RX,0x181,4,0x30,0x30,0x00,0x00,0x01,,,,"Speed feedback = 0 rpm"
143060,TX,0x201,3,0x90,0x90,0x00,0x00,,,,,"Set torque = 0"
143078,RX,0x181,6,0x40,0x40,0x11,0x43,0x80,0x00,0x0B,,"Status word = 0x4311"
143085,RX,0x181,4,0x30,0x30,0x00,0x00,0x01,,,,"Speed feedback = 0 rpm"
143091,TX,0x201,3,0x90,0x90,0x00,0x00,,,,,"Set torque = 0"
143118,TX,0x201,3,0x90,0x90,0x00,0x00,,,,,"Set torque = 0"
143144,TX,0x201,3,0x90,0x90,0x00,0x00,,,,,"Set torque = 0"
143170,TX,0x201,3,0x90,0x90,0x00,0x00,,,,,"Set torque = 0"
143178,RX,0x181,6,0x40,0x40,0x11,0x43,0x80,0x00,0x0B,,"Status word = 0x4311"
143184,RX,0x181,4,0x30,0x30,0x00,0x00,0x01,,,,"Speed feedback = 0 rpm"
143196,TX,0x201,3,0x90,0x90,0x00,0x00,,,,,"Set torque = 0"
143223,TX,0x201,3,0x90,0x90,0x00,0x00,,,,,"Set torque = 0"
143249,TX,0x201,3,0x90,0x90,0x00,0x00,,,,,"Set torque = 0"
143275,TX,0x201,3,0x90,0x90,0x00,0x00,,,,,"Set torque = 0"
143281,RX,0x181,6,0x40,0x40,0x11,0x43,0x80,0x00,0x0B,,"Status word = 0x4311"
143288,RX,0x181,4,0x30,0x30,0x00,0x00,0x01,,,,"Speed feedback = 0 rpm"
143301,TX,0x201,3,0x90,0x90,0x00,0x00,,,,,"Set torque = 0"
143327,TX,0x201,3,0x90,0x90,0x00,0x00,,,,,"Set torque = 0"
143353,TX,0x201,3,0x90,0x90,0x00,0x00,,,,,"Set torque = 0"
143377,RX,0x181,6,0x40,0x40,0x11,0x43,0x80,0x00,0x0B,,"Status word = 0x4311"
143384,RX,0x181,4,0x30,0x30,0x00,0x00,0x01,,,,"Speed feedback = 0 rpm"
143391,TX,0x201,3,0x90,0x90,0x00,0x00,,,,,"Set torque = 0"
143418,TX,0x201,3,0x90,0x90,0x00,0x00,,,,,"Set torque = 0"
143508,RX,0x181,6,0x40,0x40,0x11,0x43,0x80,0x00,0x0B,,"Status word = 0x4311"
143515,RX,0x181,4,0x30,0x30,0x00,0x00,0x01,,,,"Speed feedback = 0 rpm"
143528,TX,0x201,3,0x90,0x90,0x00,0x00,,,,,"Set torque = 0"
143554,TX,0x201,3,0x90,0x90,0x00,0x00,,,,,"Set torque = 0"
143577,RX,0x181,6,0x40,0x40,0x11,0x43,0x80,0x00,0x0B,,"Status word = 0x4311"
143584,TX,0x201,3,0x90,0x90,0x00,0x00,,,,,"Set torque = 0"
143591,RX,0x181,4,0x30,0x30,0x00,0x00,0x01,,,,"Speed feedback = 0 rpm"
143611,TX,0x201,3,0x90,0x90,0x00,0x00,,,,,"Set torque = 0"
143637,TX,0x201,3,0x90,0x90,0x00,0x00,,,,,"Set torque = 0"
143663,TX,0x201,3,0x90,0x90,0x00,0x00,,,,,"Set torque = 0"
143677,RX,0x181,6,0x40,0x40,0x11,0x43,0x80,0x00,0x0B,,"Status word = 0x4311"
143684,RX,0x181,4,0x30,0x30,0x00,0x00,0x01,,,,"Speed feedback = 0 rpm"
143690,TX,0x201,3,0x90,0x90,0x00,0x00,,,,,"Set torque = 0"
143717,TX,0x201,3,0x90,0x90,0x00,0x00,,,,,"Set torque = 0"
143743,TX,0x201,3,0x90,0x90,0x00,0x00,,,,,"Set torque = 0"
143770,TX,0x201,3,0x90,0x90,0x00,0x00,,,,,"Set torque = 0"
143777,RX,0x181,6,0x40,0x40,0x11,0x43,0x80,0x00,0x0B,,"Status word = 0x4311"
143784,RX,0x181,4,0x30,0x30,0x00,0x00,0x01,,,,"Speed feedback = 0 rpm"
143796,TX,0x201,3,0x90,0x90,0x00,0x00,,,,,"Set torque = 0"
143822,TX,0x201,3,0x90,0x90,0x00,0x00,,,,,"Set torque = 0"
143848,TX,0x201,3,0x90,0x90,0x00,0x00,,,,,"Set torque = 0"
143874,TX,0x201,3,0x90,0x90,0x00,0x00,,,,,"Set torque = 0"
143880,RX,0x181,6,0x40,0x40,0x11,0x43,0x80,0x00,0x0B,,"Status word = 0x4311"
143887,RX,0x181,4,0x30,0x30,0x00,0x00,0x01,,,,"Speed feedback = 0 rpm"
143972,TX,0x201,3,0x90,0x90,0x00,0x00,,,,,"Set torque = 0"
143979,RX,0x181,6,0x40,0x40,0x11,0x43,0x80,0x00,0x0B,,"Status word = 0x4311"
143985,RX,0x181,4,0x30,0x30,0x00,0x00,0x01,,,,"Speed feedback = 0 rpm"
143999,TX,0x201,3,0x90,0x90,0x00,0x00,,,,,"Set torque = 0"
144025,TX,0x201,3,0x90,0x90,0x00,0x00,,,,,"Set torque = 0"
144051,TX,0x201,3,0x90,0x90,0x00,0x00,,,,,"Set torque = 0"
144076,RX,0x181,6,0x40,0x40,0x11,0x43,0x80,0x00,0x0B,,"Status word = 0x4311"
144083,TX,0x201,3,0x90,0x90,0x00,0x00,,,,,"Set torque = 0"
144090,RX,0x181,4,0x30,0x30,0x00,0x00,0x01,,,,"Speed feedback = 0 rpm"
144110,TX,0x201,3,0x90,0x90,0x00,0x00,,,,,"Set torque = 0"
144136,TX,0x201,3,0x90,0x90,0x00,0x00,,,,,"Set torque = 0"
144162,TX,0x201,3,0x90,0x90,0x00,0x00,,,,,"Set torque = 0"
144176,RX,0x181,6,0x40,0x40,0x11,0x43,0x80,0x00,0x0B,,"Status word = 0x4311"
144183,RX,0x181,4,0x30,0x30,0x00,0x00,0x01,,,,"Speed feedback = 0 rpm"
144190,TX,0x201,3,0x90,0x90,0x00,0x00,,,,,"Set torque = 0"
144216,TX,0x201,3,0x90,0x90,0x00,0x00,,,,,"Set torque = 0"
144242,TX,0x201,3,0x90,0x90,0x00,0x00,,,,,"Set torque = 0"
144268,TX,0x201,3,0x90,0x90,0x00,0x00,,,,,"Set torque = 0"
144276,RX,0x181,6,0x40,0x40,0x11,0x43,0x80,0x00,0x0B,,"Status word = 0x4311"
144283,RX,0x181,4,0x30,0x30,0x00,0x00,0x01,,,,"Speed feedback = 0 rpm"
144295,TX,0x201,3,0x90,0x90,0x00,0x00,,,,,"Set torque = 0"
144321,TX,0x201,3,0x90,0x90,0x00,0x00,,,,,"Set torque = 0"
144347,TX,0x201,3,0x90,0x90,0x00,0x00,,,,,"Set torque = 0"
144373,TX,0x201,3,0x90,0x90,0x00,0x00,,,,,"Set torque = 0"
144456,RX,0x181,6,0x40,0x40,0x11,0x43,0x80,0x00,0x0B,,"Status word = 0x4311"
144464,RX,0x181,4,0x30,0x30,0x00,0x00,0x01,,,,"Speed feedback = 0 rpm"
144475,RX,0x181,6,0x40,0x40,0x11,0x43,0x80,0x00,0x0B,,"Status word = 0x4311"
144483,RX,0x181,4,0x30,0x30,0x00,0x00,0x01,,,,"Speed feedback = 0 rpm"
144489,TX,0x201,3,0x90,0x90,0x00,0x00,,,,,"Set torque = 0"
144516,TX,0x201,3,0x90,0x90,0x00,0x00,,,,,"Set torque = 0"
144542,TX,0x201,3,0x90,0x90,0x00,0x00,,,,,"Set torque = 0"
144568,TX,0x201,3,0x90,0x90,0x00,0x00,,,,,"Set torque = 0"
144575,RX,0x181,6,0x40,0x40,0x11,0x43,0x80,0x00,0x0B,,"Status word = 0x4311"
144582,RX,0x181,4,0x30,0x30,0x00,0x00,0x01,,,,"Speed feedback = 0 rpm"
144594,TX,0x201,3,0x90,0x90,0x00,0x00,,,,,"Set torque = 0"
144620,TX,0x201,3,0x90,0x90,0x00,0x00,,,,,"Set torque = 0"
144647,TX,0x201,3,0x90,0x90,0x00,0x00,,,,,"Set torque = 0"
144673,TX,0x201,3,0x90,0x90,0x00,0x00,,,,,"Set torque = 0"
144679,RX,0x181,6,0x40,0x40,0x11,0x43,0x80,0x00,0x0B,,"Status word = 0x4311"
144686,RX,0x181,4,0x30,0x30,0x00,0x00,0x01,,,,"Speed feedback = 0 rpm"
144699,TX,0x201,3,0x90,0x90,0x00,0x00,,,,,"Set torque = 0"
144725,TX,0x201,3,0x90,0x90,0x00,0x00,,,,,"Set torque = 0"
144751,TX,0x201,3,0x90,0x90,0x00,0x00,,,,,"Set torque = 0"
144775,RX,0x181,6,0x40,0x40,0x11,0x43,0x80,0x00,0x0B,,"Status word = 0x4311"
144782,TX,0x201,3,0x90,0x90,0x00,0x00,,,,,"Set torque = 0"
144789,RX,0x181,4,0x30,0x30,0x00,0x00,0x01,,,,"Speed feedback = 0 rpm"
144809,TX,0x201,3,0x90,0x90,0x00,0x00,,,,,"Set torque = 0"
144835,TX,0x201,3,0x90,0x90,0x00,0x00,,,,,"Set torque = 0"
144920,RX,0x181,6,0x40,0x40,0x11,0x43,0x80,0x00,0x0B,,"Status word = 0x4311"
144927,RX,0x181,4,0x30,0x30,0x00,0x00,0x01,,,,"Speed feedback = 0 rpm"
144940,TX,0x201,3,0x90,0x90,0x00,0x00,,,,,"Set torque = 0"
144966,TX,0x201,3,0x90,0x90,0x00,0x00,,,,,"Set torque = 0"
144975,RX,0x181,6,0x40,0x40,0x11,0x43,0x80,0x00,0x0B,,"Status word = 0x4311"
144982,RX,0x181,4,0x30,0x30,0x00,0x00,0x01,,,,"Speed feedback = 0 rpm"
144992,TX,0x201,3,0x90,0x90,0x00,0x00,,,,,"Set torque = 0"
145018,TX,0x201,3,0x90,0x90,0x00,0x00,,,,,"Set torque = 0"
145044,TX,0x201,3,0x90,0x90,0x00,0x00,,,,,"Set torque = 0"
145070,TX,0x201,3,0x90,0x90,0x00,0x00,,,,,"Set torque = 0"
145076,RX,0x181,6,0x40,0x40,0x11,0x43,0x80,0x00,0x0B,,"Status word = 0x4311"
145083,RX,0x181,4,0x30,0x30,0x00,0x00,0x01,,,,"Speed feedback = 0 rpm"
145096,TX,0x201,3,0x90,0x90,0x00,0x00,,,,,"Set torque = 0"
145122,TX,0x201,3,0x90,0x90,0x00,0x00,,,,,"Set torque = 0"
145148,TX,0x201,3,0x90,0x90,0x00,0x00,,,,,"Set torque = 0"
145174,RX,0x181,6,0x40,0x40,0x11,0x43,0x80,0x00,0x0B,,"Status word = 0x4311"
145181,TX,0x201,3,0x90,0x90,0x00,0x00,,,,,"Set torque = 0"
145187,RX,0x181,4,0x30,0x30,0x00,0x00,0x01,,,,"Speed feedback = 0 rpm"
145207,TX,0x201,3,0x90,0x90,0x00,0x00,,,,,"Set torque = 0"
145233,TX,0x201,3,0x90,0x90,0x00,0x00,,,,,"Set torque = 0"
145259,TX,0x201,3,0x90,0x90,0x00,0x00,,,,,"Set torque = 0"
145274,RX,0x181,6,0x40,0x40,0x11,0x43,0x80,0x00,0x0B,,"Status word = 0x4311"
145281,RX,0x181,4,0x30,0x30,0x00,0x00,0x01,,,,"Speed feedback = 0 rpm"
145288,TX,0x201,3,0x90,0x90,0x00,0x00,,,,,"Set torque = 0"
145374,RX,0x181,6,0x40,0x40,0x11,0x43,0x80,0x00,0x0B,,"Status word = 0x4311"
145381,RX,0x181,4,0x30,0x30,0x00,0x00,0x01,,,,"Speed feedback = 0 rpm"
145394,TX,0x201,3,0x90,0x90,0x00,0x00,,,,,"Set torque = 0"
145420,TX,0x201,3,0x90,0x90,0x00,0x00,,,,,"Set torque = 0"
145446,TX,0x201,3,0x90,0x90,0x00,0x00,,,,,"Set torque = 0"
145472,TX,0x201,3,0x90,0x90,0x00,0x00,,,,,"Set torque = 0"
145478,RX,0x181,6,0x40,0x40,0x11,0x43,0x80,0x00,0x0B,,"Status word = 0x4311"
145485,RX,0x181,4,0x30,0x30,0x00,0x00,0x01,,,,"Speed feedback = 0 rpm"
145498,TX,0x201,3,0x90,0x90,0x00,0x00,,,,,"Set torque = 0"
145525,TX,0x201,3,0x90,0x90,0x00,0x00,,,,,"Set torque = 0"
145551,TX,0x201,3,0x90,0x90,0x00,0x00,,,,,"Set torque = 0"
145574,RX,0x181,6,0x40,0x40,0x11,0x43,0x80,0x00,0x0B,,"Status word = 0x4311"
145581,TX,0x201,3,0x90,0x90,0x00,0x00,,,,,"Set torque = 0"
145587,RX,0x181,4,0x30,0x30,0x00,0x00,0x01,,,,"Speed feedback = 0 rpm"
145607,TX,0x201,3,0x90,0x90,0x00,0x00,,,,,"Set torque = 0"
145636,TX,0x201,3,0x90,0x90,0x00,0x00,,,,,"Set torque = 0"
145662,TX,0x201,3,0x90,0x90,0x00,0x00,,,,,"Set torque = 0"
145674,RX,0x181,6,0x40,0x40,0x11,0x43,0x80,0x00,0x0B,,"Status word = 0x4311"
145681,RX,0x181,4,0x30,0x30,0x00,0x00,0x01,,,,"Speed feedback = 0 rpm"
145689,TX,0x201,3,0x90,0x90,0x00,0x00,,,,,"Set torque = 0"
145715,TX,0x201,3,0x90,0x90,0x00,0x00,,,,,"Set torque = 0"
145741,TX,0x201,3,0x90,0x90,0x00,0x00,,,,,"Set torque = 0"
145767,TX,0x201,3,0x90,0x90,0x00,0x00,,,,,"Set torque = 0"
145853,RX,0x181,6,0x40,0x40,0x11,0x43,0x80,0x00,0x0B,,"Status word = 0x4311"
145860,RX,0x181,4,0x30,0x30,0x00,0x00,0x01,,,,"Speed feedback = 0 rpm"
145873,TX,0x201,3,0x90,0x90,0x00,0x00,,,,,"Set torque = 0"
145880,RX,0x181,6,0x40,0x40,0x11,0x43,0x80,0x00,0x0B,,"Status word = 0x4311"
145886,RX,0x181,4,0x30,0x30,0x00,0x00,0x01,,,,"Speed feedback = 0 rpm"
145900,TX,0x201,3,0x90,0x90,0x00,0x00,,,,,"Set torque = 0"
145926,TX,0x201,3,0x90,0x90,0x00,0x00,,,,,"Set torque = 0"
145952,TX,0x201,3,0x90,0x90,0x00,0x00,,,,,"Set torque = 0"
145973,RX,0x181,6,0x40,0x40,0x11,0x43,0x80,0x00,0x0B,,"Status word = 0x4311"
145980,TX,0x201,3,0x90,0x90,0x00,0x00,,,,,"Set torque = 0"
145987,RX,0x181,4,0x30,0x30,0x00,0x00,0x01,,,,"Speed feedback = 0 rpm"
146007,TX,0x201,3,0x90,0x90,0x00,0x00,,,,,"Set torque = 0"
146034,TX,0x201,3,0x90,0x90,0x00,0x00,,,,,"Set torque = 0"
146060,TX,0x201,3,0x90,0x90,0x00,0x00,,,,,"Set torque = 0"
146073,RX,0x181,6,0x40,0x40,0x11,0x43,0x80,0x00,0x0B,,"Status word = 0x4311"
146080,RX,0x181,4,0x30,0x30,0x00,0x00,0x01,,,,"Speed feedback = 0 rpm"
146087,TX,0x201,3,0x90,0x90,0x00,0x00,,,,,"Set torque = 0"
146113,TX,0x201,3,0x90,0x90,0x00,0x00,,,,,"Set torque = 0"
146139,TX,0x201,3,0x90,0x90,0x00,0x00,,,,,"Set torque = 0"
146165,TX,0x201,3,0x90,0x90,0x00,0x00,,,,,"Set torque = 0"
146173,RX,0x181,6,0x40,0x40,0x11,0x43,0x80,0x00,0x0B,,"Status word = 0x4311"
146180,RX,0x181,4,0x30,0x30,0x00,0x00,0x01,,,,"Speed feedback = 0 rpm"
146191,TX,0x201,3,0x90,0x90,0x00,0x00,,,,,"Set torque = 0"
146217,TX,0x201,3,0x90,0x90,0x00,0x00,,,,,"Set torque = 0"
146301,RX,0x181,6,0x40,0x40,0x11,0x43,0x80,0x00,0x0B,,"Status word = 0x4311"
146308,RX,0x181,4,0x30,0x30,0x00,0x00,0x01,,,,"Speed feedback = 0 rpm"
146321,TX,0x201,3,0x90,0x90,0x00,0x00,,,,,"Set torque = 0"
146347,TX,0x201,3,0x90,0x90,0x00,0x00,,,,,"Set torque = 0"
146372,RX,0x181,6,0x40,0x40,0x11,0x43,0x80,0x00,0x0B,,"Status word = 0x4311"
146379,TX,0x201,3,0x90,0x90,0x00,0x00,,,,,"Set torque = 0"
146386,RX,0x181,4,0x30,0x30,0x00,0x00,0x01,,,,"Speed feedback = 0 rpm"
146406,TX,0x201,3,0x90,0x90,0x00,0x00,,,,,"Set torque = 0"
146432,TX,0x201,3,0x90,0x90,0x00,0x00,,,,,"Set torque = 0"
146458,TX,0x201,3,0x90,0x90,0x00,0x00,,,,,"Set torque = 0"
146472,RX,0x181,6,0x40,0x40,0x11,0x43,0x80,0x00,0x0B,,"Status word = 0x4311"
146479,RX,0x181,4,0x30,0x30,0x00,0x00,0x01,,,,"Speed feedback = 0 rpm"
146486,TX,0x201,3,0x90,0x90,0x00,0x00,,,,,"Set torque = 0"
146513,TX,0x201,3,0x90,0x90,0x00,0x00,,,,,"Set torque = 0"
146539,TX,0x201,3,0x90,0x90,0x00,0x00,,,,,"Set torque = 0"
146565,TX,0x201,3,0x90,0x90,0x00,0x00,,,,,"Set torque = 0"
146572,RX,0x181,6,0x40,0x40,0x11,0x43,0x80,0x00,0x0B,,"Status word = 0x4311"
146579,RX,0x181,4,0x30,0x30,0x00,0x00,0x01,,,,"Speed feedback = 0 rpm"
146591,TX,0x201,3,0x90,0x90,0x00,0x00,,,,,"Set torque = 0"
146617,TX,0x201,3,0x90,0x90,0x00,0x00,,,,,"Set torque = 0"
146643,TX,0x201,3,0x90,0x90,0x00,0x00,,,,,"Set torque = 0"
146669,TX,0x201,3,0x90,0x90,0x00,0x00,,,,,"Set torque = 0"
146675,RX,0x181,6,0x40,0x40,0x11,0x43,0x80,0x00,0x0B,,"Status word = 0x4311"
146681,RX,0x181,4,0x30,0x30,0x00,0x00,0x01,,,,"Speed feedback = 0 rpm"
146761,TX,0x201,3,0x90,0x90,0x00,0x00,,,,,"Set torque = 0"
146772,RX,0x181,6,0x40,0x40,0x11,0x43,0x80,0x00,0x0B,,"Status word = 0x4311"
146779,RX,0x181,4,0x30,0x30,0x00,0x00,0x01,,,,"Speed feedback = 0 rpm"
146788,TX,0x201,3,0x90,0x90,0x00,0x00,,,,,"Set torque = 0"
146814,TX,0x201,3,0x90,0x90,0x00,0x00,,,,,"Set torque = 0"
146840,TX,0x201,3,0x90,0x90,0x00,0x00,,,,,"Set torque = 0"
146866,TX,0x201,3,0x90,0x90,0x00,0x00,,,,,"Set torque = 0"
146872,RX,0x181,6,0x40,0x40,0x11,0x43,0x80,0x00,0x0B,,"Status word = 0x4311"
146879,RX,0x181,4,0x30,0x30,0x00,0x00,0x01,,,,"Speed feedback = 0 rpm"
146892,TX,0x201,3,0x90,0x90,0x00,0x00,,,,,"Set torque = 0"
146918,TX,0x201,3,0x90,0x90,0x00,0x00,,,,,"Set torque = 0"
146944,TX,0x201,3,0x90,0x90,0x00,0x00,,,,,"Set torque = 0"
146970,TX,0x201,3,0x90,0x90,0x00,0x00,,,,,"Set torque = 0"
146976,RX,0x181,6,0x40,0x40,0x11,0x43,0x80,0x00,0x0B,,"Status word = 0x4311"
146983,RX,0x181,4,0x30,0x30,0x00,0x00,0x01,,,,"Speed feedback = 0 rpm"
146996,TX,0x201,3,0x90,0x90,0x00,0x00,,,,,"Set torque = 0"
147022,TX,0x201,3,0x90,0x90,0x00,0x00,,,,,"Set torque = 0"
147048,TX,0x201,3,0x90,0x90,0x00,0x00,,,,,"Set torque = 0"
147071,RX,0x181,6,0x40,0x40,0x11,0x43,0x80,0x00,0x0B,,"Status word = 0x4311"
147078,TX,0x201,3,0x90,0x90,0x00,0x00,,,,,"Set torque = 0"
147085,RX,0x181,4,0x30,0x30,0x00,0x00,0x01,,,,"Speed feedback = 0 rpm"
147105,TX,0x201,3,0x90,0x90,0x00,0x00,,,,,"Set torque = 0"
147131,TX,0x201,3,0x90,0x90,0x00,0x00,,,,,"Set torque = 0"
147157,TX,0x201,3,0x90,0x90,0x00,0x00,,,,,"Set torque = 0"
147238,RX,0x181,6,0x40,0x40,0x11,0x43,0x80,0x00,0x0B,,"Status word = 0x4311"
147245,RX,0x181,4,0x30,0x30,0x00,0x00,0x01,,,,"Speed feedback = 0 rpm"
147258,TX,0x201,3,0x90,0x90,0x00,0x00,,,,,"Set torque = 0"
147271,RX,0x181,6,0x40,0x40,0x11,0x43,0x80,0x00,0x0B,,"Status word = 0x4311"
147278,RX,0x181,4,0x30,0x30,0x00,0x00,0x01,,,,"Speed feedback = 0 rpm"
147285,TX,0x201,3,0x90,0x90,0x00,0x00,,,,,"Set torque = 0"
147312,TX,0x201,3,0x90,0x90,0x00,0x00,,,,,"Set torque = 0"
147338,TX,0x201,3,0x90,0x90,0x00,0x00,,,,,"Set torque = 0"
147364,TX,0x201,3,0x90,0x90,0x00,0x00,,,,,"Set torque = 0"
147371,RX,0x181,6,0x40,0x40,0x11,0x43,0x80,0x00,0x0B,,"Status word = 0x4311"
147378,RX,0x181,4,0x30,0x30,0x00,0x00,0x01,,,,"Speed feedback = 0 rpm"
147390,TX,0x201,3,0x90,0x90,0x00,0x00,,,,,"Set torque = 0"
147417,TX,0x201,3,0x90,0x90,0x00,0x00,,,,,"Set torque = 0"
147443,TX,0x201,3,0x90,0x90,0x00,0x00,,,,,"Set torque = 0"
147469,TX,0x201,3,0x90,0x90,0x00,0x00,,,,,"Set torque = 0"
147475,RX,0x181,6,0x40,0x40,0x11,0x43,0x80,0x00,0x0B,,"Status word = 0x4311"
147482,RX,0x181,4,0x30,0x30,0x00,0x00,0x01,,,,"Speed feedback = 0 rpm"
147495,TX,0x201,3,0x90,0x90,0x00,0x00,,,,,"Set torque = 0"
147521,TX,0x201,3,0x90,0x90,0x00,0x00,,,,,"Set torque = 0"
147547,TX,0x201,3,0x90,0x90,0x00,0x00,,,,,"Set torque = 0"
147571,RX,0x181,6,0x40,0x40,0x11,0x43,0x80,0x00,0x0B,,"Status word = 0x4311"
147578,RX,0x181,4,0x30,0x30,0x00,0x00,0x01,,,,"Speed feedback = 0 rpm"
147584,TX,0x201,3,0x90,0x90,0x00,0x00,,,,,"Set torque = 0"
147611,TX,0x201,3,0x90,0x90,0x00,0x00,,,,,"Set torque = 0"
147694,RX,0x181,6,0x40,0x40,0x11,0x43,0x80,0x00,0x0B,,"Status word = 0x4311"
147701,RX,0x181,4,0x30,0x30,0x00,0x00,0x01,,,,"Speed feedback = 0 rpm"
147714,TX,0x201,3,0x90,0x90,0x00,0x00,,,,,"Set torque = 0"
147740,TX,0x201,3,0x90,0x90,0x00,0x00,,,,,"Set torque = 0"
147766,TX,0x201,3,0x90,0x90,0x00,0x00,,,,,"Set torque = 0"
147772,RX,0x181,6,0x40,0x40,0x11,0x43,0x80,0x00,0x0B,,"Status word = 0x4311"
147779,RX,0x181,4,0x30,0x30,0x00,0x00,0x01,,,,"Speed feedback = 0 rpm"
147792,TX,0x201,3,0x90,0x90,0x00,0x00,,,,,"Set torque = 0"
147818,TX,0x201,3,0x90,0x90,0x00,0x00,,,,,"Set torque = 0"
147844,TX,0x201,3,0x90,0x90,0x00,0x00,,,,,"Set torque = 0"
147870,TX,0x201,3,0x90,0x90,0x00,0x00,,,,,"Set torque = 0"
147876,RX,0x181,6,0x40,0x40,0x11,0x43,0x80,0x00,0x0B,,"Status word = 0x4311"
147883,RX,0x181,4,0x30,0x30,0x00,0x00,0x01,,,,"Speed feedback = 0 rpm"
147896,TX,0x201,3,0x90,0x90,0x00,0x00,,,,,"Set torque = 0"
147922,TX,0x201,3,0x90,0x90,0x00,0x00,,,,,"Set torque = 0"
147949,TX,0x201,3,0x90,0x90,0x00,0x00,,,,,"Set torque = 0"
147970,RX,0x181,6,0x40,0x40,0x11,0x43,0x80,0x00,0x0B,,"Status word = 0x4311"
147977,TX,0x201,3,0x90,0x90,0x00,0x00,,,,,"Set torque = 0"
147983,RX,0x181,4,0x30,0x30,0x00,0x00,0x01,,,,"Speed feedback = 0 rpm"
148003,TX,0x201,3,0x90,0x90,0x00,0x00,,,,,"Set torque = 0"
148029,TX,0x201,3,0x90,0x90,0x00,0x00,,,,,"Set torque = 0"
148055,TX,0x201,3,0x90,0x90,0x00,0x00,,,,,"Set torque = 0"
148070,RX,0x181,6,0x40,0x40,0x11,0x43,0x80,0x00,0x0B,,"Status word = 0x4311"
148077,RX,0x181,4,0x30,0x30,0x00,0x00,0x01,,,,"Speed feedback = 0 rpm"
148162,TX,0x201,3,0x90,0x90,0x00,0x00,,,,,"Set torque = 0"
148170,RX,0x181,6,0x40,0x40,0x11,0x43,0x80,0x00,0x0B,,"Status word = 0x4311"
148177,RX,0x181,4,0x30,0x30,0x00,0x00,0x01,,,,"Speed feedback = 0 rpm"
148189,TX,0x201,3,0x90,0x90,0x00,0x00,,,,,"Set torque = 0"
148215,TX,0x201,3,0x90,0x90,0x00,0x00,,,,,"Set torque = 0"
148241,TX,0x201,3,0x90,0x90,0x00,0x00,,,,,"Set torque = 0"
148267,TX,0x201,3,0x90,0x90,0x00,0x00,,,,,"Set torque = 0"
148273,RX,0x181,6,0x40,0x40,0x11,0x43,0x80,0x00,0x0B,,"Status word = 0x4311"
148280,RX,0x181,4,0x30,0x30,0x00,0x00,0x01,,,,"Speed feedback = 0 rpm"
148293,TX,0x201,3,0x90,0x90,0x00,0x00,,,,,"Set torque = 0"
148319,TX,0x201,3,0x90,0x90,0x00,0x00,,,,,"Set torque = 0"
148345,TX,0x201,3,0x90,0x90,0x00,0x00,,,,,"Set torque = 0"
148369,RX,0x181,6,0x40,0x40,0x11,0x43,0x80,0x00,0x0B,,"Status word = 0x4311"
148376,TX,0x201,3,0x90,0x90,0x00,0x00,,,,,"Set torque = 0"
148383,RX,0x181,4,0x30,0x30,0x00,0x00,0x01,,,,"Speed feedback = 0 rpm"
148403,TX,0x201,3,0x90,0x90,0x00,0x00,,,,,"Set torque = 0"
148429,TX,0x201,3,0x90,0x90,0x00,0x00,,,,,"Set torque = 0"
148455,TX,0x201,3,0x90,0x90,0x00,0x00,,,,,"Set torque = 0"
148469,RX,0x181,6,0x40,0x40,0x11,0x43,0x80,0x00,0x0B,,"Status word = 0x4311"
148476,RX,0x181,4,0x30,0x30,0x00,0x00,0x01,,,,"Speed feedback = 0 rpm"
148482,TX,0x201,3,0x90,0x90,0x00,0x00,,,,,"Set torque = 0"
148509,TX,0x201,3,0x90,0x90,0x00,0x00,,,,,"Set torque = 0"
148535,TX,0x201,3,0x90,0x90,0x00,0x00,,,,,"Set torque = 0"
148561,TX,0x201,3,0x90,0x90,0x00,0x00,,,,,"Set torque = 0"
148648,RX,0x181,6,0x40,0x40,0x11,0x43,0x80,0x00,0x0B,,"Status word = 0x4311"
148654,RX,0x181,4,0x30,0x30,0x00,0x00,0x01,,,,"Speed feedback = 0 rpm"
148668,TX,0x201,3,0x90,0x90,0x00,0x00,,,,,"Set torque = 0"
148675,RX,0x181,6,0x40,0x40,0x11,0x43,0x80,0x00,0x0B,,"Status word = 0x4311"
148681,RX,0x181,4,0x30,0x30,0x00,0x00,0x01,,,,"Speed feedback = 0 rpm"
148695,TX,0x201,3,0x90,0x90,0x00,0x00,,,,,"Set torque = 0"
148721,TX,0x201,3,0x90,0x90,0x00,0x00,,,,,"Set torque = 0"
148747,TX,0x201,3,0x90,0x90,0x00,0x00,,,,,"Set torque = 0"
148769,RX,0x181,6,0x40,0x40,0x11,0x43,0x80,0x00,0x0B,,"Status word = 0x4311"
148775,TX,0x201,3,0x90,0x90,0x00,0x00,,,,,"Set torque = 0"
148782,RX,0x181,4,0x30,0x30,0x00,0x00,0x01,,,,"Speed feedback = 0 rpm"
148802,TX,0x201,3,0x90,0x90,0x00,0x00,,,,,"Set torque = 0"
148829,TX,0x201,3,0x90,0x90,0x00,0x00,,,,,"Set torque = 0"
148855,TX,0x201,3,0x90,0x90,0x00,0x00,,,,,"Set torque = 0"
148869,RX,0x181,6,0x40,0x40,0x11,0x43,0x80,0x00,0x0B,,"Status word = 0x4311"
148875,RX,0x181,4,0x30,0x30,0x00,0x00,0x01,,,,"Speed feedback = 0 rpm"
148882,TX,0x201,3,0x90,0x90,0x00,0x00,,,,,"Set torque = 0"
148909,TX,0x201,3,0x90,0x90,0x00,0x00,,,,,"Set torque = 0"
148935,TX,0x201,3,0x90,0x90,0x00,0x00,,,,,"Set torque = 0"
148961,TX,0x201,3,0x90,0x90,0x00,0x00,,,,,"Set torque = 0"
148968,RX,0x181,6,0x40,0x40,0x11,0x43,0x80,0x00,0x0B,,"Status word = 0x4311"
148975,RX,0x181,4,0x30,0x30,0x00,0x00,0x01,,,,"Speed feedback = 0 rpm"
148987,TX,0x201,3,0x90,0x90,0x00,0x00,,,,,"Set torque = 0"
149013,TX,0x201,3,0x90,0x90,0x00,0x00,,,,,"Set torque = 0"
149098,RX,0x181,6,0x40,0x40,0x11,0x43,0x80,0x00,0x0B,,"Status word = 0x4311"
149105,RX,0x181,4,0x30,0x30,0x00,0x00,0x01,,,,"Speed feedback = 0 rpm"
149118,TX,0x201,3,0x90,0x90,0x00,0x00,,,,,"Set torque = 0"
149144,TX,0x201,3,0x90,0x90,0x00,0x00,,,,,"Set torque = 0"
149168,RX,0x181,6,0x40,0x40,0x11,0x43,0x80,0x00,0x0B,,"Status word = 0x4311"
149175,TX,0x201,3,0x90,0x90,0x00,0x00,,,,,"Set torque = 0"
149182,RX,0x181,4,0x30,0x30,0x00,0x00,0x01,,,,"Speed feedback = 0 rpm"
149202,TX,0x201,3,0x90,0x90,0x00,0x00,,,,,"Set torque = 0"
149228,TX,0x201,3,0x90,0x90,0x00,0x00,,,,,"Set torque = 0"
149254,TX,0x201,3,0x90,0x90,0x00,0x00,,,,,"Set torque = 0"
149268,RX,0x181,6,0x40,0x40,0x11,0x43,0x80,0x00,0x0B,,"Status word = 0x4311"
149275,RX,0x181,4,0x30,0x30,0x00,0x00,0x01,,,,"Speed feedback = 0 rpm"
149282,TX,0x201,3,0x90,0x90,0x00,0x00,,,,,"Set torque = 0"
149309,TX,0x201,3,0x90,0x90,0x00,0x00,,,,,"Set torque = 0"
149336,TX,0x201,3,0x90,0x90,0x00,0x00,,,,,"Set torque = 0"
149362,TX,0x201,3,0x90,0x90,0x00,0x00,,,,,"Set torque = 0"
149368,RX,0x181,6,0x40,0x40,0x11,0x43,0x80,0x00,0x0B,,"Status word = 0x4311"
149375,RX,0x181,4,0x30,0x30,0x00,0x00,0x01,,,,"Speed feedback = 0 rpm"
149388,TX,0x201,3,0x90,0x90,0x00,0x00,,,,,"Set torque = 0"
149414,TX,0x201,3,0x90,0x90,0x00,0x00,,,,,"Set torque = 0"
149440,TX,0x201,3,0x90,0x90,0x00,0x00,,,,,"Set torque = 0"
149466,TX,0x201,3,0x90,0x90,0x00,0x00,,,,,"Set torque = 0"
149472,RX,0x181,6,0x40,0x40,0x11,0x43,0x80,0x00,0x0B,,"Status word = 0x4311"
149556,RX,0x181,4,0x30,0x30,0x00,0x00,0x01,,,,"Speed feedback = 0 rpm"
149563,TX,0x201,3,0x90,0x90,0x00,0x00,,,,,"Set torque = 0"
149570,RX,0x181,6,0x40,0x40,0x11,0x43,0x80,0x00,0x0B,,"Status word = 0x4311"
149577,RX,0x181,4,0x30,0x30,0x00,0x00,0x01,,,,"Speed feedback = 0 rpm"
149590,TX,0x201,3,0x90,0x90,0x00,0x00,,,,,"Set torque = 0"
149616,TX,0x201,3,0x90,0x90,0x00,0x00,,,,,"Set torque = 0"
149642,TX,0x201,3,0x90,0x90,0x00,0x00,,,,,"Set torque = 0"
149667,RX,0x181,6,0x40,0x40,0x11,0x43,0x80,0x00,0x0B,,"Status word = 0x4311"
149674,TX,0x201,3,0x90,0x90,0x00,0x00,,,,,"Set torque = 0"
149681,RX,0x181,4,0x30,0x30,0x00,0x00,0x01,,,,"Speed feedback = 0 rpm"
149701,TX,0x201,3,0x90,0x90,0x00,0x00,,,,,"Set torque = 0"
149727,TX,0x201,3,0x90,0x90,0x00,0x00,,,,,"Set torque = 0"
149753,TX,0x201,3,0x90,0x90,0x00,0x00,,,,,"Set torque = 0"
149767,RX,0x181,6,0x40,0x40,0x11,0x43,0x80,0x00,0x0B,,"Status word = 0x4311"
149774,RX,0x181,4,0x30,0x30,0x00,0x00,0x01,,,,"Speed feedback = 0 rpm"
149781,TX,0x201,3,0x90,0x90,0x00,0x00,,,,,"Set torque = 0"
149808,TX,0x201,3,0x90,0x90,0x00,0x00,,,,,"Set torque = 0"
149834,TX,0x201,3,0x90,0x90,0x00,0x00,,,,,"Set torque = 0"
149861,TX,0x201,3,0x90,0x90,0x00,0x00,,,,,"Set torque = 0"
149867,RX,0x181,6,0x40,0x40,0x11,0x43,0x80,0x00,0x0B,,"Status word = 0x4311"
149874,RX,0x181,4,0x30,0x30,0x00,0x00,0x01,,,,"Speed feedback = 0 rpm"
149887,TX,0x201,3,0x90,0x90,0x00,0x00,,,,,"Set torque = 0"
149913,TX,0x201,3,0x90,0x90,0x00,0x00,,,,,"Set torque = 0"
149939,TX,0x201,3,0x90,0x90,0x00,0x00,,,,,"Set torque = 0"
150024,RX,0x181,6,0x40,0x40,0x11,0x43,0x80,0x00,0x0B,,"Status word = 0x4311"
150031,RX,0x181,4,0x30,0x30,0x00,0x00,0x01,,,,"Speed feedback = 0 rpm"
150044,TX,0x201,3,0x90,0x90,0x00,0x00,,,,,"Set torque = 0"
150067,RX,0x181,6,0x40,0x40,0x11,0x43,0x80,0x00,0x0B,,"Status word = 0x4311"
150073,TX,0x201,3,0x90,0x90,0x00,0x00,,,,,"Set torque = 0"
150080,RX,0x181,4,0x30,0x30,0x00,0x00,0x01,,,,"Speed feedback = 0 rpm"
150100,TX,0x201,3,0x90,0x90,0x00,0x00,,,,,"Set torque = 0"
150126,TX,0x201,3,0x90,0x90,0x00,0x00,,,,,"Set torque = 0"
150152,TX,0x201,3,0x90,0x90,0x00,0x00,,,,,"Set torque = 0"
150166,RX,0x181,6,0x40,0x40,0x11,0x43,0x80,0x00,0x0B,,"Status word = 0x4311"
150173,RX,0x181,4,0x30,0x30,0x00,0x00,0x01,,,,"Speed feedback = 0 rpm"
150180,TX,0x201,3,0x90,0x90,0x00,0x00,,,,,"Set torque = 0"
150207,TX,0x201,3,0x90,0x90,0x00,0x00,,,,,"Set torque = 0"
150233,TX,0x201,3,0x90,0x90,0x00,0x00,,,,,"Set torque = 0"
150259,TX,0x201,3,0x90,0x90,0x00,0x00,,,,,"Set torque = 0"
150266,RX,0x181,6,0x40,0x40,0x11,0x43,0x80,0x00,0x0B,,"Status word = 0x4311"
150273,RX,0x181,4,0x30,0x30,0x00,0x00,0x01,,,,"Speed feedback = 0 rpm"
150285,TX,0x201,3,0x90,0x90,0x00,0x00,,,,,"Set torque = 0"
150311,TX,0x201,3,0x90,0x90,0x00,0x00,,,,,"Set torque = 0"
150337,TX,0x201,3,0x90,0x90,0x00,0x00,,,,,"Set torque = 0"
150363,TX,0x201,3,0x90,0x90,0x00,0x00,,,,,"Set torque = 0"
150370,RX,0x181,6,0x40,0x40,0x11,0x43,0x80,0x00,0x0B,,"Status word = 0x4311"
150376,RX,0x181,4,0x30,0x30,0x00,0x00,0x01,,,,"Speed feedback = 0 rpm"
150390,TX,0x201,3,0x90,0x90,0x00,0x00,,,,,"Set torque = 0"
150475,RX,0x181,6,0x40,0x40,0x11,0x43,0x80,0x00,0x0B,,"Status word = 0x4311"
150482,RX,0x181,4,0x30,0x30,0x00,0x00,0x01,,,,"Speed feedback = 0 rpm"
150495,TX,0x201,3,0x90,0x90,0x00,0x00,,,,,"Set torque = 0"
150521,TX,0x201,3,0x90,0x90,0x00,0x00,,,,,"Set torque = 0"
150547,TX,0x201,3,0x90,0x90,0x00,0x00,,,,,"Set torque = 0"
150566,RX,0x181,6,0x40,0x40,0x11,0x43,0x80,0x00,0x0B,,"Status word = 0x4311"
150573,RX,0x181,4,0x30,0x30,0x00,0x00,0x01,,,,"Speed feedback = 0 rpm"
150580,TX,0x201,3,0x90,0x90,0x00,0x00,,,,,"Set torque = 0"
150606,TX,0x201,3,0x90,0x90,0x00,0x00,,,,,"Set torque = 0"
150632,TX,0x201,3,0x90,0x90,0x00,0x00,,,,,"Set torque = 0"
150658,TX,0x201,3,0x90,0x90,0x00,0x00,,,,,"Set torque = 0"
150666,RX,0x181,6,0x40,0x40,0x11,0x43,0x80,0x00,0x0B,,"Status word = 0x4311"
150673,RX,0x181,4,0x30,0x30,0x00,0x00,0x01,,,,"Speed feedback = 0 rpm"
150684,TX,0x201,3,0x90,0x90,0x00,0x00,,,,,"Set torque = 0"
150711,TX,0x201,3,0x90,0x90,0x00,0x00,,,,,"Set torque = 0"
150737,TX,0x201,3,0x90,0x90,0x00,0x00,,,,,"Set torque = 0"
150763,TX,0x201,3,0x90,0x90,0x00,0x00,,,,,"Set torque = 0"
150769,RX,0x181,6,0x40,0x40,0x11,0x43,0x80,0x00,0x0B,,"Status word = 0x4311"
150775,RX,0x181,4,0x30,0x30,0x00,0x00,0x01,,,,"Speed feedback = 0 rpm"
150789,TX,0x201,3,0x90,0x90,0x00,0x00,,,,,"Set torque = 0"
150815,TX,0x201,3,0x90,0x90,0x00,0x00,,,,,"Set torque = 0"
150841,TX,0x201,3,0x90,0x90,0x00,0x00,,,,,"Set torque = 0"
150865,RX,0x181,6,0x40,0x40,0x11,0x43,0x80,0x00,0x0B,,"Status word = 0x4311"
150951,RX,0x181,4,0x30,0x30,0x00,0x00,0x01,,,,"Speed feedback = 0 rpm"
150958,TX,0x201,3,0x90,0x90,0x00,0x00,,,,,"Set torque = 0"
150965,RX,0x181,6,0x40,0x40,0x11,0x43,0x80,0x00,0x0B,,"Status word = 0x4311"
150972,RX,0x181,4,0x30,0x30,0x00,0x00,0x01,,,,"Speed feedback = 0 rpm"
150985,TX,0x201,3,0x90,0x90,0x00,0x00,,,,,"Set torque = 0"
151011,TX,0x201,3,0x90,0x90,0x00,0x00,,,,,"Set torque = 0"
151037,TX,0x201,3,0x90,0x90,0x00,0x00,,,,,"Set torque = 0"
151063,TX,0x201,3,0x90,0x90,0x00,0x00,,,,,"Set torque = 0"
151069,RX,0x181,6,0x40,0x40,0x11,0x43,0x80,0x00,0x0B,,"Status word = 0x4311"
151076,RX,0x181,4,0x30,0x30,0x00,0x00,0x01,,,,"Speed feedback = 0 rpm"
151089,TX,0x201,3,0x90,0x90,0x00,0x00,,,,,"Set torque = 0"
151115,TX,0x201,3,0x90,0x90,0x00,0x00,,,,,"Set torque = 0"
151141,TX,0x201,3,0x90,0x90,0x00,0x00,,,,,"Set torque = 0"
151165,RX,0x181,6,0x40,0x40,0x11,0x43,0x80,0x00,0x0B,,"Status word = 0x4311"
151172,TX,0x201,3,0x90,0x90,0x00,0x00,,,,,"Set torque = 0"
151178,RX,0x181,4,0x30,0x30,0x00,0x00,0x01,,,,"Speed feedback = 0 rpm"
151198,TX,0x201,3,0x90,0x90,0x00,0x00,,,,,"Set torque = 0"
151224,TX,0x201,3,0x90,0x90,0x00,0x00,,,,,"Set torque = 0"
151250,TX,0x201,3,0x90,0x90,0x00,0x00,,,,,"Set torque = 0"
151265,RX,0x181,6,0x40,0x40,0x11,0x43,0x80,0x00,0x0B,,"Status word = 0x4311"
151272,RX,0x181,4,0x30,0x30,0x00,0x00,0x01,,,,"Speed feedback = 0 rpm"
151278,TX,0x201,3,0x90,0x90,0x00,0x00,,,,,"Set torque = 0"
151305,TX,0x201,3,0x90,0x90,0x00,0x00,,,,,"Set torque = 0"
151331,TX,0x201,3,0x90,0x90,0x00,0x00,,,,,"Set torque = 0"
151415,RX,0x181,6,0x40,0x40,0x11,0x43,0x80,0x00,0x0B,,"Status word = 0x4311"
151422,RX,0x181,4,0x30,0x30,0x00,0x00,0x01,,,,"Speed feedback = 0 rpm"
151435,TX,0x201,3,0x90,0x90,0x00,0x00,,,,,"Set torque = 0"
151462,TX,0x201,3,0x90,0x90,0x00,0x00,,,,,"Set torque = 0"
151468,RX,0x181,6,0x40,0x40,0x11,0x43,0x80,0x00,0x0B,,"Status word = 0x4311"
151475,RX,0x181,4,0x30,0x30,0x00,0x00,0x01,,,,"Speed feedback = 0 rpm"
151488,TX,0x201,3,0x90,0x90,0x00,0x00,,,,,"Set torque = 0"
151514,TX,0x201,3,0x90,0x90,0x00,0x00,,,,,"Set torque = 0"
151540,TX,0x201,3,0x90,0x90,0x00,0x00,,,,,"Set torque = 0"
151564,RX,0x181,6,0x40,0x40,0x11,0x43,0x80,0x00,0x0B,,"Status word = 0x4311"
151571,TX,0x201,3,0x90,0x90,0x00,0x00,,,,,"Set torque = 0"
151578,RX,0x181,4,0x30,0x30,0x00,0x00,0x01,,,,"Speed feedback = 0 rpm"
151598,TX,0x201,3,0x90,0x90,0x00,0x00,,,,,"Set torque = 0"
151624,TX,0x201,3,0x90,0x90,0x00,0x00,,,,,"Set torque = 0"
151650,TX,0x201,3,0x90,0x90,0x00,0x00,,,,,"Set torque = 0"
151664,RX,0x181,6,0x40,0x40,0x11,0x43,0x80,0x00,0x0B,,"Status word = 0x4311"
151671,RX,0x181,4,0x30,0x30,0x00,0x00,0x01,,,,"Speed feedback = 0 rpm"
151677,TX,0x201,3,0x90,0x90,0x00,0x00,,,,,"Set torque = 0"
151704,TX,0x201,3,0x90,0x90,0x00,0x00,,,,,"Set torque = 0"
151730,TX,0x201,3,0x90,0x90,0x00,0x00,,,,,"Set torque = 0"
151756,TX,0x201,3,0x90,0x90,0x00,0x00,,,,,"Set torque = 0"
151764,RX,0x181,6,0x40,0x40,0x11,0x43,0x80,0x00,0x0B,,"Status word = 0x4311"
151771,RX,0x181,4,0x30,0x30,0x00,0x00,0x01,,,,"Speed feedback = 0 rpm"
151783,TX,0x201,3,0x90,0x90,0x00,0x00,,,,,"Set torque = 0"
151870,RX,0x181,6,0x40,0x40,0x11,0x43,0x80,0x00,0x0B,,"Status word = 0x4311"
151876,RX,0x181,4,0x30,0x30,0x00,0x00,0x01,,,,"Speed feedback = 0 rpm"
151890,TX,0x201,3,0x90,0x90,0x00,0x00,,,,,"Set torque = 0"
151916,TX,0x201,3,0x90,0x90,0x00,0x00,,,,,"Set torque = 0"
151942,TX,0x201,3,0x90,0x90,0x00,0x00,,,,,"Set torque = 0"
151964,RX,0x181,6,0x40,0x40,0x11,0x43,0x80,0x00,0x0B,,"Status word = 0x4311"
151971,RX,0x181,4,0x30,0x30,0x00,0x00,0x01,,,,"Speed feedback = 0 rpm"
151978,TX,0x201,3,0x90,0x90,0x00,0x00,,,,,"Set torque = 0"
152004,TX,0x201,3,0x90,0x90,0x00,0x00,,,,,"Set torque = 0"
152030,TX,0x201,3,0x90,0x90,0x00,0x00,,,,,"Set torque = 0"
152056,TX,0x201,3,0x90,0x90,0x00,0x00,,,,,"Set torque = 0"
152063,RX,0x181,6,0x40,0x40,0x11,0x43,0x80,0x00,0x0B,,"Status word = 0x4311"
152070,RX,0x181,4,0x30,0x30,0x00,0x00,0x01,,,,"Speed feedback = 0 rpm"
152082,TX,0x201,3,0x90,0x90,0x00,0x00,,,,,"Set torque = 0"
152108,TX,0x201,3,0x90,0x90,0x00,0x00,,,,,"Set torque = 0"
152135,TX,0x201,3,0x90,0x90,0x00,0x00,,,,,"Set torque = 0"
152161,TX,0x201,3,0x90,0x90,0x00,0x00,,,,,"Set torque = 0"
152167,RX,0x181,6,0x40,0x40,0x11,0x43,0x80,0x00,0x0B,,"Status word = 0x4311"
152174,RX,0x181,4,0x30,0x30,0x00,0x00,0x01,,,,"Speed feedback = 0 rpm"
152187,TX,0x201,3,0x90,0x90,0x00,0x00,,,,,"Set torque = 0"
152213,TX,0x201,3,0x90,0x90,0x00,0x00,,,,,"Set torque = 0"
152239,TX,0x201,3,0x90,0x90,0x00,0x00,,,,,"Set torque = 0"
152263,RX,0x181,6,0x40,0x40,0x11,0x43,0x80,0x00,0x0B,,"Status word = 0x4311"
152270,TX,0x201,3,0x90,0x90,0x00,0x00,,,,,"Set torque = 0"
152363,RX,0x181,4,0x30,0x30,0x00,0x00,0x01,,,,"Speed feedback = 0 rpm"
152370,RX,0x181,4,0x30,0x30,0x00,0x00,0x01,,,,"Speed feedback = 0 rpm"
152377,RX,0x181,6,0x40,0x40,0x11,0x43,0x80,0x00,0x0B,,"Status word = 0x4311"
152384,TX,0x201,3,0x90,0x90,0x00,0x00,,,,,"Set torque = 0"
152410,TX,0x201,3,0x90,0x90,0x00,0x00,,,,,"Set torque = 0"
152436,TX,0x201,3,0x90,0x90,0x00,0x00,,,,,"Set torque = 0"
152462,TX,0x201,3,0x90,0x90,0x00,0x00,,,,,"Set torque = 0"
152468,RX,0x181,6,0x40,0x40,0x11,0x43,0x80,0x00,0x0B,,"Status word = 0x4311"
152474,RX,0x181,4,0x30,0x30,0x00,0x00,0x01,,,,"Speed feedback = 0 rpm"
152488,TX,0x201,3,0x90,0x90,0x00,0x00,,,,,"Set torque = 0"
152514,TX,0x201,3,0x90,0x90,0x00,0x00,,,,,"Set torque = 0"
152540,TX,0x201,3,0x90,0x90,0x00,0x00,,,,,"Set torque = 0"
152563,RX,0x181,6,0x40,0x40,0x11,0x43,0x80,0x00,0x0B,,"Status word = 0x4311"
152569,TX,0x201,3,0x90,0x90,0x00,0x00,,,,,"Set torque = 0"
152576,RX,0x181,4,0x30,0x30,0x00,0x00,0x01,,,,"Speed feedback = 0 rpm"
152596,TX,0x201,3,0x90,0x90,0x00,0x00,,,,,"Set torque = 0"
152622,TX,0x201,3,0x90,0x90,0x00,0x00,,,,,"Set torque = 0"
152648,TX,0x201,3,0x90,0x90,0x00,0x00,,,,,"Set torque = 0"
152662,RX,0x181,6,0x40,0x40,0x11,0x43,0x80,0x00,0x0B,,"Status word = 0x4311"
152669,RX,0x181,4,0x30,0x30,0x00,0x00,0x01,,,,"Speed feedback = 0 rpm"
152676,TX,0x201,3,0x90,0x90,0x00,0x00,,,,,"Set torque = 0"
152703,TX,0x201,3,0x90,0x90,0x00,0x00,,,,,"Set torque = 0"
152729,TX,0x201,3,0x90,0x90,0x00,0x00,,,,,"Set torque = 0"
152755,TX,0x201,3,0x90,0x90,0x00,0x00,,,,,"Set torque = 0"
152846,RX,0x181,6,0x40,0x40,0x11,0x43,0x80,0x00,0x0B,,"Status word = 0x4311"
152853,RX,0x181,4,0x30,0x30,0x00,0x00,0x01,,,,"Speed feedback = 0 rpm"
152862,RX,0x181,6,0x40,0x40,0x11,0x43,0x80,0x00,0x0B,,"Status word = 0x4311"
152869,RX,0x181,4,0x30,0x30,0x00,0x00,0x01,,,,"Speed feedback = 0 rpm"
152876,TX,0x201,3,0x90,0x90,0x00,0x00,,,,,"Set torque = 0"
152903,TX,0x201,3,0x90,0x90,0x00,0x00,,,,,"Set torque = 0"
152929,TX,0x201,3,0x90,0x90,0x00,0x00,,,,,"Set torque = 0"
152955,TX,0x201,3,0x90,0x90,0x00,0x00,,,,,"Set torque = 0"
152962,RX,0x181,6,0x40,0x40,0x11,0x43,0x80,0x00,0x0B,,"Status word = 0x4311"
152969,RX,0x181,4,0x30,0x30,0x00,0x00,0x01,,,,"Speed feedback = 0 rpm"
152981,TX,0x201,3,0x90,0x90,0x00,0x00,,,,,"Set torque = 0"
153007,TX,0x201,3,0x90,0x90,0x00,0x00,,,,,"Set torque = 0"
153034,TX,0x201,3,0x90,0x90,0x00,0x00,,,,,"Set torque = 0"
153060,TX,0x201,3,0x90,0x90,0x00,0x00,,,,,"Set torque = 0"
153066,RX,0x181,6,0x40,0x40,0x11,0x43,0x80,0x00,0x0B,,"Status word = 0x4311"
153073,RX,0x181,4,0x30,0x30,0x00,0x00,0x01,,,,"Speed feedback = 0 rpm"
153086,TX,0x201,3,0x90,0x90,0x00,0x00,,,,,"Set torque = 0"
153112,TX,0x201,3,0x90,0x90,0x00,0x00,,,,,"Set torque = 0"
153138,TX,0x201,3,0x90,0x90,0x00,0x00,,,,,"Set torque = 0"
153162,RX,0x181,6,0x40,0x40,0x11,0x43,0x80,0x00,0x0B,,"Status word = 0x4311"
153168,TX,0x201,3,0x90,0x90,0x00,0x00,,,,,"Set torque = 0"
153176,RX,0x181,4,0x30,0x30,0x00,0x00,0x01,,,,"Speed feedback = 0 rpm"
153196,TX,0x201,3,0x90,0x90,0x00,0x00,,,,,"Set torque = 0"
153222,TX,0x201,3,0x90,0x90,0x00,0x00,,,,,"Set torque = 0"
153314,RX,0x181,6,0x40,0x40,0x11,0x43,0x80,0x00,0x0B,,"Status word = 0x4311"
153320,RX,0x181,4,0x30,0x30,0x00,0x00,0x01,,,,"Speed feedback = 0 rpm"
153334,TX,0x201,3,0x90,0x90,0x00,0x00,,,,,"Set torque = 0"
153360,TX,0x201,3,0x90,0x90,0x00,0x00,,,,,"Set torque = 0"
153366,RX,0x181,6,0x40,0x40,0x11,0x43,0x80,0x00,0x0B,,"Status word = 0x4311"
153373,RX,0x181,4,0x30,0x30,0x00,0x00,0x01,,,,"Speed feedback = 0 rpm"
153386,TX,0x201,3,0x90,0x90,0x00,0x00,,,,,"Set torque = 0"
153412,TX,0x201,3,0x90,0x90,0x00,0x00,,,,,"Set torque = 0"
153438,TX,0x201,3,0x90,0x90,0x00,0x00,,,,,"Set torque = 0"
153461,RX,0x181,6,0x40,0x40,0x11,0x43,0x80,0x00,0x0B,,"Status word = 0x4311"
153468,TX,0x201,3,0x90,0x90,0x00,0x00,,,,,"Set torque = 0"
153475,RX,0x181,4,0x30,0x30,0x00,0x00,0x01,,,,"Speed feedback = 0 rpm"
153495,TX,0x201,3,0x90,0x90,0x00,0x00,,,,,"Set torque = 0"
153521,TX,0x201,3,0x90,0x90,0x00,0x00,,,,,"Set torque = 0"
153547,TX,0x201,3,0x90,0x90,0x00,0x00,,,,,"Set torque = 0"
153561,RX,0x181,6,0x40,0x40,0x11,0x43,0x80,0x00,0x0B,,"Status word = 0x4311"
153568,RX,0x181,4,0x30,0x30,0x00,0x00,0x01,,,,"Speed feedback = 0 rpm"
153575,TX,0x201,3,0x90,0x90,0x00,0x00,,,,,"Set torque = 0"
153602,TX,0x201,3,0x90,0x90,0x00,0x00,,,,,"Set torque = 0"
153628,TX,0x201,3,0x90,0x90,0x00,0x00,,,,,"Set torque = 0"
153654,TX,0x201,3,0x90,0x90,0x00,0x00,,,,,"Set torque = 0"
153661,RX,0x181,6,0x40,0x40,0x11,0x43,0x80,0x00,0x0B,,"Status word = 0x4311"
153668,RX,0x181,4,0x30,0x30,0x00,0x00,0x01,,,,"Speed feedback = 0 rpm"
153680,TX,0x201,3,0x90,0x90,0x00,0x00,,,,,"Set torque = 0"
153773,RX,0x181,6,0x40,0x40,0x11,0x43,0x80,0x00,0x0B,,"Status word = 0x4311"
153780,RX,0x181,4,0x30,0x30,0x00,0x00,0x01,,,,"Speed feedback = 0 rpm"
153793,TX,0x201,3,0x90,0x90,0x00,0x00,,,,,"Set torque = 0"
153819,TX,0x201,3,0x90,0x90,0x00,0x00,,,,,"Set torque = 0"
153845,TX,0x201,3,0x90,0x90,0x00,0x00,,,,,"Set torque = 0"
153861,RX,0x181,6,0x40,0x40,0x11,0x43,0x80,0x00,0x0B,,"Status word = 0x4311"
153868,RX,0x181,4,0x30,0x30,0x00,0x00,0x01,,,,"Speed feedback = 0 rpm"
153874,TX,0x201,3,0x90,0x90,0x00,0x00,,,,,"Set torque = 0"
153901,TX,0x201,3,0x90,0x90,0x00,0x00,,,,,"Set torque = 0"
153928,TX,0x201,3,0x90,0x90,0x00,0x00,,,,,"Set torque = 0"
153954,TX,0x201,3,0x90,0x90,0x00,0x00,,,,,"Set torque = 0"
153960,RX,0x181,6,0x40,0x40,0x11,0x43,0x80,0x00,0x0B,,"Status word = 0x4311"
153967,RX,0x181,4,0x30,0x30,0x00,0x00,0x01,,,,"Speed feedback = 0 rpm"
153980,TX,0x201,3,0x90,0x90,0x00,0x00,,,,,"Set torque = 0"
154006,TX,0x201,3,0x90,0x90,0x00,0x00,,,,,"Set torque = 0"
154032,TX,0x201,3,0x90,0x90,0x00,0x00,,,,,"Set torque = 0"
154058,TX,0x201,3,0x90,0x90,0x00,0x00,,,,,"Set torque = 0"
154064,RX,0x181,6,0x40,0x40,0x11,0x43,0x80,0x00,0x0B,,"Status word = 0x4311"
154071,RX,0x181,4,0x30,0x30,0x00,0x00,0x01,,,,"Speed feedback = 0 rpm"
154084,TX,0x201,3,0x90,0x90,0x00,0x00,,,,,"Set torque = 0"
154110,TX,0x201,3,0x90,0x90,0x00,0x00,,,,,"Set torque = 0"
154138,TX,0x201,3,0x90,0x90,0x00,0x00,,,,,"Set torque = 0"
154160,RX,0x181,6,0x40,0x40,0x11,0x43,0x80,0x00,0x0B,,"Status word = 0x4311"
154167,TX,0x201,3,0x90,0x90,0x00,0x00,,,,,"Set torque = 0"
154262,RX,0x181,4,0x30,0x30,0x00,0x00,0x01,,,,"Speed feedback = 0 rpm"
154269,RX,0x181,4,0x30,0x30,0x00,0x00,0x01,,,,"Speed feedback = 0 rpm"
154276,RX,0x181,6,0x40,0x40,0x11,0x43,0x80,0x00,0x0B,,"Status word = 0x4311"
154283,TX,0x201,3,0x90,0x90,0x00,0x00,,,,,"Set torque = 0"
154310,TX,0x201,3,0x90,0x90,0x00,0x00,,,,,"Set torque = 0"
154336,TX,0x201,3,0x90,0x90,0x00,0x00,,,,,"Set torque = 0"
154360,RX,0x181,6,0x40,0x40,0x11,0x43,0x80,0x00,0x0B,,"Status word = 0x4311"
154367,TX,0x201,3,0x90,0x90,0x00,0x00,,,,,"Set torque = 0"
154373,RX,0x181,4,0x30,0x30,0x00,0x00,0x01,,,,"Speed feedback = 0 rpm"
154393,TX,0x201,3,0x90,0x90,0x00,0x00,,,,,"Set torque = 0"
154419,TX,0x201,3,0x90,0x90,0x00,0x00,,,,,"Set torque = 0"
154445,TX,0x201,3,0x90,0x90,0x00,0x00,,,,,"Set torque = 0"
154460,RX,0x181,6,0x40,0x40,0x11,0x43,0x80,0x00,0x0B,,"Status word = 0x4311"
154467,RX,0x181,4,0x30,0x30,0x00,0x00,0x01,,,,"Speed feedback = 0 rpm"
154473,TX,0x201,3,0x90,0x90,0x00,0x00,,,,,"Set torque = 0"
154500,TX,0x201,3,0x90,0x90,0x00,0x00,,,,,"Set torque = 0"
154526,TX,0x201,3,0x90,0x90,0x00,0x00,,,,,"Set torque = 0"
154552,TX,0x201,3,0x90,0x90,0x00,0x00,,,,,"Set torque = 0"
154559,RX,0x181,6,0x40,0x40,0x11,0x43,0x80,0x00,0x0B,,"Status word = 0x4311"
154566,RX,0x181,4,0x30,0x30,0x00,0x00,0x01,,,,"Speed feedback = 0 rpm"
154578,TX,0x201,3,0x90,0x90,0x00,0x00,,,,,"Set torque = 0"
154605,TX,0x201,3,0x90,0x90,0x00,0x00,,,,,"Set torque = 0"
154631,TX,0x201,3,0x90,0x90,0x00,0x00,,,,,"Set torque = 0"
154657,TX,0x201,3,0x90,0x90,0x00,0x00,,,,,"Set torque = 0"
154747,RX,0x181,6,0x40,0x40,0x11,0x43,0x80,0x00,0x0B,,"Status word = 0x4311"
154754,RX,0x181,4,0x30,0x30,0x00,0x00,0x01,,,,"Speed feedback = 0 rpm"
154761,RX,0x181,6,0x40,0x40,0x11,0x43,0x80,0x00,0x0B,,"Status word = 0x4311"
154767,RX,0x181,4,0x30,0x30,0x00,0x00,0x01,,,,"Speed feedback = 0 rpm"
154774,TX,0x201,3,0x90,0x90,0x00,0x00,,,,,"Set torque = 0"
154801,TX,0x201,3,0x90,0x90,0x00,0x00,,,,,"Set torque = 0"
154828,TX,0x201,3,0x90,0x90,0x00,0x00,,,,,"Set torque = 0"
154854,TX,0x201,3,0x90,0x90,0x00,0x00,,,,,"Set torque = 0"
154860,RX,0x181,6,0x40,0x40,0x11,0x43,0x80,0x00,0x0B,,"Status word = 0x4311"
154867,RX,0x181,4,0x30,0x30,0x00,0x00,0x01,,,,"Speed feedback = 0 rpm"
154880,TX,0x201,3,0x90,0x90,0x00,0x00,,,,,"Set torque = 0"
154906,TX,0x201,3,0x90,0x90,0x00,0x00,,,,,"Set torque = 0"
154932,TX,0x201,3,0x90,0x90,0x00,0x00,,,,,"Set torque = 0"
154958,TX,0x201,3,0x90,0x90,0x00,0x00,,,,,"Set torque = 0"
154964,RX,0x181,6,0x40,0x40,0x11,0x43,0x80,0x00,0x0B,,"Status word = 0x4311"
154971,RX,0x181,4,0x30,0x30,0x00,0x00,0x01,,,,"Speed feedback = 0 rpm"
154984,TX,0x201,3,0x90,0x90,0x00,0x00,,,,,"Set torque = 0"
155010,TX,0x201,3,0x90,0x90,0x00,0x00,,,,,"Set torque = 0"
155036,TX,0x201,3,0x90,0x90,0x00,0x00,,,,,"Set torque = 0"
155059,RX,0x181,6,0x40,0x40,0x11,0x43,0x80,0x00,0x0B,,"Status word = 0x4311"
155065,TX,0x201,3,0x90,0x90,0x00,0x00,,,,,"Set torque = 0"
155072,RX,0x181,4,0x30,0x30,0x00,0x00,0x01,,,,"Speed feedback = 0 rpm"
155092,TX,0x201,3,0x90,0x90,0x00,0x00,,,,,"Set torque = 0"
155118,TX,0x201,3,0x90,0x90,0x00,0x00,,,,,"Set torque = 0"
155145,TX,0x201,3,0x90,0x90,0x00,0x00,,,,,"Set torque = 0"
155159,RX,0x181,6,0x40,0x40,0x11,0x43,0x80,0x00,0x0B,,"Status word = 0x4311"
155165,RX,0x181,4,0x30,0x30,0x00,0x00,0x01,,,,"Speed feedback = 0 rpm"
155172,TX,0x201,3,0x90,0x90,0x00,0x00,,,,,"Set torque = 0"
155199,TX,0x201,3,0x90,0x90,0x00,0x00,,,,,"Set torque = 0"
155225,TX,0x201,3,0x90,0x90,0x00,0x00,,,,,"Set torque = 0"
155251,TX,0x201,3,0x90,0x90,0x00,0x00,,,,,"Set torque = 0"
155258,RX,0x181,6,0x40,0x40,0x11,0x43,0x80,0x00,0x0B,,"Status word = 0x4311"
155265,RX,0x181,4,0x30,0x30,0x00,0x00,0x01,,,,"Speed feedback = 0 rpm"
155277,TX,0x201,3,0x90,0x90,0x00,0x00,,,,,"Set torque = 0"
155303,TX,0x201,3,0x90,0x90,0x00,0x00,,,,,"Set torque = 0"
155329,TX,0x201,3,0x90,0x90,0x00,0x00,,,,,"Set torque = 0"
155358,TX,0x201,3,0x90,0x90,0x00,0x00,,,,,"Set torque = 0"
155364,RX,0x181,6,0x40,0x40,0x11,0x43,0x80,0x00,0x0B,,"Status word = 0x4311"
155371,RX,0x181,4,0x30,0x30,0x00,0x00,0x01,,,,"Speed feedback = 0 rpm"
155384,TX,0x201,3,0x90,0x90,0x00,0x00,,,,,"Set torque = 0"
155410,TX,0x201,3,0x90,0x90,0x00,0x00,,,,,"Set torque = 0"
155437,TX,0x201,3,0x90,0x90,0x00,0x00,,,,,"Set torque = 0"
155458,RX,0x181,6,0x40,0x40,0x11,0x43,0x80,0x00,0x0B,,"Status word = 0x4311"
155465,TX,0x201,3,0x90,0x90,0x00,0x00,,,,,"Set torque = 0"
155472,RX,0x181,4,0x30,0x30,0x00,0x00,0x01,,,,"Speed feedback = 0 rpm"
155492,TX,0x201,3,0x90,0x90,0x00,0x00,,,,,"Set torque = 0"
155518,TX,0x201,3,0x90,0x90,0x00,0x00,,,,,"Set torque = 0"
155544,TX,0x201,3,0x90,0x90,0x00,0x00,,,,,"Set torque = 0"
155558,RX,0x181,6,0x40,0x40,0x11,0x43,0x80,0x00,0x0B,,"Status word = 0x4311"
155565,RX,0x181,4,0x30,0x30,0x00,0x00,0x01,,,,"Speed feedback = 0 rpm"
155572,TX,0x201,3,0x90,0x90,0x64,0x02,,,,,"Set torque = 612"
155599,TX,0x201,3,0x90,0x90,0x57,0x06,,,,,"Set torque = 1623"
155625,TX,0x201,3,0x90,0x90,0xA5,0x0A,,,,,"Set torque = 2725"
155651,TX,0x201,3,0x90,0x90,0x47,0x0D,,,,,"Set torque = 3399"
155658,RX,0x181,6,0x40,0x40,0x11,0x43,0x80,0x00,0x0B,,"Status word = 0x4311"
155665,RX,0x181,4,0x30,0x30,0x00,0x00,0x01,,,,"Speed feedback = 0 rpm"
155677,TX,0x201,3,0x90,0x90,0xFE,0x0D,,,,,"Set torque = 3582"
155703,TX,0x201,3,0x90,0x90,0x95,0x11,,,,,"Set torque = 4501"
155729,TX,0x201,3,0x90,0x90,0xFA,0x13,,,,,"Set torque = 5114"
155755,TX,0x201,3,0x90,0x90,0x48,0x18,,,,,"Set torque = 6216"
155761,RX,0x181,6,0x40,0x40,0x11,0x43,0x80,0x00,0x0B,,"Status word = 0x4311"
155768,RX,0x181,4,0x30,0x30,0x00,0x00,0x01,,,,"Speed feedback = 0 rpm"
155781,TX,0x201,3,0x90,0x90,0xFB,0x1E,,,,,"Set torque = 7931"
155807,TX,0x201,3,0x90,0x90,0xB9,0x24,,,,,"Set torque = 9401"
155833,TX,0x201,3,0x90,0x90,0x4B,0x2E,,,,,"Set torque = 11851"
155857,RX,0x181,6,0x40,0x40,0x11,0x41,0x80,0x00,0x0B,,"Status word = 0x4111"
155864,TX,0x201,3,0x90,0x90,0x38,0x38,,,,,"Set torque = 14392"
155871,RX,0x181,4,0x30,0x30,0xC7,0x00,0x01,,,,"Speed feedback = 199 rpm"
155891,TX,0x201,3,0x90,0x90,0xFF,0x3F,,,,,"Set torque = 16383"
155917,TX,0x201,3,0x90,0x90,0xFF,0x3F,,,,,"Set torque = 16383"
155943,TX,0x201,3,0x90,0x90,0xFF,0x3F,,,,,"Set torque = 16383"
155957,RX,0x181,6,0x40,0x40,0x11,0x41,0x80,0x00,0x0B,,"Status word = 0x4111"
155964,RX,0x181,4,0x30,0x30,0xEF,0x00,0x01,,,,"Speed feedback = 239 rpm"
155971,TX,0x201,3,0x90,0x90,0xFF,0x3F,,,,,"Set torque = 16383"
155997,TX,0x201,3,0x90,0x90,0xFF,0x3F,,,,,"Set torque = 16383"
156023,TX,0x201,3,0x90,0x90,0xFF,0x3F,,,,,"Set torque = 16383"
156049,TX,0x201,3,0x90,0x90,0xFF,0x3F,,,,,"Set torque = 16383"
156057,RX,0x181,6,0x40,0x40,0x11,0x41,0x80,0x00,0x0B,,"Status word = 0x4111"
156064,RX,0x181,4,0x30,0x30,0xEF,0x00,0x01,,,,"Speed feedback = 239 rpm"
156076,TX,0x201,3,0x90,0x90,0xFF,0x3F,,,,,"Set torque = 16383"
156102,TX,0x201,3,0x90,0x90,0xFF,0x3F,,,,,"Set torque = 16383"
156128,TX,0x201,3,0x90,0x90,0xFF,0x3F,,,,,"Set torque = 16383"
156154,TX,0x201,3,0x90,0x90,0xFF,0x3F,,,,,"Set torque = 16383"
156160,RX,0x181,6,0x40,0x40,0x11,0x41,0x80,0x00,0x0B,,"Status word = 0x4111"
156167,RX,0x181,4,0x30,0x30,0x17,0x01,0x01,,,,"Speed feedback = 279 rpm"
156180,TX,0x201,3,0x90,0x90,0xFF,0x3F,,,,,"Set torque = 16383"
156207,TX,0x201,3,0x90,0x90,0xFF,0x3F,,,,,"Set torque = 16383"
156233,TX,0x201,3,0x90,0x90,0xFF,0x3F,,,,,"Set torque = 16383"
156257,RX,0x181,6,0x40,0x40,0x11,0x41,0x80,0x00,0x0B,,"Status word = 0x4111"
156264,TX,0x201,3,0x90,0x90,0xFF,0x3F,,,,,"Set torque = 16383"
156270,RX,0x181,4,0x30,0x30,0xEF,0x00,0x01,,,,"Speed feedback = 239 rpm"
156290,TX,0x201,3,0x90,0x90,0xFF,0x3F,,,,,"Set torque = 16383"
156316,TX,0x201,3,0x90,0x90,0xFF,0x3F,,,,,"Set torque = 16383"
156342,TX,0x201,3,0x90,0x90,0xFF,0x3F,,,,,"Set torque = 16383"
156357,RX,0x181,6,0x40,0x40,0x11,0x41,0x80,0x00,0x0B,,"Status word = 0x4111"
156364,RX,0x181,4,0x30,0x30,0xEF,0x00,0x01,,,,"Speed feedback = 239 rpm"
156371,TX,0x201,3,0x90,0x90,0xFF,0x3F,,,,,"Set torque = 16383"
156397,TX,0x201,3,0x90,0x90,0xFF,0x3F,,,,,"Set torque = 16383"
156423,TX,0x201,3,0x90,0x90,0xFF,0x3F,,,,,"Set torque = 16383"
156449,TX,0x201,3,0x90,0x90,0xFF,0x3F,,,,,"Set torque = 16383"
156456,RX,0x181,6,0x40,0x40,0x11,0x41,0x80,0x00,0x0B,,"Status word = 0x4111"
156463,RX,0x181,4,0x30,0x30,0xEF,0x00,0x01,,,,"Speed feedback = 239 rpm"
156475,TX,0x201,3,0x90,0x90,0xFF,0x3F,,,,,"Set torque = 16383"
156501,TX,0x201,3,0x90,0x90,0xFF,0x3F,,,,,"Set torque = 16383"
156527,TX,0x201,3,0x90,0x90,0xFF,0x3F,,,,,"Set torque = 16383"
156553,TX,0x201,3,0x90,0x90,0xFF,0x3F,,,,,"Set torque = 16383"
156559,RX,0x181,6,0x40,0x40,0x11,0x41,0x80,0x00,0x0B,,"Status word = 0x4111"
156566,RX,0x181,4,0x30,0x30,0x17,0x01,0x01,,,,"Speed feedback = 279 rpm"
156579,TX,0x201,3,0x90,0x90,0xFF,0x3F,,,,,"Set torque = 16383"
156605,TX,0x201,3,0x90,0x90,0xFF,0x3F,,,,,"Set torque = 16383"
156631,TX,0x201,3,0x90,0x90,0xFF,0x3F,,,,,"Set torque = 16383"
156656,RX,0x181,6,0x40,0x40,0x11,0x41,0x80,0x00,0x0B,,"Status word = 0x4111"
156662,TX,0x201,3,0x90,0x90,0xFF,0x3F,,,,,"Set torque = 16383"
156670,RX,0x181,4,0x30,0x30,0x17,0x01,0x01,,,,"Speed feedback = 279 rpm"
156690,TX,0x201,3,0x90,0x90,0xFF,0x3F,,,,,"Set torque = 16383"
156716,TX,0x201,3,0x90,0x90,0xFF,0x3F,,,,,"Set torque = 16383"
156742,TX,0x201,3,0x90,0x90,0xFF,0x3F,,,,,"Set torque = 16383"
156756,RX,0x181,6,0x40,0x40,0x11,0x41,0x80,0x00,0x0B,,"Status word = 0x4111"
156763,RX,0x181,4,0x30,0x30,0x17,0x01,0x01,,,,"Speed feedback = 279 rpm"
156769,TX,0x201,3,0x90,0x90,0xFF,0x3F,,,,,"Set torque = 16383"
156796,TX,0x201,3,0x90,0x90,0xFF,0x3F,,,,,"Set torque = 16383"
156822,TX,0x201,3,0x90,0x90,0xFF,0x3F,,,,,"Set torque = 16383"
156849,TX,0x201,3,0x90,0x90,0xFF,0x3F,,,,,"Set torque = 16383"
156856,RX,0x181,6,0x40,0x40,0x11,0x41,0x80,0x00,0x0B,,"Status word = 0x4111"
156863,RX,0x181,4,0x30,0x30,0xEF,0x00,0x01,,,,"Speed feedback = 239 rpm"
156875,TX,0x201,3,0x90,0x90,0xFF,0x3F,,,,,"Set torque = 16383"
156901,TX,0x201,3,0x90,0x90,0xFF,0x3F,,,,,"Set torque = 16383"
156927,TX,0x201,3,0x90,0x90,0xFF,0x3F,,,,,"Set torque = 16383"
156953,TX,0x201,3,0x90,0x90,0xFF,0x3F,,,,,"Set torque = 16383"
156959,RX,0x181,6,0x40,0x40,0x11,0x41,0x80,0x00,0x0B,,"Status word = 0x4111"
156966,RX,0x181,4,0x30,0x30,0x17,0x01,0x01,,,,"Speed feedback = 279 rpm"
156979,TX,0x201,3,0x90,0x90,0xFF,0x3F,,,,,"Set torque = 16383"
157005,TX,0x201,3,0x90,0x90,0xFF,0x3F,,,,,"Set torque = 16383"
157031,TX,0x201,3,0x90,0x90,0xFF,0x3F,,,,,"Set torque = 16383"
157056,RX,0x181,6,0x40,0x40,0x11,0x41,0x80,0x00,0x0B,,"Status word = 0x4111"
157062,TX,0x201,3,0x90,0x90,0xFF,0x3F,,,,,"Set torque = 16383"
157069,RX,0x181,4,0x30,0x30,0xEF,0x00,0x01,,,,"Speed feedback = 239 rpm"
157089,TX,0x201,3,0x90,0x90,0xFF,0x3F,,,,,"Set torque = 16383"
157115,TX,0x201,3,0x90,0x90,0xFF,0x3F,,,,,"Set torque = 16383"
157141,TX,0x201,3,0x90,0x90,0xFF,0x3F,,,,,"Set torque = 16383"
157155,RX,0x181,6,0x40,0x40,0x11,0x41,0x80,0x00,0x0B,,"Status word = 0x4111"
157162,RX,0x181,4,0x30,0x30,0xEF,0x00,0x01,,,,"Speed feedback = 239 rpm"
157169,TX,0x201,3,0x90,0x90,0xFF,0x3F,,,,,"Set torque = 16383"
157196,TX,0x201,3,0x90,0x90,0xFF,0x3F,,,,,"Set torque = 16383"
157222,TX,0x201,3,0x90,0x90,0xFF,0x3F,,,,,"Set torque = 16383"
157248,TX,0x201,3,0x90,0x90,0xFF,0x3F,,,,,"Set torque = 16383"
157255,RX,0x181,6,0x40,0x40,0x11,0x41,0x80,0x00,0x0B,,"Status word = 0x4111"
157262,RX,0x181,4,0x30,0x30,0xEF,0x00,0x01,,,,"Speed feedback = 239 rpm"
157274,TX,0x201,3,0x90,0x90,0xFF,0x3F,,,,,"Set torque = 16383"
157300,TX,0x201,3,0x90,0x90,0xFF,0x3F,,,,,"Set torque = 16383"
157326,TX,0x201,3,0x90,0x90,0xFF,0x3F,,,,,"Set torque = 16383"
157352,TX,0x201,3,0x90,0x90,0xFF,0x3F,,,,,"Set torque = 16383"
157358,RX,0x181,6,0x40,0x40,0x11,0x41,0x80,0x00,0x0B,,"Status word = 0x4111"
157365,RX,0x181,4,0x30,0x30,0xEF,0x00,0x01,,,,"Speed feedback = 239 rpm"
157378,TX,0x201,3,0x90,0x90,0xFF,0x3F,,,,,"Set torque = 16383"
157404,TX,0x201,3,0x90,0x90,0xFF,0x3F,,,,,"Set torque = 16383"
157430,TX,0x201,3,0x90,0x90,0xFF,0x3F,,,,,"Set torque = 16383"
157455,RX,0x181,6,0x40,0x40,0x11,0x41,0x80,0x00,0x0B,,"Status word = 0x4111"
157462,RX,0x181,4,0x30,0x30,0x17,0x01,0x01,,,,"Speed feedback = 279 rpm"
157469,TX,0x201,3,0x90,0x90,0xFF,0x3F,,,,,"Set torque = 16383"
157496,TX,0x201,3,0x90,0x90,0xFF,0x3F,,,,,"Set torque = 16383"
157522,TX,0x201,3,0x90,0x90,0xFF,0x3F,,,,,"Set torque = 16383"
157548,TX,0x201,3,0x90,0x90,0xFF,0x3F,,,,,"Set torque = 16383"
157555,RX,0x181,6,0x40,0x40,0x11,0x41,0x80,0x00,0x0B,,"Status word = 0x4111"
157562,RX,0x181,4,0x30,0x30,0x17,0x01,0x01,,,,"Speed feedback = 279 rpm"
157574,TX,0x201,3,0x90,0x90,0xFF,0x3F,,,,,"Set torque = 16383"
157600,TX,0x201,3,0x90,0x90,0xFF,0x3F,,,,,"Set torque = 16383"
157627,TX,0x201,3,0x90,0x90,0xFF,0x3F,,,,,"Set torque = 16383"
157653,TX,0x201,3,0x90,0x90,0xFF,0x3F,,,,,"Set torque = 16383"
157659,RX,0x181,6,0x40,0x40,0x11,0x41,0x80,0x00,0x0B,,"Status word = 0x4111"
157666,RX,0x181,4,0x30,0x30,0x17,0x01,0x01,,,,"Speed feedback = 279 rpm"
157679,TX,0x201,3,0x90,0x90,0xFF,0x3F,,,,,"Set torque = 16383"
157705,TX,0x201,3,0x90,0x90,0xFF,0x3F,,,,,"Set torque = 16383"
157731,TX,0x201,3,0x90,0x90,0xFF,0x3F,,,,,"Set torque = 16383"
157754,RX,0x181,6,0x40,0x40,0x11,0x41,0x80,0x00,0x0B,,"Status word = 0x4111"
157761,TX,0x201,3,0x90,0x90,0xFF,0x3F,,,,,"Set torque = 16383"
157768,RX,0x181,4,0x30,0x30,0xEF,0x00,0x01,,,,"Speed feedback = 239 rpm"
157788,TX,0x201,3,0x90,0x90,0xFF,0x3F,,,,,"Set torque = 16383"
157814,TX,0x201,3,0x90,0x90,0xFF,0x3F,,,,,"Set torque = 16383"
157840,TX,0x201,3,0x90,0x90,0xFF,0x3F,,,,,"Set torque = 16383"
157854,RX,0x181,6,0x40,0x40,0x11,0x41,0x80,0x00,0x0B,,"Status word = 0x4111"
157861,RX,0x181,4,0x30,0x30,0xEF,0x00,0x01,,,,"Speed feedback = 239 rpm"
157868,TX,0x201,3,0x90,0x90,0xFF,0x3F,,,,,"Set torque = 16383"
157895,TX,0x201,3,0x90,0x90,0xFF,0x3F,,,,,"Set torque = 16383"
157921,TX,0x201,3,0x90,0x90,0xFF,0x3F,,,,,"Set torque = 16383"
157948,TX,0x201,3,0x90,0x90,0xFF,0x3F,,,,,"Set torque = 16383"
157954,RX,0x181,6,0x40,0x40,0x11,0x41,0x80,0x00,0x0B,,"Status word = 0x4111"
157961,RX,0x181,4,0x30,0x30,0xEF,0x00,0x01,,,,"Speed feedback = 239 rpm"
157974,TX,0x201,3,0x90,0x90,0xFF,0x3F,,,,,"Set torque = 16383"
158000,TX,0x201,3,0x90,0x90,0xFF,0x3F,,,,,"Set torque = 16383"
158026,TX,0x201,3,0x90,0x90,0xFF,0x3F,,,,,"Set torque = 16383"
158052,TX,0x201,3,0x90,0x90,0xFF,0x3F,,,,,"Set torque = 16383"
158058,RX,0x181,6,0x40,0x40,0x11,0x41,0x80,0x00,0x0B,,"Status word = 0x4111"
158065,RX,0x181,4,0x30,0x30,0x17,0x01,0x01,,,,"Speed feedback = 279 rpm"
158078,TX,0x201,3,0x90,0x90,0xFF,0x3F,,,,,"Set torque = 16383"
158104,TX,0x201,3,0x90,0x90,0xFF,0x3F,,,,,"Set torque = 16383"
158130,TX,0x201,3,0x90,0x90,0xFF,0x3F,,,,,"Set torque = 16383"
158154,RX,0x181,6,0x40,0x40,0x11,0x41,0x80,0x00,0x0B,,"Status word = 0x4111"
158161,TX,0x201,3,0x90,0x90,0xFF,0x3F,,,,,"Set torque = 16383"
158167,RX,0x181,4,0x30,0x30,0xEF,0x00,0x01,,,,"Speed feedback = 239 rpm"
158187,TX,0x201,3,0x90,0x90,0xFF,0x3F,,,,,"Set torque = 16383"
158213,TX,0x201,3,0x90,0x90,0xFF,0x3F,,,,,"Set torque = 16383"
158239,TX,0x201,3,0x90,0x90,0xFF,0x3F,,,,,"Set torque = 16383"
158254,RX,0x181,6,0x40,0x40,0x11,0x41,0x80,0x00,0x0B,,"Status word = 0x4111"
158261,RX,0x181,4,0x30,0x30,0x17,0x01,0x01,,,,"Speed feedback = 279 rpm"
158267,TX,0x201,3,0x90,0x90,0xFF,0x3F,,,,,"Set torque = 16383"
158294,TX,0x201,3,0x90,0x90,0xFF,0x3F,,,,,"Set torque = 16383"
158320,TX,0x201,3,0x90,0x90,0xFF,0x3F,,,,,"Set torque = 16383"
158346,TX,0x201,3,0x90,0x90,0xFF,0x3F,,,,,"Set torque = 16383"
158353,RX,0x181,6,0x40,0x40,0x11,0x41,0x80,0x00,0x0B,,"Status word = 0x4111"
158360,RX,0x181,4,0x30,0x30,0xEF,0x00,0x01,,,,"Speed feedback = 239 rpm"
158372,TX,0x201,3,0x90,0x90,0xFF,0x3F,,,,,"Set torque = 16383"
158399,TX,0x201,3,0x90,0x90,0xFF,0x3F,,,,,"Set torque = 16383"
158425,TX,0x201,3,0x90,0x90,0xFF,0x3F,,,,,"Set torque = 16383"
158451,TX,0x201,3,0x90,0x90,0xFF,0x3F,,,,,"Set torque = 16383"
158457,RX,0x181,6,0x40,0x40,0x11,0x41,0x80,0x00,0x0B,,"Status word = 0x4111"
158464,RX,0x181,4,0x30,0x30,0xEF,0x00,0x01,,,,"Speed feedback = 239 rpm"
158477,TX,0x201,3,0x90,0x90,0xFF,0x3F,,,,,"Set torque = 16383"
158503,TX,0x201,3,0x90,0x90,0xFF,0x3F,,,,,"Set torque = 16383"
158529,TX,0x201,3,0x90,0x90,0xFF,0x3F,,,,,"Set torque = 16383"
158553,RX,0x181,6,0x40,0x40,0x11,0x41,0x80,0x00,0x0B,,"Status word = 0x4111"
158560,TX,0x201,3,0x90,0x90,0xFF,0x3F,,,,,"Set torque = 16383"
158567,RX,0x181,4,0x30,0x30,0xEF,0x00,0x01,,,,"Speed feedback = 239 rpm"
158587,TX,0x201,3,0x90,0x90,0xFF,0x3F,,,,,"Set torque = 16383"
158613,TX,0x201,3,0x90,0x90,0xFF,0x3F,,,,,"Set torque = 16383"
158639,TX,0x201,3,0x90,0x90,0xFF,0x3F,,,,,"Set torque = 16383"
158653,RX,0x181,6,0x40,0x40,0x11,0x41,0x80,0x00,0x0B,,"Status word = 0x4111"
158660,RX,0x181,4,0x30,0x30,0xC7,0x00,0x01,,,,"Speed feedback = 199 rpm"
158667,TX,0x201,3,0x90,0x90,0xFF,0x3F,,,,,"Set torque = 16383"
158694,TX,0x201,3,0x90,0x90,0xFF,0x3F,,,,,"Set torque = 16383"
158720,TX,0x201,3,0x90,0x90,0xFF,0x3F,,,,,"Set torque = 16383"
158746,TX,0x201,3,0x90,0x90,0xFF,0x3F,,,,,"Set torque = 16383"
158753,RX,0x181,6,0x40,0x40,0x11,0x41,0x80,0x00,0x0B,,"Status word = 0x4111"
158760,RX,0x181,4,0x30,0x30,0xEF,0x00,0x01,,,,"Speed feedback = 239 rpm"
158772,TX,0x201,3,0x90,0x90,0xFF,0x3F,,,,,"Set torque = 16383"
158798,TX,0x201,3,0x90,0x90,0xFF,0x3F,,,,,"Set torque = 16383"
158824,TX,0x201,3,0x90,0x90,0xFF,0x3F,,,,,"Set torque = 16383"
158850,TX,0x201,3,0x90,0x90,0xFF,0x3F,,,,,"Set torque = 16383"
158857,RX,0x181,6,0x40,0x40,0x11,0x41,0x80,0x00,0x0B,,"Status word = 0x4111"
158863,RX,0x181,4,0x30,0x30,0x17,0x01,0x01,,,,"Speed feedback = 279 rpm"
158877,TX,0x201,3,0x90,0x90,0xFF,0x3F,,,,,"Set torque = 16383"
158903,TX,0x201,3,0x90,0x90,0xFF,0x3F,,,,,"Set torque = 16383"
158929,TX,0x201,3,0x90,0x90,0xFF,0x3F,,,,,"Set torque = 16383"
158953,RX,0x181,6,0x40,0x40,0x11,0x41,0x80,0x00,0x0B,,"Status word = 0x4111"
158959,TX,0x201,3,0x90,0x90,0xFF,0x3F,,,,,"Set torque = 16383"
158966,RX,0x181,4,0x30,0x30,0x17,0x01,0x01,,,,"Speed feedback = 279 rpm"
158986,TX,0x201,3,0x90,0x90,0xFF,0x3F,,,,,"Set torque = 16383"
159012,TX,0x201,3,0x90,0x90,0xFF,0x3F,,,,,"Set torque = 16383"
159038,TX,0x201,3,0x90,0x90,0xFF,0x3F,,,,,"Set torque = 16383"
159052,RX,0x181,6,0x40,0x40,0x11,0x41,0x80,0x00,0x0B,,"Status word = 0x4111"
159059,RX,0x181,4,0x30,0x30,0x17,0x01,0x01,,,,"Speed feedback = 279 rpm"
159066,TX,0x201,3,0x90,0x90,0xFF,0x3F,,,,,"Set torque = 16383"
159093,TX,0x201,3,0x90,0x90,0xFF,0x3F,,,,,"Set torque = 16383"
159119,TX,0x201,3,0x90,0x90,0xFF,0x3F,,,,,"Set torque = 16383"
159145,TX,0x201,3,0x90,0x90,0xFF,0x3F,,,,,"Set torque = 16383"
159152,RX,0x181,6,0x40,0x40,0x11,0x41,0x80,0x00,0x0B,,"Status word = 0x4111"
159160,RX,0x181,4,0x30,0x30,0xEF,0x00,0x01,,,,"Speed feedback = 239 rpm"
159171,TX,0x201,3,0x90,0x90,0xFF,0x3F,,,,,"Set torque = 16383"
159197,TX,0x201,3,0x90,0x90,0xFF,0x3F,,,,,"Set torque = 16383"
159223,TX,0x201,3,0x90,0x90,0xFF,0x3F,,,,,"Set torque = 16383"
159249,TX,0x201,3,0x90,0x90,0xFF,0x3F,,,,,"Set torque = 16383"
159255,RX,0x181,6,0x40,0x40,0x11,0x41,0x80,0x00,0x0B,,"Status word = 0x4111"
159263,RX,0x181,4,0x30,0x30,0xEF,0x00,0x01,,,,"Speed feedback = 239 rpm"
159275,TX,0x201,3,0x90,0x90,0xFF,0x3F,,,,,"Set torque = 16383"
159301,TX,0x201,3,0x90,0x90,0xFF,0x3F,,,,,"Set torque = 16383"
159328,TX,0x201,3,0x90,0x90,0xFF,0x3F,,,,,"Set torque = 16383"
159352,RX,0x181,6,0x40,0x40,0x11,0x41,0x80,0x00,0x0B,,"Status word = 0x4111"
159359,TX,0x201,3,0x90,0x90,0xFF,0x3F,,,,,"Set torque = 16383"
159366,RX,0x181,4,0x30,0x30,0xEF,0x00,0x01,,,,"Speed feedback = 239 rpm"
159386,TX,0x201,3,0x90,0x90,0xFF,0x3F,,,,,"Set torque = 16383"
159412,TX,0x201,3,0x90,0x90,0xFF,0x3F,,,,,"Set torque = 16383"
159438,TX,0x201,3,0x90,0x90,0xFF,0x3F,,,,,"Set torque = 16383"
159452,RX,0x181,6,0x40,0x40,0x11,0x41,0x80,0x00,0x0B,,"Status word = 0x4111"
159459,RX,0x181,4,0x30,0x30,0xEF,0x00,0x01,,,,"Speed feedback = 239 rpm"
159466,TX,0x201,3,0x90,0x90,0xFF,0x3F,,,,,"Set torque = 16383"
159493,TX,0x201,3,0x90,0x90,0xFF,0x3F,,,,,"Set torque = 16383"
159519,TX,0x201,3,0x90,0x90,0xFF,0x3F,,,,,"Set torque = 16383"
159548,TX,0x201,3,0x90,0x90,0xFF,0x3F,,,,,"Set torque = 16383"
159554,RX,0x181,6,0x40,0x40,0x11,0x41,0x80,0x00,0x0B,,"Status word = 0x4111"
159561,RX,0x181,4,0x30,0x30,0xEF,0x00,0x01,,,,"Speed feedback = 239 rpm"
159574,TX,0x201,3,0x90,0x90,0xFF,0x3F,,,,,"Set torque = 16383"
159600,TX,0x201,3,0x90,0x90,0xFF,0x3F,,,,,"Set torque = 16383"
159627,TX,0x201,3,0x90,0x90,0xFF,0x3F,,,,,"Set torque = 16383"
159651,RX,0x181,6,0x40,0x40,0x11,0x41,0x80,0x00,0x0B,,"Status word = 0x4111"
159658,TX,0x201,3,0x90,0x90,0xEE,0x3B,,,,,"Set torque = 15342"
159665,RX,0x181,4,0x30,0x30,0xEF,0x00,0x01,,,,"Speed feedback = 239 rpm"
159685,TX,0x201,3,0x90,0x90,0x41,0x3A,,,,,"Set torque = 14913"
159711,TX,0x201,3,0x90,0x90,0x06,0x37,,,,,"Set torque = 14086"
159737,TX,0x201,3,0x90,0x90,0x3B,0x35,,,,,"Set torque = 13627"
159751,RX,0x181,6,0x40,0x40,0x11,0x41,0x80,0x00,0x0B,,"Status word = 0x4111"
159758,RX,0x181,4,0x30,0x30,0xEF,0x00,0x01,,,,"Speed feedback = 239 rpm"
159765,TX,0x201,3,0x90,0x90,0x7D,0x2F,,,,,"Set torque = 12157"
159792,TX,0x201,3,0x90,0x90,0x24,0x2C,,,,,"Set torque = 11300"
159818,TX,0x201,3,0x90,0x90,0xC1,0x26,,,,,"Set torque = 9921"
159844,TX,0x201,3,0x90,0x90,0x04,0x21,,,,,"Set torque = 8452"
159851,RX,0x181,6,0x40,0x40,0x11,0x41,0x80,0x00,0x0B,,"Status word = 0x4111"
159858,RX,0x181,4,0x30,0x30,0x17,0x01,0x01,,,,"Speed feedback = 279 rpm"
159870,TX,0x201,3,0x90,0x90,0x3B,0x1C,,,,,"Set torque = 7227"
159896,TX,0x201,3,0x90,0x90,0x16,0x17,,,,,"Set torque = 5910"
159922,TX,0x201,3,0x90,0x90,0x2E,0x12,,,,,"Set torque = 4654"
159949,TX,0x201,3,0x90,0x90,0xEB,0x0C,,,,,"Set torque = 3307"
159955,RX,0x181,6,0x40,0x40,0x11,0x41,0x80,0x00,0x0B,,"Status word = 0x4111"
159962,RX,0x181,4,0x30,0x30,0x17,0x01,0x01,,,,"Speed feedback = 279 rpm"
159975,TX,0x201,3,0x90,0x90,0x28,0x0D,,,,,"Set torque = 3368"
160001,TX,0x201,3,0x90,0x90,0xBD,0x05,,,,,"Set torque = 1469"
160027,TX,0x201,3,0x90,0x90,0x1C,0x03,,,,,"Set torque = 796"
160051,RX,0x181,6,0x40,0x40,0x11,0x41,0x80,0x00,0x0B,,"Status word = 0x4111"
160057,TX,0x201,3,0x90,0x90,0xF4,0x00,,,,,"Set torque = 244"
160064,RX,0x181,4,0x30,0x30,0xEF,0x00,0x01,,,,"Speed feedback = 239 rpm"
160084,TX,0x201,3,0x90,0x90,0x00,0x00,,,,,"Set torque = 0"
160110,TX,0x201,3,0x90,0x90,0x00,0x00,,,,,"Set torque = 0"
160136,TX,0x201,3,0x90,0x90,0x00,0x00,,,,,"Set torque = 0"
160151,RX,0x181,6,0x40,0x40,0x11,0x41,0x80,0x00,0x0B,,"Status word = 0x4111"
160158,RX,0x181,4,0x30,0x30,0xEF,0x00,0x01,,,,"Speed feedback = 239 rpm"
160164,TX,0x201,3,0x90,0x90,0x00,0x00,,,,,"Set torque = 0"
160191,TX,0x201,3,0x90,0x90,0x00,0x00,,,,,"Set torque = 0"
160217,TX,0x201,3,0x90,0x90,0x00,0x00,,,,,"Set torque = 0"
160243,TX,0x201,3,0x90,0x90,0x00,0x00,,,,,"Set torque = 0"
160250,RX,0x181,6,0x40,0x40,0x11,0x41,0x80,0x00,0x0B,,"Status word = 0x4111"
160257,RX,0x181,4,0x30,0x30,0xC7,0x00,0x01,,,,"Speed feedback = 199 rpm"
160270,TX,0x201,3,0x90,0x90,0x00,0x00,,,,,"Set torque = 0"
160296,TX,0x201,3,0x90,0x90,0x00,0x00,,,,,"Set torque = 0"
160322,TX,0x201,3,0x90,0x90,0x00,0x00,,,,,"Set torque = 0"
160348,TX,0x201,3,0x90,0x90,0x00,0x00,,,,,"Set torque = 0"
160354,RX,0x181,6,0x40,0x40,0x11,0x41,0x80,0x00,0x0B,,"Status word = 0x4111"
160361,RX,0x181,4,0x30,0x30,0x9F,0x00,0x01,,,,"Speed feedback = 159 rpm"
160374,TX,0x201,3,0x90,0x90,0x00,0x00,,,,,"Set torque = 0"
160401,TX,0x201,3,0x90,0x90,0x00,0x00,,,,,"Set torque = 0"
160427,TX,0x201,3,0x90,0x90,0x00,0x00,,,,,"Set torque = 0"
160450,RX,0x181,6,0x40,0x40,0x11,0x41,0x80,0x00,0x0B,,"Status word = 0x4111"
160457,TX,0x201,3,0x90,0x90,0x00,0x00,,,,,"Set torque = 0"
160464,RX,0x181,4,0x30,0x30,0x9F,0x00,0x01,,,,"Speed feedback = 159 rpm"
160484,TX,0x201,3,0x90,0x90,0x00,0x00,,,,,"Set torque = 0"
160510,TX,0x201,3,0x90,0x90,0x00,0x00,,,,,"Set torque = 0"
160536,TX,0x201,3,0x90,0x90,0x00,0x00,,,,,"Set torque = 0"
160550,RX,0x181,6,0x40,0x40,0x11,0x41,0x80,0x00,0x0B,,"Status word = 0x4111"
160557,RX,0x181,4,0x30,0x30,0x77,0x00,0x01,,,,"Speed feedback = 119 rpm"
160564,TX,0x201,3,0x90,0x90,0x00,0x00,,,,,"Set torque = 0"
160590,TX,0x201,3,0x90,0x90,0x00,0x00,,,,,"Set torque = 0"
160616,TX,0x201,3,0x90,0x90,0x00,0x00,,,,,"Set torque = 0"
160642,TX,0x201,3,0x90,0x90,0x00,0x00,,,,,"Set torque = 0"
160650,RX,0x181,6,0x40,0x40,0x11,0x41,0x80,0x00,0x0B,,"Status word = 0x4111"
160657,RX,0x181,4,0x30,0x30,0x4F,0x00,0x01,,,,"Speed feedback = 79 rpm"
160668,TX,0x201,3,0x90,0x90,0x00,0x00,,,,,"Set torque = 0"
160694,TX,0x201,3,0x90,0x90,0x00,0x00,,,,,"Set torque = 0"
160721,TX,0x201,3,0x90,0x90,0x00,0x00,,,,,"Set torque = 0"
160747,TX,0x201,3,0x90,0x90,0x00,0x00,,,,,"Set torque = 0"
160753,RX,0x181,6,0x40,0x40,0x11,0x41,0x80,0x00,0x0B,,"Status word = 0x4111"
160760,RX,0x181,4,0x30,0x30,0x4F,0x00,0x01,,,,"Speed feedback = 79 rpm"
160773,TX,0x201,3,0x90,0x90,0x00,0x00,,,,,"Set torque = 0"
160799,TX,0x201,3,0x90,0x90,0x00,0x00,,,,,"Set torque = 0"
160825,TX,0x201,3,0x90,0x90,0x00,0x00,,,,,"Set torque = 0"
160850,RX,0x181,6,0x40,0x40,0x11,0x41,0x80,0x00,0x0B,,"Status word = 0x4111"
160856,TX,0x201,3,0x90,0x90,0x00,0x00,,,,,"Set torque = 0"
160863,RX,0x181,4,0x30,0x30,0x27,0x00,0x01,,,,"Speed feedback = 39 rpm"
160883,TX,0x201,3,0x90,0x90,0x00,0x00,,,,,"Set torque = 0"
160909,TX,0x201,3,0x90,0x90,0x00,0x00,,,,,"Set torque = 0"
160935,TX,0x201,3,0x90,0x90,0x00,0x00,,,,,"Set torque = 0"
160949,RX,0x181,6,0x40,0x40,0x11,0x43,0x80,0x00,0x0B,,"Status word = 0x4311"
160956,RX,0x181,4,0x30,0x30,0x00,0x00,0x01,,,,"Speed feedback = 0 rpm"
160963,TX,0x201,3,0x90,0x90,0x00,0x00,,,,,"Set torque = 0"
160990,TX,0x201,3,0x90,0x90,0x00,0x00,,,,,"Set torque = 0"
161016,TX,0x201,3,0x90,0x90,0x00,0x00,,,,,"Set torque = 0"
161043,TX,0x201,3,0x90,0x90,0x00,0x00,,,,,"Set torque = 0"
161049,RX,0x181,6,0x40,0x40,0x11,0x43,0x80,0x00,0x0B,,"Status word = 0x4311"
161056,RX,0x181,4,0x30,0x30,0x00,0x00,0x01,,,,"Speed feedback = 0 rpm"
161069,TX,0x201,3,0x90,0x90,0x00,0x00,,,,,"Set torque = 0"
161095,TX,0x201,3,0x90,0x90,0x00,0x00,,,,,"Set torque = 0"
161121,TX,0x201,3,0x90,0x90,0x00,0x00,,,,,"Set torque = 0"
161147,TX,0x201,3,0x90,0x90,0x00,0x00,,,,,"Set torque = 0"
161153,RX,0x181,6,0x40,0x40,0x11,0x43,0x80,0x00,0x0B,,"Status word = 0x4311"
161160,RX,0x181,4,0x30,0x30,0x00,0x00,0x01,,,,"Speed feedback = 0 rpm"
161173,TX,0x201,3,0x90,0x90,0x00,0x00,,,,,"Set torque = 0"
161199,TX,0x201,3,0x90,0x90,0x00,0x00,,,,,"Set torque = 0"
161225,TX,0x201,3,0x90,0x90,0x00,0x00,,,,,"Set torque = 0"
161249,RX,0x181,6,0x40,0x40,0x11,0x43,0x80,0x00,0x0B,,"Status word = 0x4311"
161256,TX,0x201,3,0x90,0x90,0x00,0x00,,,,,"Set torque = 0"
161262,RX,0x181,4,0x30,0x30,0x00,0x00,0x01,,,,"Speed feedback = 0 rpm"
161282,TX,0x201,3,0x90,0x90,0x00,0x00,,,,,"Set torque = 0"
161308,TX,0x201,3,0x90,0x90,0x00,0x00,,,,,"Set torque = 0"
161334,TX,0x201,3,0x90,0x90,0x00,0x00,,,,,"Set torque = 0"
161349,RX,0x181,6,0x40,0x40,0x11,0x43,0x80,0x00,0x0B,,"Status word = 0x4311"
161356,RX,0x181,4,0x30,0x30,0x00,0x00,0x01,,,,"Speed feedback = 0 rpm"
161362,TX,0x201,3,0x90,0x90,0x00,0x00,,,,,"Set torque = 0"
161389,TX,0x201,3,0x90,0x90,0x00,0x00,,,,,"Set torque = 0"
161415,TX,0x201,3,0x90,0x90,0x00,0x00,,,,,"Set torque = 0"
161441,TX,0x201,3,0x90,0x90,0x00,0x00,,,,,"Set torque = 0"
161449,RX,0x181,6,0x40,0x40,0x11,0x43,0x80,0x00,0x0B,,"Status word = 0x4311"
161456,RX,0x181,4,0x30,0x30,0x00,0x00,0x01,,,,"Speed feedback = 0 rpm"
161467,TX,0x201,3,0x90,0x90,0x00,0x00,,,,,"Set torque = 0"
161494,TX,0x201,3,0x90,0x90,0x00,0x00,,,,,"Set torque = 0"
161520,TX,0x201,3,0x90,0x90,0x00,0x00,,,,,"Set torque = 0"
161546,TX,0x201,3,0x90,0x90,0x00,0x00,,,,,"Set torque = 0"
161552,RX,0x181,6,0x40,0x40,0x11,0x43,0x80,0x00,0x0B,,"Status word = 0x4311"
161559,RX,0x181,4,0x30,0x30,0x00,0x00,0x01,,,,"Speed feedback = 0 rpm"
161572,TX,0x201,3,0x90,0x90,0x00,0x00,,,,,"Set torque = 0"
161598,TX,0x201,3,0x90,0x90,0x00,0x00,,,,,"Set torque = 0"
161624,TX,0x201,3,0x90,0x90,0x00,0x00,,,,,"Set torque = 0"
161648,RX,0x181,6,0x40,0x40,0x11,0x43,0x80,0x00,0x0B,,"Status word = 0x4311"
161655,RX,0x181,4,0x30,0x30,0x00,0x00,0x01,,,,"Speed feedback = 0 rpm"
161662,TX,0x201,3,0x90,0x90,0x00,0x00,,,,,"Set torque = 0"
161688,TX,0x201,3,0x90,0x90,0x00,0x00,,,,,"Set torque = 0"
161714,TX,0x201,3,0x90,0x90,0x00,0x00,,,,,"Set torque = 0"
161740,TX,0x201,3,0x90,0x90,0x00,0x00,,,,,"Set torque = 0"
161748,RX,0x181,6,0x40,0x40,0x11,0x43,0x80,0x00,0x0B,,"Status word = 0x4311"
161755,RX,0x181,4,0x30,0x30,0x00,0x00,0x01,,,,"Speed feedback = 0 rpm"
161766,TX,0x201,3,0x90,0x90,0x00,0x00,,,,,"Set torque = 0"
161792,TX,0x201,3,0x90,0x90,0x00,0x00,,,,,"Set torque = 0"
161819,TX,0x201,3,0x90,0x90,0x00,0x00,,,,,"Set torque = 0"
161845,TX,0x201,3,0x90,0x90,0x00,0x00,,,,,"Set torque = 0"
161851,RX,0x181,6,0x40,0x40,0x11,0x43,0x80,0x00,0x0B,,"Status word = 0x4311"
161858,RX,0x181,4,0x30,0x30,0x00,0x00,0x01,,,,"Speed feedback = 0 rpm"
161871,TX,0x201,3,0x90,0x90,0x00,0x00,,,,,"Set torque = 0"
161897,TX,0x201,3,0x90,0x90,0x00,0x00,,,,,"Set torque = 0"
161923,TX,0x201,3,0x90,0x90,0x00,0x00,,,,,"Set torque = 0"
161948,RX,0x181,6,0x40,0x40,0x11,0x43,0x80,0x00,0x0B,,"Status word = 0x4311"
161955,TX,0x201,3,0x90,0x90,0x00,0x00,,,,,"Set torque = 0"
161962,RX,0x181,4,0x30,0x30,0x00,0x00,0x01,,,,"Speed feedback = 0 rpm"
161982,TX,0x201,3,0x90,0x90,0x00,0x00,,,,,"Set torque = 0"
162008,TX,0x201,3,0x90,0x90,0x00,0x00,,,,,"Set torque = 0"
162034,TX,0x201,3,0x90,0x90,0x00,0x00,,,,,"Set torque = 0"
162048,RX,0x181,6,0x40,0x40,0x11,0x43,0x80,0x00,0x0B,,"Status word = 0x4311"
162055,RX,0x181,4,0x30,0x30,0x00,0x00,0x01,,,,"Speed feedback = 0 rpm"
162061,TX,0x201,3,0x90,0x90,0x00,0x00,,,,,"Set torque = 0"
162088,TX,0x201,3,0x90,0x90,0x00,0x00,,,,,"Set torque = 0"
162114,TX,0x201,3,0x90,0x90,0x00,0x00,,,,,"Set torque = 0"
162141,TX,0x201,3,0x90,0x90,0x00,0x00,,,,,"Set torque = 0"
162147,RX,0x181,6,0x40,0x40,0x11,0x43,0x80,0x00,0x0B,,"Status word = 0x4311"
162154,RX,0x181,4,0x30,0x30,0x00,0x00,0x01,,,,"Speed feedback = 0 rpm"
162167,TX,0x201,3,0x90,0x90,0x00,0x00,,,,,"Set torque = 0"
162193,TX,0x201,3,0x90,0x90,0x00,0x00,,,,,"Set torque = 0"
162219,TX,0x201,3,0x90,0x90,0x00,0x00,,,,,"Set torque = 0"
162245,TX,0x201,3,0x90,0x90,0x00,0x00,,,,,"Set torque = 0"
162251,RX,0x181,6,0x40,0x40,0x11,0x43,0x80,0x00,0x0B,,"Status word = 0x4311"
162258,RX,0x181,4,0x30,0x30,0x00,0x00,0x01,,,,"Speed feedback = 0 rpm"
162271,TX,0x201,3,0x90,0x90,0x00,0x00,,,,,"Set torque = 0"
162297,TX,0x201,3,0x90,0x90,0x00,0x00,,,,,"Set torque = 0"
162323,TX,0x201,3,0x90,0x90,0x00,0x00,,,,,"Set torque = 0"
162347,RX,0x181,6,0x40,0x40,0x11,0x43,0x80,0x00,0x0B,,"Status word = 0x4311"
162354,TX,0x201,3,0x90,0x90,0x00,0x00,,,,,"Set torque = 0"
162361,RX,0x181,4,0x30,0x30,0x00,0x00,0x01,,,,"Speed feedback = 0 rpm"
162381,TX,0x201,3,0x90,0x90,0x00,0x00,,,,,"Set torque = 0"
162407,TX,0x201,3,0x90,0x90,0x00,0x00,,,,,"Set torque = 0"
162433,TX,0x201,3,0x90,0x90,0x00,0x00,,,,,"Set torque = 0"
162447,RX,0x181,6,0x40,0x40,0x11,0x43,0x80,0x00,0x0B,,"Status word = 0x4311"
162454,RX,0x181,4,0x30,0x30,0x00,0x00,0x01,,,,"Speed feedback = 0 rpm"
162461,TX,0x201,3,0x90,0x90,0x00,0x00,,,,,"Set torque = 0"
162488,TX,0x201,3,0x90,0x90,0x00,0x00,,,,,"Set torque = 0"
162514,TX,0x201,3,0x90,0x90,0x00,0x00,,,,,"Set torque = 0"
162540,TX,0x201,3,0x90,0x90,0x00,0x00,,,,,"Set torque = 0"
162547,RX,0x181,6,0x40,0x40,0x11,0x43,0x80,0x00,0x0B,,"Status word = 0x4311"
162554,RX,0x181,4,0x30,0x30,0x00,0x00,0x01,,,,"Speed feedback = 0 rpm"
162566,TX,0x201,3,0x90,0x90,0x00,0x00,,,,,"Set torque = 0"
162594,TX,0x201,3,0x90,0x90,0x00,0x00,,,,,"Set torque = 0"
162620,TX,0x201,3,0x90,0x90,0x00,0x00,,,,,"Set torque = 0"
162646,TX,0x201,3,0x90,0x90,0x00,0x00,,,,,"Set torque = 0"
162652,RX,0x181,6,0x40,0x40,0x11,0x43,0x80,0x00,0x0B,,"Status word = 0x4311"
162658,RX,0x181,4,0x30,0x30,0x00,0x00,0x01,,,,"Speed feedback = 0 rpm"
162672,TX,0x201,3,0x90,0x90,0x00,0x00,,,,,"Set torque = 0"
162698,TX,0x201,3,0x90,0x90,0x00,0x00,,,,,"Set torque = 0"
162724,TX,0x201,3,0x90,0x90,0x00,0x00,,,,,"Set torque = 0"
162747,RX,0x181,6,0x40,0x40,0x11,0x43,0x80,0x00,0x0B,,"Status word = 0x4311"
162754,RX,0x181,4,0x30,0x30,0x00,0x00,0x01,,,,"Speed feedback = 0 rpm"
162762,TX,0x201,3,0x90,0x90,0x00,0x00,,,,,"Set torque = 0"
162788,TX,0x201,3,0x90,0x90,0x00,0x00,,,,,"Set torque = 0"
162814,TX,0x201,3,0x90,0x90,0x00,0x00,,,,,"Set torque = 0"
162840,TX,0x201,3,0x90,0x90,0x00,0x00,,,,,"Set torque = 0"
162846,RX,0x181,6,0x40,0x40,0x11,0x43,0x80,0x00,0x0B,,"Status word = 0x4311"
162853,RX,0x181,4,0x30,0x30,0x00,0x00,0x01,,,,"Speed feedback = 0 rpm"
162866,TX,0x201,3,0x90,0x90,0x00,0x00,,,,,"Set torque = 0"
162892,TX,0x201,3,0x90,0x90,0x00,0x00,,,,,"Set torque = 0"
162919,TX,0x201,3,0x90,0x90,0x00,0x00,,,,,"Set torque = 0"
162945,TX,0x201,3,0x90,0x90,0x00,0x00,,,,,"Set torque = 0"
162951,RX,0x181,6,0x40,0x40,0x11,0x43,0x80,0x00,0x0B,,"Status word = 0x4311"
162958,RX,0x181,4,0x30,0x30,0x00,0x00,0x01,,,,"Speed feedback = 0 rpm"
162971,TX,0x201,3,0x90,0x90,0x00,0x00,,,,,"Set torque = 0"
162997,TX,0x201,3,0x90,0x90,0x00,0x00,,,,,"Set torque = 0"
163023,TX,0x201,3,0x90,0x90,0x00,0x00,,,,,"Set torque = 0"
163046,RX,0x181,6,0x40,0x40,0x11,0x43,0x80,0x00,0x0B,,"Status word = 0x4311"
163053,TX,0x201,3,0x90,0x90,0x00,0x00,,,,,"Set torque = 0"
163060,RX,0x181,4,0x30,0x30,0x00,0x00,0x01,,,,"Speed feedback = 0 rpm"
163080,TX,0x201,3,0x90,0x90,0x00,0x00,,,,,"Set torque = 0"
163106,TX,0x201,3,0x90,0x90,0x00,0x00,,,,,"Set torque = 0"
163132,TX,0x201,3,0x90,0x90,0x00,0x00,,,,,"Set torque = 0"
163146,RX,0x181,6,0x40,0x40,0x11,0x43,0x80,0x00,0x0B,,"Status word = 0x4311"
163153,RX,0x181,4,0x30,0x30,0x00,0x00,0x01,,,,"Speed feedback = 0 rpm"
163160,TX,0x201,3,0x90,0x90,0x00,0x00,,,,,"Set torque = 0"
163186,TX,0x201,3,0x90,0x90,0x00,0x00,,,,,"Set torque = 0"
163212,TX,0x201,3,0x90,0x90,0x00,0x00,,,,,"Set torque = 0"
163239,TX,0x201,3,0x90,0x90,0x00,0x00,,,,,"Set torque = 0"
163246,RX,0x181,6,0x40,0x40,0x11,0x43,0x80,0x00,0x0B,,"Status word = 0x4311"
163253,RX,0x181,4,0x30,0x30,0x00,0x00,0x01,,,,"Speed feedback = 0 rpm"
163265,TX,0x201,3,0x90,0x90,0x00,0x00,,,,,"Set torque = 0"
163291,TX,0x201,3,0x90,0x90,0x00,0x00,,,,,"Set torque = 0"
163317,TX,0x201,3,0x90,0x90,0x00,0x00,,,,,"Set torque = 0"
163343,TX,0x201,3,0x90,0x90,0x00,0x00,,,,,"Set torque = 0"
163349,RX,0x181,6,0x40,0x40,0x11,0x43,0x80,0x00,0x0B,,"Status word = 0x4311"
163356,RX,0x181,4,0x30,0x30,0x00,0x00,0x01,,,,"Speed feedback = 0 rpm"
163369,TX,0x201,3,0x90,0x90,0x00,0x00,,,,,"Set torque = 0"
163395,TX,0x201,3,0x90,0x90,0x00,0x00,,,,,"Set torque = 0"
163421,TX,0x201,3,0x90,0x90,0x00,0x00,,,,,"Set torque = 0"
163445,RX,0x181,6,0x40,0x40,0x11,0x43,0x80,0x00,0x0B,,"Status word = 0x4311"
163452,TX,0x201,3,0x90,0x90,0x00,0x00,,,,,"Set torque = 0"
163459,RX,0x181,4,0x30,0x30,0x00,0x00,0x01,,,,"Speed feedback = 0 rpm"
163479,TX,0x201,3,0x90,0x90,0x00,0x00,,,,,"Set torque = 0"
163505,TX,0x201,3,0x90,0x90,0x00,0x00,,,,,"Set torque = 0"
163531,TX,0x201,3,0x90,0x90,0x00,0x00,,,,,"Set torque = 0"
163545,RX,0x181,6,0x40,0x40,0x11,0x43,0x80,0x00,0x0B,,"Status word = 0x4311"
163552,RX,0x181,4,0x30,0x30,0x00,0x00,0x01,,,,"Speed feedback = 0 rpm"
163559,TX,0x201,3,0x90,0x90,0x00,0x00,,,,,"Set torque = 0"
163586,TX,0x201,3,0x90,0x90,0x00,0x00,,,,,"Set torque = 0"
163612,TX,0x201,3,0x90,0x90,0x00,0x00,,,,,"Set torque = 0"
163638,TX,0x201,3,0x90,0x90,0x00,0x00,,,,,"Set torque = 0"
163645,RX,0x181,6,0x40,0x40,0x11,0x43,0x80,0x00,0x0B,,"Status word = 0x4311"
163652,RX,0x181,4,0x30,0x30,0x00,0x00,0x01,,,,"Speed feedback = 0 rpm"
163664,TX,0x201,3,0x90,0x90,0x00,0x00,,,,,"Set torque = 0"
163691,TX,0x201,3,0x90,0x90,0x00,0x00,,,,,"Set torque = 0"
163717,TX,0x201,3,0x90,0x90,0x00,0x00,,,,,"Set torque = 0"
163743,TX,0x201,3,0x90,0x90,0x00,0x00,,,,,"Set torque = 0"
163749,RX,0x181,6,0x40,0x40,0x11,0x43,0x80,0x00,0x0B,,"Status word = 0x4311"
163756,RX,0x181,4,0x30,0x30,0x00,0x00,0x01,,,,"Speed feedback = 0 rpm"
163769,TX,0x201,3,0x90,0x90,0x00,0x00,,,,,"Set torque = 0"
163795,TX,0x201,3,0x90,0x90,0x00,0x00,,,,,"Set torque = 0"
163821,TX,0x201,3,0x90,0x90,0x00,0x00,,,,,"Set torque = 0"
163845,RX,0x181,6,0x40,0x40,0x11,0x43,0x80,0x00,0x0B,,"Status word = 0x4311"
163852,RX,0x181,4,0x30,0x30,0x00,0x00,0x01,,,,"Speed feedback = 0 rpm"
163862,TX,0x201,3,0x90,0x90,0x00,0x00,,,,,"Set torque = 0"
163888,TX,0x201,3,0x90,0x90,0x00,0x00,,,,,"Set torque = 0"
163914,TX,0x201,3,0x90,0x90,0x00,0x00,,,,,"Set torque = 0"
163940,TX,0x201,3,0x90,0x90,0x00,0x00,,,,,"Set torque = 0"
163946,RX,0x181,6,0x40,0x40,0x11,0x43,0x80,0x00,0x0B,,"Status word = 0x4311"
163953,RX,0x181,4,0x30,0x30,0x00,0x00,0x01,,,,"Speed feedback = 0 rpm"
163966,TX,0x201,3,0x90,0x90,0x00,0x00,,,,,"Set torque = 0"
163993,TX,0x201,3,0x90,0x90,0x00,0x00,,,,,"Set torque = 0"
164019,TX,0x201,3,0x90,0x90,0x00,0x00,,,,,"Set torque = 0"
164044,RX,0x181,6,0x40,0x40,0x11,0x43,0x80,0x00,0x0B,,"Status word = 0x4311"
164051,TX,0x201,3,0x90,0x90,0x00,0x00,,,,,"Set torque = 0"
164058,RX,0x181,4,0x30,0x30,0x00,0x00,0x01,,,,"Speed feedback = 0 rpm"
164078,TX,0x201,3,0x90,0x90,0x00,0x00,,,,,"Set torque = 0"
164104,TX,0x201,3,0x90,0x90,0x00,0x00,,,,,"Set torque = 0"
164130,TX,0x201,3,0x90,0x90,0x00,0x00,,,,,"Set torque = 0"
164144,RX,0x181,6,0x40,0x40,0x11,0x43,0x80,0x00,0x0B,,"Status word = 0x4311"
164151,RX,0x181,4,0x30,0x30,0x00,0x00,0x01,,,,"Speed feedback = 0 rpm"
164158,TX,0x201,3,0x90,0x90,0x00,0x00,,,,,"Set torque = 0"
164185,TX,0x201,3,0x90,0x90,0x00,0x00,,,,,"Set torque = 0"
164211,TX,0x201,3,0x90,0x90,0x00,0x00,,,,,"Set torque = 0"
164237,TX,0x201,3,0x90,0x90,0x00,0x00,,,,,"Set torque = 0"
164244,RX,0x181,6,0x40,0x40,0x11,0x43,0x80,0x00,0x0B,,"Status word = 0x4311"
164251,RX,0x181,4,0x30,0x30,0x00,0x00,0x01,,,,"Speed feedback = 0 rpm"
164263,TX,0x201,3,0x90,0x90,0x00,0x00,,,,,"Set torque = 0"
164289,TX,0x201,3,0x90,0x90,0x00,0x00,,,,,"Set torque = 0"
164316,TX,0x201,3,0x90,0x90,0x00,0x00,,,,,"Set torque = 0"
164342,TX,0x201,3,0x90,0x90,0x00,0x00,,,,,"Set torque = 0"
164348,RX,0x181,6,0x40,0x40,0x11,0x43,0x80,0x00,0x0B,,"Status word = 0x4311"
164355,RX,0x181,4,0x30,0x30,0x00,0x00,0x01,,,,"Speed feedback = 0 rpm"
164368,TX,0x201,3,0x90,0x90,0x00,0x00,,,,,"Set torque = 0"
164394,TX,0x201,3,0x90,0x90,0x00,0x00,,,,,"Set torque = 0"
164420,TX,0x201,3,0x90,0x90,0x00,0x00,,,,,"Set torque = 0"
164444,RX,0x181,6,0x40,0x40,0x11,0x43,0x80,0x00,0x0B,,"Status word = 0x4311"
164451,TX,0x201,3,0x90,0x90,0x00,0x00,,,,,"Set torque = 0"
164458,RX,0x181,4,0x30,0x30,0x00,0x00,0x01,,,,"Speed feedback = 0 rpm"
164478,TX,0x201,3,0x90,0x90,0x00,0x00,,,,,"Set torque = 0"
164504,TX,0x201,3,0x90,0x90,0x00,0x00,,,,,"Set torque = 0"
164530,TX,0x201,3,0x90,0x90,0x00,0x00,,,,,"Set torque = 0"
164544,RX,0x181,6,0x40,0x40,0x11,0x43,0x80,0x00,0x0B,,"Status word = 0x4311"
164551,RX,0x181,4,0x30,0x30,0x00,0x00,0x01,,,,"Speed feedback = 0 rpm"
164557,TX,0x201,3,0x90,0x90,0x00,0x00,,,,,"Set torque = 0"
164584,TX,0x201,3,0x90,0x90,0x00,0x00,,,,,"Set torque = 0"
164610,TX,0x201,3,0x90,0x90,0x00,0x00,,,,,"Set torque = 0"
164637,TX,0x201,3,0x90,0x90,0x00,0x00,,,,,"Set torque = 0"
164644,RX,0x181,6,0x40,0x40,0x11,0x43,0x80,0x00,0x0B,,"Status word = 0x4311"
164650,RX,0x181,4,0x30,0x30,0x00,0x00,0x01,,,,"Speed feedback = 0 rpm"
164663,TX,0x201,3,0x90,0x90,0x00,0x00,,,,,"Set torque = 0"
164689,TX,0x201,3,0x90,0x90,0x00,0x00,,,,,"Set torque = 0"
164715,TX,0x201,3,0x90,0x90,0x00,0x00,,,,,"Set torque = 0"
164741,TX,0x201,3,0x90,0x90,0x00,0x00,,,,,"Set torque = 0"
164747,RX,0x181,6,0x40,0x40,0x11,0x43,0x80,0x00,0x0B,,"Status word = 0x4311"
164754,RX,0x181,4,0x30,0x30,0x00,0x00,0x01,,,,"Speed feedback = 0 rpm"
164767,TX,0x201,3,0x90,0x90,0x00,0x00,,,,,"Set torque = 0"
164793,TX,0x201,3,0x90,0x90,0x00,0x00,,,,,"Set torque = 0"
164819,TX,0x201,3,0x90,0x90,0x00,0x00,,,,,"Set torque = 0"
164843,RX,0x181,6,0x40,0x40,0x11,0x43,0x80,0x00,0x0B,,"Status word = 0x4311"
164850,TX,0x201,3,0x90,0x90,0x00,0x00,,,,,"Set torque = 0"
164857,RX,0x181,4,0x30,0x30,0x00,0x00,0x01,,,,"Speed feedback = 0 rpm"
164877,TX,0x201,3,0x90,0x90,0x00,0x00,,,,,"Set torque = 0"
164903,TX,0x201,3,0x90,0x90,0x00,0x00,,,,,"Set torque = 0"
164929,TX,0x201,3,0x90,0x90,0x00,0x00,,,,,"Set torque = 0"
164943,RX,0x181,6,0x40,0x40,0x11,0x43,0x80,0x00,0x0B,,"Status word = 0x4311"
164950,RX,0x181,4,0x30,0x30,0x00,0x00,0x01,,,,"Speed feedback = 0 rpm"
164957,TX,0x201,3,0x90,0x90,0x00,0x00,,,,,"Set torque = 0"
164984,TX,0x201,3,0x90,0x90,0x00,0x00,,,,,"Set torque = 0"
165010,TX,0x201,3,0x90,0x90,0x00,0x00,,,,,"Set torque = 0"
165036,TX,0x201,3,0x90,0x90,0x00,0x00,,,,,"Set torque = 0"
165043,RX,0x181,6,0x40,0x40,0x11,0x43,0x80,0x00,0x0B,,"Status word = 0x4311"
165050,RX,0x181,4,0x30,0x30,0x00,0x00,0x01,,,,"Speed feedback = 0 rpm"
165062,TX,0x201,3,0x90,0x90,0x00,0x00,,,,,"Set torque = 0"
165089,TX,0x201,3,0x90,0x90,0x00,0x00,,,,,"Set torque = 0"
165115,TX,0x201,3,0x90,0x90,0x00,0x00,,,,,"Set torque = 0"
165141,TX,0x201,3,0x90,0x90,0x00,0x00,,,,,"Set torque = 0"
165147,RX,0x181,6,0x40,0x40,0x11,0x43,0x80,0x00,0x0B,,"Status word = 0x4311"
165154,RX,0x181,4,0x30,0x30,0x00,0x00,0x01,,,,"Speed feedback = 0 rpm"
165167,TX,0x201,3,0x90,0x90,0x00,0x00,,,,,"Set torque = 0"
165193,TX,0x201,3,0x90,0x90,0x00,0x00,,,,,"Set torque = 0"
165219,TX,0x201,3,0x90,0x90,0x00,0x00,,,,,"Set torque = 0"
165243,RX,0x181,6,0x40,0x40,0x11,0x43,0x80,0x00,0x0B,,"Status word = 0x4311"
165250,RX,0x181,4,0x30,0x30,0x00,0x00,0x01,,,,"Speed feedback = 0 rpm"
165257,TX,0x201,3,0x90,0x90,0x00,0x00,,,,,"Set torque = 0"
165283,TX,0x201,3,0x90,0x90,0x00,0x00,,,,,"Set torque = 0"
165309,TX,0x201,3,0x90,0x90,0x00,0x00,,,,,"Set torque = 0"
165335,TX,0x201,3,0x90,0x90,0x00,0x00,,,,,"Set torque = 0"
165342,RX,0x181,6,0x40,0x40,0x11,0x43,0x80,0x00,0x0B,,"Status word = 0x4311"
165349,RX,0x181,4,0x30,0x30,0x00,0x00,0x01,,,,"Speed feedback = 0 rpm"
165361,TX,0x201,3,0x90,0x90,0x00,0x00,,,,,"Set torque = 0"
165387,TX,0x201,3,0x90,0x90,0x00,0x00,,,,,"Set torque = 0"
165414,TX,0x201,3,0x90,0x90,0x00,0x00,,,,,"Set torque = 0"
165440,TX,0x201,3,0x90,0x90,0x00,0x00,,,,,"Set torque = 0"
165446,RX,0x181,6,0x40,0x40,0x11,0x43,0x80,0x00,0x0B,,"Status word = 0x4311"
165453,RX,0x181,4,0x30,0x30,0x00,0x00,0x01,,,,"Speed feedback = 0 rpm"
165466,TX,0x201,3,0x90,0x90,0x00,0x00,,,,,"Set torque = 0"
165492,TX,0x201,3,0x90,0x90,0x00,0x00,,,,,"Set torque = 0"
165518,TX,0x201,3,0x90,0x90,0x00,0x00,,,,,"Set torque = 0"
165542,RX,0x181,6,0x40,0x40,0x11,0x43,0x80,0x00,0x0B,,"Status word = 0x4311"
165549,TX,0x201,3,0x90,0x90,0x00,0x00,,,,,"Set torque = 0"
165556,RX,0x181,4,0x30,0x30,0x00,0x00,0x01,,,,"Speed feedback = 0 rpm"
165576,TX,0x201,3,0x90,0x90,0x00,0x00,,,,,"Set torque = 0"
165602,TX,0x201,3,0x90,0x90,0x00,0x00,,,,,"Set torque = 0"
165628,TX,0x201,3,0x90,0x90,0x00,0x00,,,,,"Set torque = 0"
165642,RX,0x181,6,0x40,0x40,0x11,0x43,0x80,0x00,0x0B,,"Status word = 0x4311"
165649,RX,0x181,4,0x30,0x30,0x00,0x00,0x01,,,,"Speed feedback = 0 rpm"
165656,TX,0x201,3,0x90,0x90,0x00,0x00,,,,,"Set torque = 0"
165682,TX,0x201,3,0x90,0x90,0x00,0x00,,,,,"Set torque = 0"
165708,TX,0x201,3,0x90,0x90,0x00,0x00,,,,,"Set torque = 0"
165735,TX,0x201,3,0x90,0x90,0x00,0x00,,,,,"Set torque = 0"
165742,RX,0x181,6,0x40,0x40,0x11,0x43,0x80,0x00,0x0B,,"Status word = 0x4311"
165749,RX,0x181,4,0x30,0x30,0x00,0x00,0x01,,,,"Speed feedback = 0 rpm"
165761,TX,0x201,3,0x90,0x90,0x00,0x00,,,,,"Set torque = 0"
165787,TX,0x201,3,0x90,0x90,0x00,0x00,,,,,"Set torque = 0"
165813,TX,0x201,3,0x90,0x90,0x00,0x00,,,,,"Set torque = 0"
165839,TX,0x201,3,0x90,0x90,0x00,0x00,,,,,"Set torque = 0"
165845,RX,0x181,6,0x40,0x40,0x11,0x43,0x80,0x00,0x0B,,"Status word = 0x4311"
165852,RX,0x181,4,0x30,0x30,0x00,0x00,0x01,,,,"Speed feedback = 0 rpm"
165865,TX,0x201,3,0x90,0x90,0x00,0x00,,,,,"Set torque = 0"
165891,TX,0x201,3,0x90,0x90,0x00,0x00,,,,,"Set torque = 0"
165917,TX,0x201,3,0x90,0x90,0x00,0x00,,,,,"Set torque = 0"
165941,RX,0x181,6,0x40,0x40,0x11,0x43,0x80,0x00,0x0B,,"Status word = 0x4311"
165948,TX,0x201,3,0x90,0x90,0x00,0x00,,,,,"Set torque = 0"
165955,RX,0x181,4,0x30,0x30,0x00,0x00,0x01,,,,"Speed feedback = 0 rpm"
165975,TX,0x201,3,0x90,0x90,0x00,0x00,,,,,"Set torque = 0"
166001,TX,0x201,3,0x90,0x90,0x00,0x00,,,,,"Set torque = 0"
166027,TX,0x201,3,0x90,0x90,0x00,0x00,,,,,"Set torque = 0"
166041,RX,0x181,6,0x40,0x40,0x11,0x43,0x80,0x00,0x0B,,"Status word = 0x4311"
166048,RX,0x181,4,0x30,0x30,0x00,0x00,0x01,,,,"Speed feedback = 0 rpm"
166055,TX,0x201,3,0x90,0x90,0x00,0x00,,,,,"Set torque = 0"
166082,TX,0x201,3,0x90,0x90,0x00,0x00,,,,,"Set torque = 0"
166108,TX,0x201,3,0x90,0x90,0x00,0x00,,,,,"Set torque = 0"
166134,TX,0x201,3,0x90,0x90,0x00,0x00,,,,,"Set torque = 0"
166141,RX,0x181,6,0x40,0x40,0x11,0x43,0x80,0x00,0x0B,,"Status word = 0x4311"
166148,RX,0x181,4,0x30,0x30,0x00,0x00,0x01,,,,"Speed feedback = 0 rpm"
166160,TX,0x201,3,0x90,0x90,0x00,0x00,,,,,"Set torque = 0"
166187,TX,0x201,3,0x90,0x90,0x00,0x00,,,,,"Set torque = 0"
166213,TX,0x201,3,0x90,0x90,0x00,0x00,,,,,"Set torque = 0"
166239,TX,0x201,3,0x90,0x90,0x00,0x00,,,,,"Set torque = 0"
166245,RX,0x181,6,0x40,0x40,0x11,0x43,0x80,0x00,0x0B,,"Status word = 0x4311"
166252,RX,0x181,4,0x30,0x30,0x00,0x00,0x01,,,,"Speed feedback = 0 rpm"
166265,TX,0x201,3,0x90,0x90,0x00,0x00,,,,,"Set torque = 0"
166291,TX,0x201,3,0x90,0x90,0x00,0x00,,,,,"Set torque = 0"
166317,TX,0x201,3,0x90,0x90,0x00,0x00,,,,,"Set torque = 0"
166341,RX,0x181,6,0x40,0x40,0x11,0x43,0x80,0x00,0x0B,,"Status word = 0x4311"
166348,RX,0x181,4,0x30,0x30,0x00,0x00,0x01,,,,"Speed feedback = 0 rpm"
166355,TX,0x201,3,0x90,0x90,0x00,0x00,,,,,"Set torque = 0"
166382,TX,0x201,3,0x90,0x90,0x00,0x00,,,,,"Set torque = 0"
166408,TX,0x201,3,0x90,0x90,0x00,0x00,,,,,"Set torque = 0"
166434,TX,0x201,3,0x90,0x90,0x00,0x00,,,,,"Set torque = 0"
166441,RX,0x181,6,0x40,0x40,0x11,0x43,0x80,0x00,0x0B,,"Status word = 0x4311"
166448,RX,0x181,4,0x30,0x30,0x00,0x00,0x01,,,,"Speed feedback = 0 rpm"
166460,TX,0x201,3,0x90,0x90,0x00,0x00,,,,,"Set torque = 0"
166486,TX,0x201,3,0x90,0x90,0x00,0x00,,,,,"Set torque = 0"
166513,TX,0x201,3,0x90,0x90,0x00,0x00,,,,,"Set torque = 0"
166539,TX,0x201,3,0x90,0x90,0x00,0x00,,,,,"Set torque = 0"
166545,RX,0x181,6,0x40,0x40,0x11,0x43,0x80,0x00,0x0B,,"Status word = 0x4311"
166552,RX,0x181,4,0x30,0x30,0x00,0x00,0x01,,,,"Speed feedback = 0 rpm"
166565,TX,0x201,3,0x90,0x90,0x00,0x00,,,,,"Set torque = 0"
166591,TX,0x201,3,0x90,0x90,0x00,0x00,,,,,"Set torque = 0"
166617,TX,0x201,3,0x90,0x90,0x00,0x00,,,,,"Set torque = 0"
166640,RX,0x181,6,0x40,0x40,0x11,0x43,0x80,0x00,0x0B,,"Status word = 0x4311"
166647,TX,0x201,3,0x90,0x90,0x00,0x00,,,,,"Set torque = 0"
166654,RX,0x181,4,0x30,0x30,0x00,0x00,0x01,,,,"Speed feedback = 0 rpm"
166674,TX,0x201,3,0x90,0x90,0x00,0x00,,,,,"Set torque = 0"
166700,TX,0x201,3,0x90,0x90,0x00,0x00,,,,,"Set torque = 0"
166726,TX,0x201,3,0x90,0x90,0x00,0x00,,,,,"Set torque = 0"
166740,RX,0x181,6,0x40,0x40,0x11,0x43,0x80,0x00,0x0B,,"Status word = 0x4311"
166747,RX,0x181,4,0x30,0x30,0x00,0x00,0x01,,,,"Speed feedback = 0 rpm"
166754,TX,0x201,3,0x90,0x90,0x00,0x00,,,,,"Set torque = 0"
166781,TX,0x201,3,0x90,0x90,0x00,0x00,,,,,"Set torque = 0"
166807,TX,0x201,3,0x90,0x90,0x00,0x00,,,,,"Set torque = 0"
166834,TX,0x201,3,0x90,0x90,0x00,0x00,,,,,"Set torque = 0"
166840,RX,0x181,6,0x40,0x40,0x11,0x43,0x80,0x00,0x0B,,"Status word = 0x4311"
166847,RX,0x181,4,0x30,0x30,0x00,0x00,0x01,,,,"Speed feedback = 0 rpm"
166860,TX,0x201,3,0x90,0x90,0x00,0x00,,,,,"Set torque = 0"
166886,TX,0x201,3,0x90,0x90,0x00,0x00,,,,,"Set torque = 0"
166912,TX,0x201,3,0x90,0x90,0x00,0x00,,,,,"Set torque = 0"
166938,TX,0x201,3,0x90,0x90,0x00,0x00,,,,,"Set torque = 0"
166944,RX,0x181,6,0x40,0x40,0x11,0x43,0x80,0x00,0x0B,,"Status word = 0x4311"
166951,RX,0x181,4,0x30,0x30,0x00,0x00,0x01,,,,"Speed feedback = 0 rpm"
166964,TX,0x201,3,0x90,0x90,0x00,0x00,,,,,"Set torque = 0"
166990,TX,0x201,3,0x90,0x90,0x00,0x00,,,,,"Set torque = 0"
167016,TX,0x201,3,0x90,0x90,0x00,0x00,,,,,"Set torque = 0"
167040,RX,0x181,6,0x40,0x40,0x11,0x43,0x80,0x00,0x0B,,"Status word = 0x4311"
167047,TX,0x201,3,0x90,0x90,0x00,0x00,,,,,"Set torque = 0"
167053,RX,0x181,4,0x30,0x30,0x00,0x00,0x01,,,,"Speed feedback = 0 rpm"
167073,TX,0x201,3,0x90,0x90,0x00,0x00,,,,,"Set torque = 0"
167099,TX,0x201,3,0x90,0x90,0x00,0x00,,,,,"Set torque = 0"
167125,TX,0x201,3,0x90,0x90,0x00,0x00,,,,,"Set torque = 0"
167140,RX,0x181,6,0x40,0x40,0x11,0x43,0x80,0x00,0x0B,,"Status word = 0x4311"
167147,RX,0x181,4,0x30,0x30,0x00,0x00,0x01,,,,"Speed feedback = 0 rpm"
167155,TX,0x201,3,0x90,0x90,0x00,0x00,,,,,"Set torque = 0"
167181,TX,0x201,3,0x90,0x90,0x00,0x00,,,,,"Set torque = 0"
167207,TX,0x201,3,0x90,0x90,0x00,0x00,,,,,"Set torque = 0"
167233,TX,0x201,3,0x90,0x90,0x00,0x00,,,,,"Set torque = 0"
167239,RX,0x181,6,0x40,0x40,0x11,0x43,0x80,0x00,0x0B,,"Status word = 0x4311"
167246,RX,0x181,4,0x30,0x30,0x00,0x00,0x01,,,,"Speed feedback = 0 rpm"
167259,TX,0x201,3,0x90,0x90,0x00,0x00,,,,,"Set torque = 0"
167285,TX,0x201,3,0x90,0x90,0x00,0x00,,,,,"Set torque = 0"
167311,TX,0x201,3,0x90,0x90,0x00,0x00,,,,,"Set torque = 0"
167337,TX,0x201,3,0x90,0x90,0x00,0x00,,,,,"Set torque = 0"
167343,RX,0x181,6,0x40,0x40,0x11,0x43,0x80,0x00,0x0B,,"Status word = 0x4311"
167350,RX,0x181,4,0x30,0x30,0x00,0x00,0x01,,,,"Speed feedback = 0 rpm"
167363,TX,0x201,3,0x90,0x90,0x00,0x00,,,,,"Set torque = 0"
167389,TX,0x201,3,0x90,0x90,0x00,0x00,,,,,"Set torque = 0"
167415,TX,0x201,3,0x90,0x90,0x00,0x00,,,,,"Set torque = 0"
167439,RX,0x181,6,0x40,0x40,0x11,0x43,0x80,0x00,0x0B,,"Status word = 0x4311"
167446,TX,0x201,3,0x90,0x90,0x00,0x00,,,,,"Set torque = 0"
167453,RX,0x181,4,0x30,0x30,0x00,0x00,0x01,,,,"Speed feedback = 0 rpm"
167473,TX,0x201,3,0x90,0x90,0x00,0x00,,,,,"Set torque = 0"
167499,TX,0x201,3,0x90,0x90,0x00,0x00,,,,,"Set torque = 0"
167525,TX,0x201,3,0x90,0x90,0x00,0x00,,,,,"Set torque = 0"
167539,RX,0x181,6,0x40,0x40,0x11,0x43,0x80,0x00,0x0B,,"Status word = 0x4311"
167546,RX,0x181,4,0x30,0x30,0x00,0x00,0x01,,,,"Speed feedback = 0 rpm"
167553,TX,0x201,3,0x90,0x90,0x00,0x00,,,,,"Set torque = 0"
167580,TX,0x201,3,0x90,0x90,0x00,0x00,,,,,"Set torque = 0"
167606,TX,0x201,3,0x90,0x90,0x00,0x00,,,,,"Set torque = 0"
167632,TX,0x201,3,0x90,0x90,0x00,0x00,,,,,"Set torque = 0"
167639,RX,0x181,6,0x40,0x40,0x11,0x43,0x80,0x00,0x0B,,"Status word = 0x4311"
167646,RX,0x181,4,0x30,0x30,0x00,0x00,0x01,,,,"Speed feedback = 0 rpm"
167658,TX,0x201,3,0x90,0x90,0x00,0x00,,,,,"Set torque = 0"
167684,TX,0x201,3,0x90,0x90,0x00,0x00,,,,,"Set torque = 0"
167710,TX,0x201,3,0x90,0x90,0x00,0x00,,,,,"Set torque = 0"
167736,TX,0x201,3,0x90,0x90,0x00,0x00,,,,,"Set torque = 0"
167743,RX,0x181,6,0x40,0x40,0x11,0x43,0x80,0x00,0x0B,,"Status word = 0x4311"
167749,RX,0x181,4,0x30,0x30,0x00,0x00,0x01,,,,"Speed feedback = 0 rpm"
167763,TX,0x201,3,0x90,0x90,0x00,0x00,,,,,"Set torque = 0"
167789,TX,0x201,3,0x90,0x90,0x00,0x00,,,,,"Set torque = 0"
167815,TX,0x201,3,0x90,0x90,0x00,0x00,,,,,"Set torque = 0"
167838,RX,0x181,6,0x40,0x40,0x11,0x43,0x80,0x00,0x0B,,"Status word = 0x4311"
167845,TX,0x201,3,0x90,0x90,0x00,0x00,,,,,"Set torque = 0"
167852,RX,0x181,4,0x30,0x30,0x00,0x00,0x01,,,,"Speed feedback = 0 rpm"
167872,TX,0x201,3,0x90,0x90,0x00,0x00,,,,,"Set torque = 0"
167899,TX,0x201,3,0x90,0x90,0x00,0x00,,,,,"Set torque = 0"
167925,TX,0x201,3,0x90,0x90,0x00,0x00,,,,,"Set torque = 0"
167938,RX,0x181,6,0x40,0x40,0x11,0x43,0x80,0x00,0x0B,,"Status word = 0x4311"
167945,RX,0x181,4,0x30,0x30,0x00,0x00,0x01,,,,"Speed feedback = 0 rpm"
167952,TX,0x201,3,0x90,0x90,0x00,0x00,,,,,"Set torque = 0"
167979,TX,0x201,3,0x90,0x90,0x00,0x00,,,,,"Set torque = 0"
168005,TX,0x201,3,0x90,0x90,0x00,0x00,,,,,"Set torque = 0"
168031,TX,0x201,3,0x90,0x90,0x00,0x00,,,,,"Set torque = 0"
168038,RX,0x181,6,0x40,0x40,0x11,0x43,0x80,0x00,0x0B,,"Status word = 0x4311"
168045,RX,0x181,4,0x30,0x30,0x00,0x00,0x01,,,,"Speed feedback = 0 rpm"
168057,TX,0x201,3,0x90,0x90,0x00,0x00,,,,,"Set torque = 0"
168083,TX,0x201,3,0x90,0x90,0x00,0x00,,,,,"Set torque = 0"
168109,TX,0x201,3,0x90,0x90,0x00,0x00,,,,,"Set torque = 0"
168135,TX,0x201,3,0x90,0x90,0x00,0x00,,,,,"Set torque = 0"
168141,RX,0x181,6,0x40,0x40,0x11,0x43,0x80,0x00,0x0B,,"Status word = 0x4311"
168148,RX,0x181,4,0x30,0x30,0x00,0x00,0x01,,,,"Speed feedback = 0 rpm"
168161,TX,0x201,3,0x90,0x90,0x00,0x00,,,,,"Set torque = 0"
168187,TX,0x201,3,0x90,0x90,0x00,0x00,,,,,"Set torque = 0"
168214,TX,0x201,3,0x90,0x90,0x00,0x00,,,,,"Set torque = 0"
168238,RX,0x181,6,0x40,0x40,0x11,0x43,0x80,0x00,0x0B,,"Status word = 0x4311"
168248,RX,0x181,4,0x30,0x30,0x00,0x00,0x01,,,,"Speed feedback = 0 rpm"
168254,TX,0x201,3,0x90,0x90,0x00,0x00,,,,,"Set torque = 0"
168281,TX,0x201,3,0x90,0x90,0x00,0x00,,,,,"Set torque = 0"
168307,TX,0x201,3,0x90,0x90,0x00,0x00,,,,,"Set torque = 0"
168333,TX,0x201,3,0x90,0x90,0x00,0x00,,,,,"Set torque = 0"
168339,RX,0x181,6,0x40,0x40,0x11,0x43,0x80,0x00,0x0B,,"Status word = 0x4311"
168346,RX,0x181,4,0x30,0x30,0x00,0x00,0x01,,,,"Speed feedback = 0 rpm"
168359,TX,0x201,3,0x90,0x90,0x00,0x00,,,,,"Set torque = 0"
168385,TX,0x201,3,0x90,0x90,0x00,0x00,,,,,"Set torque = 0"
168411,TX,0x201,3,0x90,0x90,0x00,0x00,,,,,"Set torque = 0"
168437,TX,0x201,3,0x90,0x90,0x00,0x00,,,,,"Set torque = 0"
168443,RX,0x181,6,0x40,0x40,0x11,0x43,0x80,0x00,0x0B,,"Status word = 0x4311"
168450,RX,0x181,4,0x30,0x30,0x00,0x00,0x01,,,,"Speed feedback = 0 rpm"
168463,TX,0x201,3,0x90,0x90,0x00,0x00,,,,,"Set torque = 0"
168489,TX,0x201,3,0x90,0x90,0x00,0x00,,,,,"Set torque = 0"
168516,TX,0x201,3,0x90,0x90,0x00,0x00,,,,,"Set torque = 0"
168537,RX,0x181,6,0x40,0x40,0x11,0x43,0x80,0x00,0x0B,,"Status word = 0x4311"
168544,TX,0x201,3,0x90,0x90,0x00,0x00,,,,,"Set torque = 0"
168551,RX,0x181,4,0x30,0x30,0x00,0x00,0x01,,,,"Speed feedback = 0 rpm"
168571,TX,0x201,3,0x90,0x90,0x00,0x00,,,,,"Set torque = 0"
168597,TX,0x201,3,0x90,0x90,0x00,0x00,,,,,"Set torque = 0"
168623,TX,0x201,3,0x90,0x90,0x00,0x00,,,,,"Set torque = 0"
168637,RX,0x181,6,0x40,0x40,0x11,0x43,0x80,0x00,0x0B,,"Status word = 0x4311"
168644,RX,0x181,4,0x30,0x30,0x00,0x00,0x01,,,,"Speed feedback = 0 rpm"
168651,TX,0x201,3,0x90,0x90,0x00,0x00,,,,,"Set torque = 0"
168678,TX,0x201,3,0x90,0x90,0x00,0x00,,,,,"Set torque = 0"
168704,TX,0x201,3,0x90,0x90,0x00,0x00,,,,,"Set torque = 0"
168730,TX,0x201,3,0x90,0x90,0x00,0x00,,,,,"Set torque = 0"
168737,RX,0x181,6,0x40,0x40,0x11,0x43,0x80,0x00,0x0B,,"Status word = 0x4311"
168744,RX,0x181,4,0x30,0x30,0x00,0x00,0x01,,,,"Speed feedback = 0 rpm"
168756,TX,0x201,3,0x90,0x90,0x00,0x00,,,,,"Set torque = 0"
168782,TX,0x201,3,0x90,0x90,0x00,0x00,,,,,"Set torque = 0"
168808,TX,0x201,3,0x90,0x90,0x00,0x00,,,,,"Set torque = 0"
168835,TX,0x201,3,0x90,0x90,0x00,0x00,,,,,"Set torque = 0"
168841,RX,0x181,6,0x40,0x40,0x11,0x43,0x80,0x00,0x0B,,"Status word = 0x4311"
168848,RX,0x181,4,0x30,0x30,0x00,0x00,0x01,,,,"Speed feedback = 0 rpm"
168861,TX,0x201,3,0x90,0x90,0x00,0x00,,,,,"Set torque = 0"
168887,TX,0x201,3,0x90,0x90,0x00,0x00,,,,,"Set torque = 0"
168913,TX,0x201,3,0x90,0x90,0x00,0x00,,,,,"Set torque = 0"
168937,RX,0x181,6,0x40,0x40,0x11,0x43,0x80,0x00,0x0B,,"Status word = 0x4311"
168943,TX,0x201,3,0x90,0x90,0x00,0x00,,,,,"Set torque = 0"
168950,RX,0x181,4,0x30,0x30,0x00,0x00,0x01,,,,"Speed feedback = 0 rpm"
168970,TX,0x201,3,0x90,0x90,0x00,0x00,,,,,"Set torque = 0"
168996,TX,0x201,3,0x90,0x90,0x00,0x00,,,,,"Set torque = 0"
169022,TX,0x201,3,0x90,0x90,0x00,0x00,,,,,"Set torque = 0"
169037,RX,0x181,6,0x40,0x40,0x11,0x43,0x80,0x00,0x0B,,"Status word = 0x4311"
169044,RX,0x181,4,0x30,0x30,0x00,0x00,0x01,,,,"Speed feedback = 0 rpm"
169050,TX,0x201,3,0x90,0x90,0x00,0x00,,,,,"Set torque = 0"
169077,TX,0x201,3,0x90,0x90,0x00,0x00,,,,,"Set torque = 0"
169103,TX,0x201,3,0x90,0x90,0x00,0x00,,,,,"Set torque = 0"
169129,TX,0x201,3,0x90,0x90,0x00,0x00,,,,,"Set torque = 0"
169136,RX,0x181,6,0x40,0x40,0x11,0x43,0x80,0x00,0x0B,,"Status word = 0x4311"
169143,RX,0x181,4,0x30,0x30,0x00,0x00,0x01,,,,"Speed feedback = 0 rpm"
169156,TX,0x201,3,0x90,0x90,0x00,0x00,,,,,"Set torque = 0"
169182,TX,0x201,3,0x90,0x90,0x00,0x00,,,,,"Set torque = 0"
169208,TX,0x201,3,0x90,0x90,0x00,0x00,,,,,"Set torque = 0"
169234,TX,0x201,3,0x90,0x90,0x00,0x00,,,,,"Set torque = 0"
169242,RX,0x181,6,0x40,0x40,0x11,0x43,0x80,0x00,0x0B,,"Status word = 0x4311"
169248,RX,0x181,4,0x30,0x30,0x00,0x00,0x01,,,,"Speed feedback = 0 rpm"
169262,TX,0x201,3,0x90,0x90,0x00,0x00,,,,,"Set torque = 0"
169289,TX,0x201,3,0x90,0x90,0x00,0x00,,,,,"Set torque = 0"
169315,TX,0x201,3,0x90,0x90,0x00,0x00,,,,,"Set torque = 0"
169336,RX,0x181,6,0x40,0x40,0x11,0x43,0x80,0x00,0x0B,,"Status word = 0x4311"
169343,TX,0x201,3,0x90,0x90,0x00,0x00,,,,,"Set torque = 0"
169350,RX,0x181,4,0x30,0x30,0x00,0x00,0x01,,,,"Speed feedback = 0 rpm"
169370,TX,0x201,3,0x90,0x90,0x00,0x00,,,,,"Set torque = 0"
169396,TX,0x201,3,0x90,0x90,0x00,0x00,,,,,"Set torque = 0"
169422,TX,0x201,3,0x90,0x90,0x00,0x00,,,,,"Set torque = 0"
169436,RX,0x181,6,0x40,0x40,0x11,0x43,0x80,0x00,0x0B,,"Status word = 0x4311"
169443,RX,0x181,4,0x30,0x30,0x00,0x00,0x01,,,,"Speed feedback = 0 rpm"
169450,TX,0x201,3,0x90,0x90,0x00,0x00,,,,,"Set torque = 0"
169477,TX,0x201,3,0x90,0x90,0x00,0x00,,,,,"Set torque = 0"
169503,TX,0x201,3,0x90,0x90,0x00,0x00,,,,,"Set torque = 0"
169529,TX,0x201,3,0x90,0x90,0x00,0x00,,,,,"Set torque = 0"
169536,RX,0x181,6,0x40,0x40,0x11,0x43,0x80,0x00,0x0B,,"Status word = 0x4311"
169543,RX,0x181,4,0x30,0x30,0x00,0x00,0x01,,,,"Speed feedback = 0 rpm"
169555,TX,0x201,3,0x90,0x90,0x00,0x00,,,,,"Set torque = 0"
169581,TX,0x201,3,0x90,0x90,0x00,0x00,,,,,"Set torque = 0"
169608,TX,0x201,3,0x90,0x90,0x00,0x00,,,,,"Set torque = 0"
169634,TX,0x201,3,0x90,0x90,0x00,0x00,,,,,"Set torque = 0"
169640,RX,0x181,6,0x40,0x40,0x11,0x43,0x80,0x00,0x0B,,"Status word = 0x4311"
169647,RX,0x181,4,0x30,0x30,0x00,0x00,0x01,,,,"Speed feedback = 0 rpm"
169660,TX,0x201,3,0x90,0x90,0x00,0x00,,,,,"Set torque = 0"
169686,TX,0x201,3,0x90,0x90,0x00,0x00,,,,,"Set torque = 0"
169712,TX,0x201,3,0x90,0x90,0x00,0x00,,,,,"Set torque = 0"
169735,RX,0x181,6,0x40,0x40,0x11,0x43,0x80,0x00,0x0B,,"Status word = 0x4311"
169742,TX,0x201,3,0x90,0x90,0x00,0x00,,,,,"Set torque = 0"
169749,RX,0x181,4,0x30,0x30,0x00,0x00,0x01,,,,"Speed feedback = 0 rpm"
169769,TX,0x201,3,0x90,0x90,0x00,0x00,,,,,"Set torque = 0"
169795,TX,0x201,3,0x90,0x90,0x00,0x00,,,,,"Set torque = 0"
169821,TX,0x201,3,0x90,0x90,0x00,0x00,,,,,"Set torque = 0"
169835,RX,0x181,6,0x40,0x40,0x11,0x43,0x80,0x00,0x0B,,"Status word = 0x4311"
169842,RX,0x181,4,0x30,0x30,0x00,0x00,0x01,,,,"Speed feedback = 0 rpm"
169849,TX,0x201,3,0x90,0x90,0x00,0x00,,,,,"Set torque = 0"
169876,TX,0x201,3,0x90,0x90,0x00,0x00,,,,,"Set torque = 0"
169902,TX,0x201,3,0x90,0x90,0x00,0x00,,,,,"Set torque = 0"
169929,TX,0x201,3,0x90,0x90,0x00,0x00,,,,,"Set torque = 0"
169935,RX,0x181,6,0x40,0x40,0x11,0x43,0x80,0x00,0x0B,,"Status word = 0x4311"
169942,RX,0x181,4,0x30,0x30,0x00,0x00,0x01,,,,"Speed feedback = 0 rpm"
169955,TX,0x201,3,0x90,0x90,0x00,0x00,,,,,"Set torque = 0"
169981,TX,0x201,3,0x90,0x90,0x00,0x00,,,,,"Set torque = 0"
170007,TX,0x201,3,0x90,0x90,0x00,0x00,,,,,"Set torque = 0"
170033,TX,0x201,3,0x90,0x90,0x00,0x00,,,,,"Set torque = 0"
170039,RX,0x181,6,0x40,0x40,0x11,0x43,0x80,0x00,0x0B,,"Status word = 0x4311"
170046,RX,0x181,4,0x30,0x30,0x00,0x00,0x01,,,,"Speed feedback = 0 rpm"
170059,TX,0x201,3,0x90,0x90,0x00,0x00,,,,,"Set torque = 0"
170085,TX,0x201,3,0x90,0x90,0x00,0x00,,,,,"Set torque = 0"
170111,TX,0x201,3,0x90,0x90,0x00,0x00,,,,,"Set torque = 0"
170135,RX,0x181,6,0x40,0x40,0x11,0x43,0x80,0x00,0x0B,,"Status word = 0x4311"
170142,TX,0x201,3,0x90,0x90,0x00,0x00,,,,,"Set torque = 0"
170148,RX,0x181,4,0x30,0x30,0x00,0x00,0x01,,,,"Speed feedback = 0 rpm"
170168,TX,0x201,3,0x90,0x90,0x00,0x00,,,,,"Set torque = 0"
170194,TX,0x201,3,0x90,0x90,0x00,0x00,,,,,"Set torque = 0"
170220,TX,0x201,3,0x90,0x90,0x00,0x00,,,,,"Set torque = 0"
170235,RX,0x181,6,0x40,0x40,0x11,0x43,0x80,0x00,0x0B,,"Status word = 0x4311"
170242,RX,0x181,4,0x30,0x30,0x00,0x00,0x01,,,,"Speed feedback = 0 rpm"
170248,TX,0x201,3,0x90,0x90,0x00,0x00,,,,,"Set torque = 0"
170275,TX,0x201,3,0x90,0x90,0x00,0x00,,,,,"Set torque = 0"
170301,TX,0x201,3,0x90,0x90,0x00,0x00,,,,,"Set torque = 0"
170327,TX,0x201,3,0x90,0x90,0x00,0x00,,,,,"Set torque = 0"
170334,RX,0x181,6,0x40,0x40,0x11,0x43,0x80,0x00,0x0B,,"Status word = 0x4311"
170341,RX,0x181,4,0x30,0x30,0x00,0x00,0x01,,,,"Speed feedback = 0 rpm"
170353,TX,0x201,3,0x90,0x90,0x00,0x00,,,,,"Set torque = 0"
170380,TX,0x201,3,0x90,0x90,0x00,0x00,,,,,"Set torque = 0"
170406,TX,0x201,3,0x90,0x90,0x00,0x00,,,,,"Set torque = 0"
170432,TX,0x201,3,0x90,0x90,0x00,0x00,,,,,"Set torque = 0"
170438,RX,0x181,6,0x40,0x40,0x11,0x43,0x80,0x00,0x0B,,"Status word = 0x4311"
170445,RX,0x181,4,0x30,0x30,0x00,0x00,0x01,,,,"Speed feedback = 0 rpm"
170458,TX,0x201,3,0x90,0x90,0x00,0x00,,,,,"Set torque = 0"
170484,TX,0x201,3,0x90,0x90,0x00,0x00,,,,,"Set torque = 0"
170510,TX,0x201,3,0x90,0x90,0x00,0x00,,,,,"Set torque = 0"
170534,RX,0x181,6,0x40,0x40,0x11,0x43,0x80,0x00,0x0B,,"Status word = 0x4311"
170541,RX,0x181,4,0x30,0x30,0x00,0x00,0x01,,,,"Speed feedback = 0 rpm"
170548,TX,0x201,3,0x90,0x90,0x00,0x00,,,,,"Set torque = 0"
170575,TX,0x201,3,0x90,0x90,0x00,0x00,,,,,"Set torque = 0"
170601,TX,0x201,3,0x90,0x90,0x00,0x00,,,,,"Set torque = 0"
170627,TX,0x201,3,0x90,0x90,0x00,0x00,,,,,"Set torque = 0"
170634,RX,0x181,6,0x40,0x40,0x11,0x43,0x80,0x00,0x0B,,"Status word = 0x4311"
170641,RX,0x181,4,0x30,0x30,0x00,0x00,0x01,,,,"Speed feedback = 0 rpm"
170653,TX,0x201,3,0x90,0x90,0x00,0x00,,,,,"Set torque = 0"
170679,TX,0x201,3,0x90,0x90,0x00,0x00,,,,,"Set torque = 0"
170706,TX,0x201,3,0x90,0x90,0x00,0x00,,,,,"Set torque = 0"
170732,TX,0x201,3,0x90,0x90,0x00,0x00,,,,,"Set torque = 0"
170738,RX,0x181,6,0x40,0x40,0x11,0x43,0x80,0x00,0x0B,,"Status word = 0x4311"
170745,RX,0x181,4,0x30,0x30,0x00,0x00,0x01,,,,"Speed feedback = 0 rpm"
170758,TX,0x201,3,0x90,0x90,0x00,0x00,,,,,"Set torque = 0"
170784,TX,0x201,3,0x90,0x90,0x00,0x00,,,,,"Set torque = 0"
170810,TX,0x201,3,0x90,0x90,0x00,0x00,,,,,"Set torque = 0"
170834,RX,0x181,6,0x40,0x40,0x11,0x43,0x80,0x00,0x0B,,"Status word = 0x4311"
170840,TX,0x201,3,0x90,0x90,0x00,0x00,,,,,"Set torque = 0"
170848,RX,0x181,4,0x30,0x30,0x00,0x00,0x01,,,,"Speed feedback = 0 rpm"
170868,TX,0x201,3,0x90,0x90,0x00,0x00,,,,,"Set torque = 0"
170894,TX,0x201,3,0x90,0x90,0x00,0x00,,,,,"Set torque = 0"
170920,TX,0x201,3,0x90,0x90,0x00,0x00,,,,,"Set torque = 0"
170934,RX,0x181,6,0x40,0x40,0x11,0x43,0x80,0x00,0x0B,,"Status word = 0x4311"
170940,RX,0x181,4,0x30,0x30,0x00,0x00,0x01,,,,"Speed feedback = 0 rpm"
170947,TX,0x201,3,0x90,0x90,0x00,0x00,,,,,"Set torque = 0"
170974,TX,0x201,3,0x90,0x90,0x00,0x00,,,,,"Set torque = 0"
171000,TX,0x201,3,0x90,0x90,0x00,0x00,,,,,"Set torque = 0"
171027,TX,0x201,3,0x90,0x90,0x00,0x00,,,,,"Set torque = 0"
171033,RX,0x181,6,0x40,0x40,0x11,0x43,0x80,0x00,0x0B,,"Status word = 0x4311"
171040,RX,0x181,4,0x30,0x30,0x00,0x00,0x01,,,,"Speed feedback = 0 rpm"
171053,TX,0x201,3,0x90,0x90,0x00,0x00,,,,,"Set torque = 0"
171079,TX,0x201,3,0x90,0x90,0x00,0x00,,,,,"Set torque = 0"
171105,TX,0x201,3,0x90,0x90,0x00,0x00,,,,,"Set torque = 0"
171131,TX,0x201,3,0x90,0x90,0x00,0x00,,,,,"Set torque = 0"
171137,RX,0x181,6,0x40,0x40,0x11,0x43,0x80,0x00,0x0B,,"Status word = 0x4311"
171144,RX,0x181,4,0x30,0x30,0x00,0x00,0x01,,,,"Speed feedback = 0 rpm"
171157,TX,0x201,3,0x90,0x90,0x00,0x00,,,,,"Set torque = 0"
171183,TX,0x201,3,0x90,0x90,0x00,0x00,,,,,"Set torque = 0"
171209,TX,0x201,3,0x90,0x90,0x00,0x00,,,,,"Set torque = 0"
171233,RX,0x181,6,0x40,0x40,0x11,0x43,0x80,0x00,0x0B,,"Status word = 0x4311"
171240,TX,0x201,3,0x90,0x90,0x00,0x00,,,,,"Set torque = 0"
171247,RX,0x181,4,0x30,0x30,0x00,0x00,0x01,,,,"Speed feedback = 0 rpm"
171267,TX,0x201,3,0x90,0x90,0x00,0x00,,,,,"Set torque = 0"
171293,TX,0x201,3,0x90,0x90,0x00,0x00,,,,,"Set torque = 0"
171319,TX,0x201,3,0x90,0x90,0x00,0x00,,,,,"Set torque = 0"
171333,RX,0x181,6,0x40,0x40,0x11,0x43,0x80,0x00,0x0B,,"Status word = 0x4311"
171340,RX,0x181,4,0x30,0x30,0x00,0x00,0x01,,,,"Speed feedback = 0 rpm"
171347,TX,0x201,3,0x90,0x90,0x00,0x00,,,,,"Set torque = 0"
171373,TX,0x201,3,0x90,0x90,0x00,0x00,,,,,"Set torque = 0"
171399,TX,0x201,3,0x90,0x90,0x00,0x00,,,,,"Set torque = 0"
171425,TX,0x201,3,0x90,0x90,0x00,0x00,,,,,"Set torque = 0"
171433,RX,0x181,6,0x40,0x40,0x11,0x43,0x80,0x00,0x0B,,"Status word = 0x4311"
171440,RX,0x181,4,0x30,0x30,0x00,0x00,0x01,,,,"Speed feedback = 0 rpm"
171451,TX,0x201,3,0x90,0x90,0x00,0x00,,,,,"Set torque = 0"
171478,TX,0x201,3,0x90,0x90,0x00,0x00,,,,,"Set torque = 0"
171504,TX,0x201,3,0x90,0x90,0x00,0x00,,,,,"Set torque = 0"
171530,TX,0x201,3,0x90,0x90,0x00,0x00,,,,,"Set torque = 0"
171538,RX,0x181,6,0x40,0x40,0x11,0x43,0x80,0x00,0x0B,,"Status word = 0x4311"
171544,RX,0x181,4,0x30,0x30,0x00,0x00,0x01,,,,"Speed feedback = 0 rpm"
171558,TX,0x201,3,0x90,0x90,0x00,0x00,,,,,"Set torque = 0"
171584,TX,0x201,3,0x90,0x90,0x00,0x00,,,,,"Set torque = 0"
171610,TX,0x201,3,0x90,0x90,0x00,0x00,,,,,"Set torque = 0"
171632,RX,0x181,6,0x40,0x40,0x11,0x43,0x80,0x00,0x0B,,"Status word = 0x4311"
171640,RX,0x181,4,0x30,0x30,0x00,0x00,0x01,,,,"Speed feedback = 0 rpm"
171646,TX,0x201,3,0x90,0x90,0x00,0x00,,,,,"Set torque = 0"
171673,TX,0x201,3,0x90,0x90,0x00,0x00,,,,,"Set torque = 0"
171699,TX,0x201,3,0x90,0x90,0x00,0x00,,,,,"Set torque = 0"
171725,TX,0x201,3,0x90,0x90,0x00,0x00,,,,,"Set torque = 0"
171732,RX,0x181,6,0x40,0x40,0x11,0x43,0x80,0x00,0x0B,,"Status word = 0x4311"
171739,RX,0x181,4,0x30,0x30,0x00,0x00,0x01,,,,"Speed feedback = 0 rpm"
171751,TX,0x201,3,0x90,0x90,0x00,0x00,,,,,"Set torque = 0"
171777,TX,0x201,3,0x90,0x90,0x00,0x00,,,,,"Set torque = 0"
171804,TX,0x201,3,0x90,0x90,0x00,0x00,,,,,"Set torque = 0"
171830,TX,0x201,3,0x90,0x90,0x00,0x00,,,,,"Set torque = 0"
171836,RX,0x181,6,0x40,0x40,0x11,0x43,0x80,0x00,0x0B,,"Status word = 0x4311"
171843,RX,0x181,4,0x30,0x30,0x00,0x00,0x01,,,,"Speed feedback = 0 rpm"
171856,TX,0x201,3,0x90,0x90,0x00,0x00,,,,,"Set torque = 0"
171882,TX,0x201,3,0x90,0x90,0x00,0x00,,,,,"Set torque = 0"
171908,TX,0x201,3,0x90,0x90,0x00,0x00,,,,,"Set torque = 0"
171932,RX,0x181,6,0x40,0x40,0x11,0x43,0x80,0x00,0x0B,,"Status word = 0x4311"
171939,TX,0x201,3,0x90,0x90,0x00,0x00,,,,,"Set torque = 0"
171946,RX,0x181,4,0x30,0x30,0x00,0x00,0x01,,,,"Speed feedback = 0 rpm"
171966,TX,0x201,3,0x90,0x90,0x00,0x00,,,,,"Set torque = 0"
171992,TX,0x201,3,0x90,0x90,0x00,0x00,,,,,"Set torque = 0"
172018,TX,0x201,3,0x90,0x90,0x00,0x00,,,,,"Set torque = 0"
172032,RX,0x181,6,0x40,0x40,0x11,0x43,0x80,0x00,0x0B,,"Status word = 0x4311"
172039,RX,0x181,4,0x30,0x30,0x00,0x00,0x01,,,,"Speed feedback = 0 rpm"
172046,TX,0x201,3,0x90,0x90,0x00,0x00,,,,,"Set torque = 0"
172072,TX,0x201,3,0x90,0x90,0x00,0x00,,,,,"Set torque = 0"
172098,TX,0x201,3,0x90,0x90,0x00,0x00,,,,,"Set torque = 0"
172125,TX,0x201,3,0x90,0x90,0x00,0x00,,,,,"Set torque = 0"
172132,RX,0x181,6,0x40,0x40,0x11,0x43,0x80,0x00,0x0B,,"Status word = 0x4311"
172139,RX,0x181,4,0x30,0x30,0x00,0x00,0x01,,,,"Speed feedback = 0 rpm"
172151,TX,0x201,3,0x90,0x90,0x00,0x00,,,,,"Set torque = 0"
172177,TX,0x201,3,0x90,0x90,0x00,0x00,,,,,"Set torque = 0"
172203,TX,0x201,3,0x90,0x90,0x00,0x00,,,,,"Set torque = 0"
172229,TX,0x201,3,0x90,0x90,0x00,0x00,,,,,"Set torque = 0"
172235,RX,0x181,6,0x40,0x40,0x11,0x43,0x80,0x00,0x0B,,"Status word = 0x4311"
172242,RX,0x181,4,0x30,0x30,0x00,0x00,0x01,,,,"Speed feedback = 0 rpm"
172255,TX,0x201,3,0x90,0x90,0x00,0x00,,,,,"Set torque = 0"
172281,TX,0x201,3,0x90,0x90,0x00,0x00,,,,,"Set torque = 0"
172307,TX,0x201,3,0x90,0x90,0x00,0x00,,,,,"Set torque = 0"
172331,RX,0x181,6,0x40,0x40,0x11,0x43,0x80,0x00,0x0B,,"Status word = 0x4311"
172338,TX,0x201,3,0x90,0x90,0x00,0x00,,,,,"Set torque = 0"
172345,RX,0x181,4,0x30,0x30,0x00,0x00,0x01,,,,"Speed feedback = 0 rpm"
172365,TX,0x201,3,0x90,0x90,0x00,0x00,,,,,"Set torque = 0"
172391,TX,0x201,3,0x90,0x90,0x00,0x00,,,,,"Set torque = 0"
172417,TX,0x201,3,0x90,0x90,0x00,0x00,,,,,"Set torque = 0"
172431,RX,0x181,6,0x40,0x40,0x11,0x43,0x80,0x00,0x0B,,"Status word = 0x4311"
172438,RX,0x181,4,0x30,0x30,0x00,0x00,0x01,,,,"Speed feedback = 0 rpm"
172445,TX,0x201,3,0x90,0x90,0x00,0x00,,,,,"Set torque = 0"
172472,TX,0x201,3,0x90,0x90,0x00,0x00,,,,,"Set torque = 0"
172498,TX,0x201,3,0x90,0x90,0x00,0x00,,,,,"Set torque = 0"
172524,TX,0x201,3,0x90,0x90,0x00,0x00,,,,,"Set torque = 0"
172531,RX,0x181,6,0x40,0x40,0x11,0x43,0x80,0x00,0x0B,,"Status word = 0x4311"
172538,RX,0x181,4,0x30,0x30,0x00,0x00,0x01,,,,"Speed feedback = 0 rpm"
172550,TX,0x201,3,0x90,0x90,0x00,0x00,,,,,"Set torque = 0"
172578,TX,0x201,3,0x90,0x90,0x00,0x00,,,,,"Set torque = 0"
172604,TX,0x201,3,0x90,0x90,0x00,0x00,,,,,"Set torque = 0"
172630,TX,0x201,3,0x90,0x90,0x00,0x00,,,,,"Set torque = 0"
172639,RX,0x181,6,0x40,0x40,0x11,0x43,0x80,0x00,0x0B,,"Status word = 0x4311"
172646,RX,0x181,4,0x30,0x30,0x00,0x00,0x01,,,,"Speed feedback = 0 rpm"
172659,TX,0x201,3,0x90,0x90,0x00,0x00,,,,,"Set torque = 0"
172685,TX,0x201,3,0x90,0x90,0x00,0x00,,,,,"Set torque = 0"
172711,TX,0x201,3,0x90,0x90,0x00,0x00,,,,,"Set torque = 0"
172731,RX,0x181,6,0x40,0x40,0x11,0x43,0x80,0x00,0x0B,,"Status word = 0x4311"
172738,TX,0x201,3,0x90,0x90,0x00,0x00,,,,,"Set torque = 0"
172744,RX,0x181,4,0x30,0x30,0x00,0x00,0x01,,,,"Speed feedback = 0 rpm"
172764,TX,0x201,3,0x90,0x90,0x00,0x00,,,,,"Set torque = 0"
172790,TX,0x201,3,0x90,0x90,0x00,0x00,,,,,"Set torque = 0"
172816,TX,0x201,3,0x90,0x90,0x00,0x00,,,,,"Set torque = 0"
172831,RX,0x181,6,0x40,0x40,0x11,0x43,0x80,0x00,0x0B,,"Status word = 0x4311"
172837,RX,0x181,4,0x30,0x30,0x00,0x00,0x01,,,,"Speed feedback = 0 rpm"
172844,TX,0x201,3,0x90,0x90,0x00,0x00,,,,,"Set torque = 0"
172871,TX,0x201,3,0x90,0x90,0x00,0x00,,,,,"Set torque = 0"
172897,TX,0x201,3,0x90,0x90,0x00,0x00,,,,,"Set torque = 0"
172923,TX,0x201,3,0x90,0x90,0x00,0x00,,,,,"Set torque = 0"
172930,RX,0x181,6,0x40,0x40,0x11,0x43,0x80,0x00,0x0B,,"Status word = 0x4311"
172937,RX,0x181,4,0x30,0x30,0x00,0x00,0x01,,,,"Speed feedback = 0 rpm"
172949,TX,0x201,3,0x90,0x90,0x00,0x00,,,,,"Set torque = 0"
172975,TX,0x201,3,0x90,0x90,0x00,0x00,,,,,"Set torque = 0"
173001,TX,0x201,3,0x90,0x90,0x00,0x00,,,,,"Set torque = 0"
173027,TX,0x201,3,0x90,0x90,0x00,0x00,,,,,"Set torque = 0"
173034,RX,0x181,6,0x40,0x40,0x11,0x43,0x80,0x00,0x0B,,"Status word = 0x4311"
173040,RX,0x181,4,0x30,0x30,0x00,0x00,0x01,,,,"Speed feedback = 0 rpm"
173054,TX,0x201,3,0x90,0x90,0x00,0x00,,,,,"Set torque = 0"
173080,TX,0x201,3,0x90,0x90,0x00,0x00,,,,,"Set torque = 0"
173106,TX,0x201,3,0x90,0x90,0x00,0x00,,,,,"Set torque = 0"
173130,RX,0x181,6,0x40,0x40,0x11,0x43,0x80,0x00,0x0B,,"Status word = 0x4311"
173137,TX,0x201,3,0x90,0x90,0x00,0x00,,,,,"Set torque = 0"
173144,RX,0x181,4,0x30,0x30,0x00,0x00,0x01,,,,"Speed feedback = 0 rpm"
173164,TX,0x201,3,0x90,0x90,0x00,0x00,,,,,"Set torque = 0"
173191,TX,0x201,3,0x90,0x90,0x00,0x00,,,,,"Set torque = 0"
173217,TX,0x201,3,0x90,0x90,0x00,0x00,,,,,"Set torque = 0"
173230,RX,0x181,6,0x40,0x40,0x11,0x43,0x80,0x00,0x0B,,"Status word = 0x4311"
173237,RX,0x181,4,0x30,0x30,0x00,0x00,0x01,,,,"Speed feedback = 0 rpm"
173244,TX,0x201,3,0x90,0x90,0x00,0x00,,,,,"Set torque = 0"
173270,TX,0x201,3,0x90,0x90,0x00,0x00,,,,,"Set torque = 0"
173296,TX,0x201,3,0x90,0x90,0x00,0x00,,,,,"Set torque = 0"
173322,TX,0x201,3,0x90,0x90,0x00,0x00,,,,,"Set torque = 0"
173330,RX,0x181,6,0x40,0x40,0x11,0x43,0x80,0x00,0x0B,,"Status word = 0x4311"
173337,RX,0x181,4,0x30,0x30,0x00,0x00,0x01,,,,"Speed feedback = 0 rpm"
173348,TX,0x201,3,0x90,0x90,0x00,0x00,,,,,"Set torque = 0"
173374,TX,0x201,3,0x90,0x90,0x00,0x00,,,,,"Set torque = 0"
173400,TX,0x201,3,0x90,0x90,0x00,0x00,,,,,"Set torque = 0"
173426,TX,0x201,3,0x90,0x90,0x00,0x00,,,,,"Set torque = 0"
173432,RX,0x181,6,0x40,0x40,0x11,0x43,0x80,0x00,0x0B,,"Status word = 0x4311"
173439,RX,0x181,4,0x30,0x30,0x00,0x00,0x01,,,,"Speed feedback = 0 rpm"
173452,TX,0x201,3,0x90,0x90,0x00,0x00,,,,,"Set torque = 0"
173478,TX,0x201,3,0x90,0x90,0x00,0x00,,,,,"Set torque = 0"
173505,TX,0x201,3,0x90,0x90,0x00,0x00,,,,,"Set torque = 0"
173529,RX,0x181,6,0x40,0x40,0x11,0x43,0x80,0x00,0x0B,,"Status word = 0x4311"
173536,TX,0x201,3,0x90,0x90,0x00,0x00,,,,,"Set torque = 0"
173543,RX,0x181,4,0x30,0x30,0x00,0x00,0x01,,,,"Speed feedback = 0 rpm"
173563,TX,0x201,3,0x90,0x90,0x00,0x00,,,,,"Set torque = 0"
173589,TX,0x201,3,0x90,0x90,0x00,0x00,,,,,"Set torque = 0"
173615,TX,0x201,3,0x90,0x90,0x00,0x00,,,,,"Set torque = 0"
173629,RX,0x181,6,0x40,0x40,0x11,0x43,0x80,0x00,0x0B,,"Status word = 0x4311"
173636,RX,0x181,4,0x30,0x30,0x00,0x00,0x01,,,,"Speed feedback = 0 rpm"
173643,TX,0x201,3,0x90,0x90,0x00,0x00,,,,,"Set torque = 0"
173670,TX,0x201,3,0x90,0x90,0x00,0x00,,,,,"Set torque = 0"
173696,TX,0x201,3,0x90,0x90,0x00,0x00,,,,,"Set torque = 0"
173722,TX,0x201,3,0x90,0x90,0x00,0x00,,,,,"Set torque = 0"
173729,RX,0x181,6,0x40,0x40,0x11,0x43,0x80,0x00,0x0B,,"Status word = 0x4311"
173736,RX,0x181,4,0x30,0x30,0x00,0x00,0x01,,,,"Speed feedback = 0 rpm"
173748,TX,0x201,3,0x90,0x90,0x00,0x00,,,,,"Set torque = 0"
173774,TX,0x201,3,0x90,0x90,0x00,0x00,,,,,"Set torque = 0"
173800,TX,0x201,3,0x90,0x90,0x00,0x00,,,,,"Set torque = 0"
173827,TX,0x201,3,0x90,0x90,0x00,0x00,,,,,"Set torque = 0"
173833,RX,0x181,6,0x40,0x40,0x11,0x43,0x80,0x00,0x0B,,"Status word = 0x4311"
173840,RX,0x181,4,0x30,0x30,0x00,0x00,0x01,,,,"Speed feedback = 0 rpm"
173853,TX,0x201,3,0x90,0x90,0x00,0x00,,,,,"Set torque = 0"
173879,TX,0x201,3,0x90,0x90,0x00,0x00,,,,,"Set torque = 0"
173905,TX,0x201,3,0x90,0x90,0x00,0x00,,,,,"Set torque = 0"
173929,RX,0x181,6,0x40,0x40,0x11,0x43,0x80,0x00,0x0B,,"Status word = 0x4311"
173936,TX,0x201,3,0x90,0x90,0x00,0x00,,,,,"Set torque = 0"
173942,RX,0x181,4,0x30,0x30,0x00,0x00,0x01,,,,"Speed feedback = 0 rpm"
173962,TX,0x201,3,0x90,0x90,0x00,0x00,,,,,"Set torque = 0"
173988,TX,0x201,3,0x90,0x90,0x00,0x00,,,,,"Set torque = 0"
174014,TX,0x201,3,0x90,0x90,0x00,0x00,,,,,"Set torque = 0"
174029,RX,0x181,6,0x40,0x40,0x11,0x43,0x80,0x00,0x0B,,"Status word = 0x4311"
174036,RX,0x181,4,0x30,0x30,0x00,0x00,0x01,,,,"Speed feedback = 0 rpm"
174043,TX,0x201,3,0x90,0x90,0x00,0x00,,,,,"Set torque = 0"
174069,TX,0x201,3,0x90,0x90,0x00,0x00,,,,,"Set torque = 0"
174095,TX,0x201,3,0x90,0x90,0x00,0x00,,,,,"Set torque = 0"
174121,TX,0x201,3,0x90,0x90,0x00,0x00,,,,,"Set torque = 0"
174128,RX,0x181,6,0x40,0x40,0x11,0x43,0x80,0x00,0x0B,,"Status word = 0x4311"
174135,RX,0x181,4,0x30,0x30,0x00,0x00,0x01,,,,"Speed feedback = 0 rpm"
174148,TX,0x201,3,0x90,0x90,0x00,0x00,,,,,"Set torque = 0"
174174,TX,0x201,3,0x90,0x90,0x00,0x00,,,,,"Set torque = 0"
174200,TX,0x201,3,0x90,0x90,0x00,0x00,,,,,"Set torque = 0"
174226,TX,0x201,3,0x90,0x90,0x00,0x00,,,,,"Set torque = 0"
174232,RX,0x181,6,0x40,0x40,0x11,0x43,0x80,0x00,0x0B,,"Status word = 0x4311"
174239,RX,0x181,4,0x30,0x30,0x00,0x00,0x01,,,,"Speed feedback = 0 rpm"
174252,TX,0x201,3,0x90,0x90,0x00,0x00,,,,,"Set torque = 0"
174279,TX,0x201,3,0x90,0x90,0x00,0x00,,,,,"Set torque = 0"
174305,TX,0x201,3,0x90,0x90,0x00,0x00,,,,,"Set torque = 0"
174328,RX,0x181,6,0x40,0x40,0x11,0x43,0x80,0x00,0x0B,,"Status word = 0x4311"
174335,TX,0x201,3,0x90,0x90,0x00,0x00,,,,,"Set torque = 0"
174342,RX,0x181,4,0x30,0x30,0x00,0x00,0x01,,,,"Speed feedback = 0 rpm"
174362,TX,0x201,3,0x90,0x90,0x00,0x00,,,,,"Set torque = 0"
174388,TX,0x201,3,0x90,0x90,0x00,0x00,,,,,"Set torque = 0"
174414,TX,0x201,3,0x90,0x90,0x00,0x00,,,,,"Set torque = 0"
174428,RX,0x181,6,0x40,0x40,0x11,0x43,0x80,0x00,0x0B,,"Status word = 0x4311"
174435,RX,0x181,4,0x30,0x30,0x00,0x00,0x01,,,,"Speed feedback = 0 rpm"
174442,TX,0x201,3,0x90,0x90,0x00,0x00,,,,,"Set torque = 0"
174469,TX,0x201,3,0x90,0x90,0x00,0x00,,,,,"Set torque = 0"
174495,TX,0x201,3,0x90,0x90,0x00,0x00,,,,,"Set torque = 0"
174521,TX,0x201,3,0x90,0x90,0x00,0x00,,,,,"Set torque = 0"
174528,RX,0x181,6,0x40,0x40,0x11,0x43,0x80,0x00,0x0B,,"Status word = 0x4311"
174535,RX,0x181,4,0x30,0x30,0x00,0x00,0x01,,,,"Speed feedback = 0 rpm"
174547,TX,0x201,3,0x90,0x90,0x00,0x00,,,,,"Set torque = 0"
174573,TX,0x201,3,0x90,0x90,0x00,0x00,,,,,"Set torque = 0"
174600,TX,0x201,3,0x90,0x90,0x00,0x00,,,,,"Set torque = 0"
174626,TX,0x201,3,0x90,0x90,0x00,0x00,,,,,"Set torque = 0"
174632,RX,0x181,6,0x40,0x40,0x11,0x43,0x80,0x00,0x0B,,"Status word = 0x4311"
174639,RX,0x181,4,0x30,0x30,0x00,0x00,0x01,,,,"Speed feedback = 0 rpm"
174652,TX,0x201,3,0x90,0x90,0x00,0x00,,,,,"Set torque = 0"
174678,TX,0x201,3,0x90,0x90,0x00,0x00,,,,,"Set torque = 0"
174704,TX,0x201,3,0x90,0x90,0x00,0x00,,,,,"Set torque = 0"
174728,RX,0x181,6,0x40,0x40,0x11,0x43,0x80,0x00,0x0B,,"Status word = 0x4311"
174734,TX,0x201,3,0x90,0x90,0x00,0x00,,,,,"Set torque = 0"
174741,RX,0x181,4,0x30,0x30,0x00,0x00,0x01,,,,"Speed feedback = 0 rpm"
174761,TX,0x201,3,0x90,0x90,0x00,0x00,,,,,"Set torque = 0"
174787,TX,0x201,3,0x90,0x90,0x00,0x00,,,,,"Set torque = 0"
174813,TX,0x201,3,0x90,0x90,0x00,0x00,,,,,"Set torque = 0"
174827,RX,0x181,6,0x40,0x40,0x11,0x43,0x80,0x00,0x0B,,"Status word = 0x4311"
174834,RX,0x181,4,0x30,0x30,0x00,0x00,0x01,,,,"Speed feedback = 0 rpm"
174841,TX,0x201,3,0x90,0x90,0x00,0x00,,,,,"Set torque = 0"
174868,TX,0x201,3,0x90,0x90,0x00,0x00,,,,,"Set torque = 0"
174894,TX,0x201,3,0x90,0x90,0x00,0x00,,,,,"Set torque = 0"
174921,TX,0x201,3,0x90,0x90,0x00,0x00,,,,,"Set torque = 0"
174927,RX,0x181,6,0x40,0x40,0x11,0x43,0x80,0x00,0x0B,,"Status word = 0x4311"
174934,RX,0x181,4,0x30,0x30,0x00,0x00,0x01,,,,"Speed feedback = 0 rpm"
174947,TX,0x201,3,0x90,0x90,0x00,0x00,,,,,"Set torque = 0"
174973,TX,0x201,3,0x90,0x90,0x00,0x00,,,,,"Set torque = 0"
174999,TX,0x201,3,0x90,0x90,0x00,0x00,,,,,"Set torque = 0"
175025,TX,0x201,3,0x90,0x90,0x00,0x00,,,,,"Set torque = 0"
175031,RX,0x181,6,0x40,0x40,0x11,0x43,0x80,0x00,0x0B,,"Status word = 0x4311"
175038,RX,0x181,4,0x30,0x30,0x00,0x00,0x01,,,,"Speed feedback = 0 rpm"
175051,TX,0x201,3,0x90,0x90,0x00,0x00,,,,,"Set torque = 0"
175077,TX,0x201,3,0x90,0x90,0x00,0x00,,,,,"Set torque = 0"
175103,TX,0x201,3,0x90,0x90,0x00,0x00,,,,,"Set torque = 0"
175127,RX,0x181,6,0x40,0x40,0x11,0x43,0x80,0x00,0x0B,,"Status word = 0x4311"
175134,TX,0x201,3,0x90,0x90,0x00,0x00,,,,,"Set torque = 0"
175140,RX,0x181,4,0x30,0x30,0x00,0x00,0x01,,,,"Speed feedback = 0 rpm"
175160,TX,0x201,3,0x90,0x90,0x00,0x00,,,,,"Set torque = 0"
175186,TX,0x201,3,0x90,0x90,0x00,0x00,,,,,"Set torque = 0"
175212,TX,0x201,3,0x90,0x90,0x00,0x00,,,,,"Set torque = 0"
175227,RX,0x181,6,0x40,0x40,0x11,0x43,0x80,0x00,0x0B,,"Status word = 0x4311"
175234,RX,0x181,4,0x30,0x30,0x00,0x00,0x01,,,,"Speed feedback = 0 rpm"
175240,TX,0x201,3,0x90,0x90,0x00,0x00,,,,,"Set torque = 0"
175267,TX,0x201,3,0x90,0x90,0x00,0x00,,,,,"Set torque = 0"
175293,TX,0x201,3,0x90,0x90,0x00,0x00,,,,,"Set torque = 0"
175319,TX,0x201,3,0x90,0x90,0x00,0x00,,,,,"Set torque = 0"
175327,RX,0x181,6,0x40,0x40,0x11,0x43,0x80,0x00,0x0B,,"Status word = 0x4311"
175334,RX,0x181,4,0x30,0x30,0x00,0x00,0x01,,,,"Speed feedback = 0 rpm"
175345,TX,0x201,3,0x90,0x90,0x00,0x00,,,,,"Set torque = 0"
175372,TX,0x201,3,0x90,0x90,0x00,0x00,,,,,"Set torque = 0"
175398,TX,0x201,3,0x90,0x90,0x00,0x00,,,,,"Set torque = 0"
175424,TX,0x201,3,0x90,0x90,0x00,0x00,,,,,"Set torque = 0"
175430,RX,0x181,6,0x40,0x40,0x11,0x43,0x80,0x00,0x0B,,"Status word = 0x4311"
175437,RX,0x181,4,0x30,0x30,0x00,0x00,0x01,,,,"Speed feedback = 0 rpm"
175450,TX,0x201,3,0x90,0x90,0x00,0x00,,,,,"Set torque = 0"
175476,TX,0x201,3,0x90,0x90,0x00,0x00,,,,,"Set torque = 0"
175502,TX,0x201,3,0x90,0x90,0x00,0x00,,,,,"Set torque = 0"
175526,RX,0x181,6,0x40,0x40,0x11,0x43,0x80,0x00,0x0B,,"Status word = 0x4311"
175533,RX,0x181,4,0x30,0x30,0x00,0x00,0x01,,,,"Speed feedback = 0 rpm"
175540,TX,0x201,3,0x90,0x90,0x00,0x00,,,,,"Set torque = 0"
175567,TX,0x201,3,0x90,0x90,0x00,0x00,,,,,"Set torque = 0"
175593,TX,0x201,3,0x90,0x90,0x00,0x00,,,,,"Set torque = 0"
175619,TX,0x201,3,0x90,0x90,0x00,0x00,,,,,"Set torque = 0"
175626,RX,0x181,6,0x40,0x40,0x11,0x43,0x80,0x00,0x0B,,"Status word = 0x4311"
175633,RX,0x181,4,0x30,0x30,0x00,0x00,0x01,,,,"Speed feedback = 0 rpm"
175645,TX,0x201,3,0x90,0x90,0x00,0x00,,,,,"Set torque = 0"
175671,TX,0x201,3,0x90,0x90,0x00,0x00,,,,,"Set torque = 0"
175698,TX,0x201,3,0x90,0x90,0x00,0x00,,,,,"Set torque = 0"
175724,TX,0x201,3,0x90,0x90,0x00,0x00,,,,,"Set torque = 0"
175730,RX,0x181,6,0x40,0x40,0x11,0x43,0x80,0x00,0x0B,,"Status word = 0x4311"
175737,RX,0x181,4,0x30,0x30,0x00,0x00,0x01,,,,"Speed feedback = 0 rpm"
175750,TX,0x201,3,0x90,0x90,0x00,0x00,,,,,"Set torque = 0"
175776,TX,0x201,3,0x90,0x90,0x00,0x00,,,,,"Set torque = 0"
175802,TX,0x201,3,0x90,0x90,0x00,0x00,,,,,"Set torque = 0"
175826,RX,0x181,6,0x40,0x40,0x11,0x43,0x80,0x00,0x0B,,"Status word = 0x4311"
175833,TX,0x201,3,0x90,0x90,0x00,0x00,,,,,"Set torque = 0"
175840,RX,0x181,4,0x30,0x30,0x00,0x00,0x01,,,,"Speed feedback = 0 rpm"
175860,TX,0x201,3,0x90,0x90,0x00,0x00,,,,,"Set torque = 0"
175886,TX,0x201,3,0x90,0x90,0x00,0x00,,,,,"Set torque = 0"
175915,TX,0x201,3,0x90,0x90,0x00,0x00,,,,,"Set torque = 0"
175926,RX,0x181,6,0x40,0x40,0x11,0x43,0x80,0x00,0x0B,,"Status word = 0x4311"
175933,RX,0x181,4,0x30,0x30,0x00,0x00,0x01,,,,"Speed feedback = 0 rpm"
175941,TX,0x201,3,0x90,0x90,0x00,0x00,,,,,"Set torque = 0"
175967,TX,0x201,3,0x90,0x90,0x00,0x00,,,,,"Set torque = 0"
175994,TX,0x201,3,0x90,0x90,0x00,0x00,,,,,"Set torque = 0"
176020,TX,0x201,3,0x90,0x90,0x00,0x00,,,,,"Set torque = 0"
176026,RX,0x181,6,0x40,0x40,0x11,0x43,0x80,0x00,0x0B,,"Status word = 0x4311"
176033,RX,0x181,4,0x30,0x30,0x00,0x00,0x01,,,,"Speed feedback = 0 rpm"
176046,TX,0x201,3,0x90,0x90,0x00,0x00,,,,,"Set torque = 0"
176072,TX,0x201,3,0x90,0x90,0x00,0x00,,,,,"Set torque = 0"
176098,TX,0x201,3,0x90,0x90,0x00,0x00,,,,,"Set torque = 0"
176124,TX,0x201,3,0x90,0x90,0x00,0x00,,,,,"Set torque = 0"
176130,RX,0x181,6,0x40,0x40,0x11,0x43,0x80,0x00,0x0B,,"Status word = 0x4311"
176137,RX,0x181,4,0x30,0x30,0x00,0x00,0x01,,,,"Speed feedback = 0 rpm"
176150,TX,0x201,3,0x90,0x90,0x00,0x00,,,,,"Set torque = 0"
176176,TX,0x201,3,0x90,0x90,0x00,0x00,,,,,"Set torque = 0"
176202,TX,0x201,3,0x90,0x90,0x00,0x00,,,,,"Set torque = 0"
176225,RX,0x181,6,0x40,0x40,0x11,0x43,0x80,0x00,0x0B,,"Status word = 0x4311"
176232,TX,0x201,3,0x90,0x90,0x00,0x00,,,,,"Set torque = 0"
176239,RX,0x181,4,0x30,0x30,0x00,0x00,0x01,,,,"Speed feedback = 0 rpm"
176259,TX,0x201,3,0x90,0x90,0x00,0x00,,,,,"Set torque = 0"
176285,TX,0x201,3,0x90,0x90,0x00,0x00,,,,,"Set torque = 0"
176312,TX,0x201,3,0x90,0x90,0x00,0x00,,,,,"Set torque = 0"
176325,RX,0x181,6,0x40,0x40,0x11,0x43,0x80,0x00,0x0B,,"Status word = 0x4311"
176332,RX,0x181,4,0x30,0x30,0x00,0x00,0x01,,,,"Speed feedback = 0 rpm"
176339,TX,0x201,3,0x90,0x90,0x00,0x00,,,,,"Set torque = 0"
176365,TX,0x201,3,0x90,0x90,0x00,0x00,,,,,"Set torque = 0"
176391,TX,0x201,3,0x90,0x90,0x00,0x00,,,,,"Set torque = 0"
176417,TX,0x201,3,0x90,0x90,0x00,0x00,,,,,"Set torque = 0"
176425,RX,0x181,6,0x40,0x40,0x11,0x43,0x80,0x00,0x0B,,"Status word = 0x4311"
176432,RX,0x181,4,0x30,0x30,0x00,0x00,0x01,,,,"Speed feedback = 0 rpm"
176443,TX,0x201,3,0x90,0x90,0x00,0x00,,,,,"Set torque = 0"
176469,TX,0x201,3,0x90,0x90,0x00,0x00,,,,,"Set torque = 0"
176495,TX,0x201,3,0x90,0x90,0x00,0x00,,,,,"Set torque = 0"
176521,TX,0x201,3,0x90,0x90,0x00,0x00,,,,,"Set torque = 0"
176527,RX,0x181,6,0x40,0x40,0x11,0x43,0x80,0x00,0x0B,,"Status word = 0x4311"
176534,RX,0x181,4,0x30,0x30,0x00,0x00,0x01,,,,"Speed feedback = 0 rpm"
176547,TX,0x201,3,0x90,0x90,0x00,0x00,,,,,"Set torque = 0"
176573,TX,0x201,3,0x90,0x90,0x00,0x00,,,,,"Set torque = 0"
176599,TX,0x201,3,0x90,0x90,0x00,0x00,,,,,"Set torque = 0"
176625,RX,0x181,6,0x40,0x40,0x11,0x43,0x80,0x00,0x0B,,"Status word = 0x4311"
176631,TX,0x201,3,0x90,0x90,0x00,0x00,,,,,"Set torque = 0"
176638,RX,0x181,4,0x30,0x30,0x00,0x00,0x01,,,,"Speed feedback = 0 rpm"
176658,TX,0x201,3,0x90,0x90,0x00,0x00,,,,,"Set torque = 0"
176684,TX,0x201,3,0x90,0x90,0x00,0x00,,,,,"Set torque = 0"
176710,TX,0x201,3,0x90,0x90,0x00,0x00,,,,,"Set torque = 0"
176724,RX,0x181,6,0x40,0x40,0x11,0x43,0x80,0x00,0x0B,,"Status word = 0x4311"
176731,RX,0x181,4,0x30,0x30,0x00,0x00,0x01,,,,"Speed feedback = 0 rpm"
176738,TX,0x201,3,0x90,0x90,0x00,0x00,,,,,"Set torque = 0"
176765,TX,0x201,3,0x90,0x90,0x00,0x00,,,,,"Set torque = 0"
176791,TX,0x201,3,0x90,0x90,0x00,0x00,,,,,"Set torque = 0"
176817,TX,0x201,3,0x90,0x90,0x00,0x00,,,,,"Set torque = 0"
176824,RX,0x181,6,0x40,0x40,0x11,0x43,0x80,0x00,0x0B,,"Status word = 0x4311"
176831,RX,0x181,4,0x30,0x30,0x00,0x00,0x01,,,,"Speed feedback = 0 rpm"
176843,TX,0x201,3,0x90,0x90,0x00,0x00,,,,,"Set torque = 0"
176869,TX,0x201,3,0x90,0x90,0x00,0x00,,,,,"Set torque = 0"
176895,TX,0x201,3,0x90,0x90,0x00,0x00,,,,,"Set torque = 0"
176921,TX,0x201,3,0x90,0x90,0x00,0x00,,,,,"Set torque = 0"
176928,RX,0x181,6,0x40,0x40,0x11,0x43,0x80,0x00,0x0B,,"Status word = 0x4311"
176934,RX,0x181,4,0x30,0x30,0x00,0x00,0x01,,,,"Speed feedback = 0 rpm"
176948,TX,0x201,3,0x90,0x90,0x00,0x00,,,,,"Set torque = 0"
176974,TX,0x201,3,0x90,0x90,0x00,0x00,,,,,"Set torque = 0"
177003,TX,0x201,3,0x90,0x90,0x00,0x00,,,,,"Set torque = 0"
177024,RX,0x181,6,0x40,0x40,0x11,0x43,0x80,0x00,0x0B,,"Status word = 0x4311"
177031,TX,0x201,3,0x90,0x90,0x00,0x00,,,,,"Set torque = 0"
177037,RX,0x181,4,0x30,0x30,0x00,0x00,0x01,,,,"Speed feedback = 0 rpm"
177057,TX,0x201,3,0x90,0x90,0x00,0x00,,,,,"Set torque = 0"
177083,TX,0x201,3,0x90,0x90,0x00,0x00,,,,,"Set torque = 0"
177109,TX,0x201,3,0x90,0x90,0x00,0x00,,,,,"Set torque = 0"
177124,RX,0x181,6,0x40,0x40,0x11,0x43,0x80,0x00,0x0B,,"Status word = 0x4311"
177131,RX,0x181,4,0x30,0x30,0x00,0x00,0x01,,,,"Speed feedback = 0 rpm"
177138,TX,0x201,3,0x90,0x90,0x00,0x00,,,,,"Set torque = 0"
177164,TX,0x201,3,0x90,0x90,0x00,0x00,,,,,"Set torque = 0"
177190,TX,0x201,3,0x90,0x90,0x00,0x00,,,,,"Set torque = 0"
177216,TX,0x201,3,0x90,0x90,0x00,0x00,,,,,"Set torque = 0"
177224,RX,0x181,6,0x40,0x40,0x11,0x43,0x80,0x00,0x0B,,"Status word = 0x4311"
177231,RX,0x181,4,0x30,0x30,0x00,0x00,0x01,,,,"Speed feedback = 0 rpm"
177243,TX,0x201,3,0x90,0x90,0x00,0x00,,,,,"Set torque = 0"
177269,TX,0x201,3,0x90,0x90,0x00,0x00,,,,,"Set torque = 0"
177295,TX,0x201,3,0x90,0x90,0x00,0x00,,,,,"Set torque = 0"
177321,TX,0x201,3,0x90,0x90,0x00,0x00,,,,,"Set torque = 0"
177327,RX,0x181,6,0x40,0x40,0x11,0x43,0x80,0x00,0x0B,,"Status word = 0x4311"
177334,RX,0x181,4,0x30,0x30,0x00,0x00,0x01,,,,"Speed feedback = 0 rpm"
177347,TX,0x201,3,0x90,0x90,0x00,0x00,,,,,"Set torque = 0"
177374,TX,0x201,3,0x90,0x90,0x00,0x00,,,,,"Set torque = 0"
177400,TX,0x201,3,0x90,0x90,0x00,0x00,,,,,"Set torque = 0"
177423,RX,0x181,6,0x40,0x40,0x11,0x43,0x80,0x00,0x0B,,"Status word = 0x4311"
177430,TX,0x201,3,0x90,0x90,0x00,0x00,,,,,"Set torque = 0"
177437,RX,0x181,4,0x30,0x30,0x00,0x00,0x01,,,,"Speed feedback = 0 rpm"
177457,TX,0x201,3,0x90,0x90,0x00,0x00,,,,,"Set torque = 0"
177483,TX,0x201,3,0x90,0x90,0x00,0x00,,,,,"Set torque = 0"
177509,TX,0x201,3,0x90,0x90,0x00,0x00,,,,,"Set torque = 0"
177523,RX,0x181,6,0x40,0x40,0x11,0x43,0x80,0x00,0x0B,,"Status word = 0x4311"
177598,RX,0x181,4,0x30,0x30,0x00,0x00,0x01,,,,"Speed feedback = 0 rpm"
177604,TX,0x201,3,0x90,0x90,0x00,0x00,,,,,"Set torque = 0"
177623,RX,0x181,6,0x40,0x40,0x11,0x43,0x80,0x00,0x0B,,"Status word = 0x4311"
177630,RX,0x181,4,0x30,0x30,0x00,0x00,0x01,,,,"Speed feedback = 0 rpm"
177637,TX,0x201,3,0x90,0x90,0x00,0x00,,,,,"Set torque = 0"
177663,TX,0x201,3,0x90,0x90,0x00,0x00,,,,,"Set torque = 0"
177689,TX,0x201,3,0x90,0x90,0x00,0x00,,,,,"Set torque = 0"
177715,TX,0x201,3,0x90,0x90,0x00,0x00,,,,,"Set torque = 0"
177723,RX,0x181,6,0x40,0x40,0x11,0x43,0x80,0x00,0x0B,,"Status word = 0x4311"
177730,RX,0x181,4,0x30,0x30,0x00,0x00,0x01,,,,"Speed feedback = 0 rpm"
177741,TX,0x201,3,0x90,0x90,0x00,0x00,,,,,"Set torque = 0"
177767,TX,0x201,3,0x90,0x90,0x00,0x00,,,,,"Set torque = 0"
177793,TX,0x201,3,0x90,0x90,0x00,0x00,,,,,"Set torque = 0"
177819,TX,0x201,3,0x90,0x90,0x00,0x00,,,,,"Set torque = 0"
177825,RX,0x181,6,0x40,0x40,0x11,0x43,0x80,0x00,0x0B,,"Status word = 0x4311"
177832,RX,0x181,4,0x30,0x30,0x00,0x00,0x01,,,,"Speed feedback = 0 rpm"
177845,TX,0x201,3,0x90,0x90,0x00,0x00,,,,,"Set torque = 0"
177871,TX,0x201,3,0x90,0x90,0x00,0x00,,,,,"Set torque = 0"
177898,TX,0x201,3,0x90,0x90,0x00,0x00,,,,,"Set torque = 0"
177922,RX,0x181,6,0x40,0x40,0x11,0x43,0x80,0x00,0x0B,,"Status word = 0x4311"
177929,TX,0x201,3,0x90,0x90,0x00,0x00,,,,,"Set torque = 0"
177936,RX,0x181,4,0x30,0x30,0x00,0x00,0x01,,,,"Speed feedback = 0 rpm"
177956,TX,0x201,3,0x90,0x90,0x00,0x00,,,,,"Set torque = 0"
177982,TX,0x201,3,0x90,0x90,0x00,0x00,,,,,"Set torque = 0"
178070,RX,0x181,6,0x40,0x40,0x11,0x43,0x80,0x00,0x0B,,"Status word = 0x4311"
178077,RX,0x181,4,0x30,0x30,0x00,0x00,0x01,,,,"Speed feedback = 0 rpm"
178090,TX,0x201,3,0x90,0x90,0x00,0x00,,,,,"Set torque = 0"
178117,TX,0x201,3,0x90,0x90,0x00,0x00,,,,,"Set torque = 0"
178123,RX,0x181,6,0x40,0x40,0x11,0x43,0x80,0x00,0x0B,,"Status word = 0x4311"
178130,RX,0x181,4,0x30,0x30,0x00,0x00,0x01,,,,"Speed feedback = 0 rpm"
178143,TX,0x201,3,0x90,0x90,0x00,0x00,,,,,"Set torque = 0"
178169,TX,0x201,3,0x90,0x90,0x00,0x00,,,,,"Set torque = 0"
178195,TX,0x201,3,0x90,0x90,0x00,0x00,,,,,"Set torque = 0"
178221,TX,0x201,3,0x90,0x90,0x00,0x00,,,,,"Set torque = 0"
178227,RX,0x181,6,0x40,0x40,0x11,0x43,0x80,0x00,0x0B,,"Status word = 0x4311"
178234,RX,0x181,4,0x30,0x30,0x00,0x00,0x01,,,,"Speed feedback = 0 rpm"
178247,TX,0x201,3,0x90,0x90,0x00,0x00,,,,,"Set torque = 0"
178273,TX,0x201,3,0x90,0x90,0x00,0x00,,,,,"Set torque = 0"
178299,TX,0x201,3,0x90,0x90,0x00,0x00,,,,,"Set torque = 0"
178322,RX,0x181,6,0x40,0x40,0x11,0x43,0x80,0x00,0x0B,,"Status word = 0x4311"
178329,TX,0x201,3,0x90,0x90,0x00,0x00,,,,,"Set torque = 0"
178335,RX,0x181,4,0x30,0x30,0x00,0x00,0x01,,,,"Speed feedback = 0 rpm"
178355,TX,0x201,3,0x90,0x90,0x00,0x00,,,,,"Set torque = 0"
178381,TX,0x201,3,0x90,0x90,0x00,0x00,,,,,"Set torque = 0"
178407,TX,0x201,3,0x90,0x90,0x00,0x00,,,,,"Set torque = 0"
178422,RX,0x181,6,0x40,0x40,0x11,0x43,0x80,0x00,0x0B,,"Status word = 0x4311"
178429,RX,0x181,4,0x30,0x30,0x00,0x00,0x01,,,,"Speed feedback = 0 rpm"
178435,TX,0x201,3,0x90,0x90,0x00,0x00,,,,,"Set torque = 0"
178531,RX,0x181,6,0x40,0x40,0x11,0x43,0x80,0x00,0x0B,,"Status word = 0x4311"
178538,RX,0x181,4,0x30,0x30,0x00,0x00,0x01,,,,"Speed feedback = 0 rpm"
178551,TX,0x201,3,0x90,0x90,0x00,0x00,,,,,"Set torque = 0"
178577,TX,0x201,3,0x90,0x90,0x00,0x00,,,,,"Set torque = 0"
178603,TX,0x201,3,0x90,0x90,0x00,0x00,,,,,"Set torque = 0"
178621,RX,0x181,6,0x40,0x40,0x11,0x43,0x80,0x00,0x0B,,"Status word = 0x4311"
178628,RX,0x181,4,0x30,0x30,0x00,0x00,0x01,,,,"Speed feedback = 0 rpm"
178635,TX,0x201,3,0x90,0x90,0x00,0x00,,,,,"Set torque = 0"
178662,TX,0x201,3,0x90,0x90,0x00,0x00,,,,,"Set torque = 0"
178688,TX,0x201,3,0x90,0x90,0x00,0x00,,,,,"Set torque = 0"
178714,TX,0x201,3,0x90,0x90,0x00,0x00,,,,,"Set torque = 0"
178721,RX,0x181,6,0x40,0x40,0x11,0x43,0x80,0x00,0x0B,,"Status word = 0x4311"
178728,RX,0x181,4,0x30,0x30,0x00,0x00,0x01,,,,"Speed feedback = 0 rpm"
178740,TX,0x201,3,0x90,0x90,0x00,0x00,,,,,"Set torque = 0"
178766,TX,0x201,3,0x90,0x90,0x00,0x00,,,,,"Set torque = 0"
178793,TX,0x201,3,0x90,0x90,0x00,0x00,,,,,"Set torque = 0"
178819,TX,0x201,3,0x90,0x90,0x00,0x00,,,,,"Set torque = 0"
178825,RX,0x181,6,0x40,0x40,0x11,0x43,0x80,0x00,0x0B,,"Status word = 0x4311"
178832,RX,0x181,4,0x30,0x30,0x00,0x00,0x01,,,,"Speed feedback = 0 rpm"
178845,TX,0x201,3,0x90,0x90,0x00,0x00,,,,,"Set torque = 0"
178871,TX,0x201,3,0x90,0x90,0x00,0x00,,,,,"Set torque = 0"
178897,TX,0x201,3,0x90,0x90,0x00,0x00,,,,,"Set torque = 0"
178921,RX,0x181,6,0x40,0x40,0x11,0x43,0x80,0x00,0x0B,,"Status word = 0x4311"
178928,TX,0x201,3,0x90,0x90,0x00,0x00,,,,,"Set torque = 0"
179024,RX,0x181,4,0x30,0x30,0x00,0x00,0x01,,,,"Speed feedback = 0 rpm"
179031,RX,0x181,4,0x30,0x30,0x00,0x00,0x01,,,,"Speed feedback = 0 rpm"
179037,RX,0x181,6,0x40,0x40,0x11,0x43,0x80,0x00,0x0B,,"Status word = 0x4311"
179044,TX,0x201,3,0x90,0x90,0x00,0x00,,,,,"Set torque = 0"
179071,TX,0x201,3,0x90,0x90,0x00,0x00,,,,,"Set torque = 0"
179097,TX,0x201,3,0x90,0x90,0x00,0x00,,,,,"Set torque = 0"
179121,RX,0x181,6,0x40,0x40,0x11,0x43,0x80,0x00,0x0B,,"Status word = 0x4311"
179127,TX,0x201,3,0x90,0x90,0x00,0x00,,,,,"Set torque = 0"
179134,RX,0x181,4,0x30,0x30,0x00,0x00,0x01,,,,"Speed feedback = 0 rpm"
179154,TX,0x201,3,0x90,0x90,0x00,0x00,,,,,"Set torque = 0"
179180,TX,0x201,3,0x90,0x90,0x00,0x00,,,,,"Set torque = 0"
179206,TX,0x201,3,0x90,0x90,0x00,0x00,,,,,"Set torque = 0"
179220,RX,0x181,6,0x40,0x40,0x11,0x43,0x80,0x00,0x0B,,"Status word = 0x4311"
179227,RX,0x181,4,0x30,0x30,0x00,0x00,0x01,,,,"Speed feedback = 0 rpm"
179234,TX,0x201,3,0x90,0x90,0x00,0x00,,,,,"Set torque = 0"
179261,TX,0x201,3,0x90,0x90,0x00,0x00,,,,,"Set torque = 0"
179287,TX,0x201,3,0x90,0x90,0x00,0x00,,,,,"Set torque = 0"
179313,TX,0x201,3,0x90,0x90,0x00,0x00,,,,,"Set torque = 0"
179320,RX,0x181,6,0x40,0x40,0x11,0x43,0x80,0x00,0x0B,,"Status word = 0x4311"
179327,RX,0x181,4,0x30,0x30,0x00,0x00,0x01,,,,"Speed feedback = 0 rpm"
179340,TX,0x201,3,0x90,0x90,0x00,0x00,,,,,"Set torque = 0"
179366,TX,0x201,3,0x90,0x90,0x00,0x00,,,,,"Set torque = 0"
179392,TX,0x201,3,0x90,0x90,0x00,0x00,,,,,"Set torque = 0"
179418,TX,0x201,3,0x90,0x90,0x00,0x00,,,,,"Set torque = 0"
179506,RX,0x181,6,0x40,0x40,0x11,0x43,0x80,0x00,0x0B,,"Status word = 0x4311"
179512,RX,0x181,4,0x30,0x30,0x00,0x00,0x01,,,,"Speed feedback = 0 rpm"
179520,RX,0x181,6,0x40,0x40,0x11,0x43,0x80,0x00,0x0B,,"Status word = 0x4311"
179527,RX,0x181,4,0x30,0x30,0x00,0x00,0x01,,,,"Speed feedback = 0 rpm"
179534,TX,0x201,3,0x90,0x90,0x00,0x00,,,,,"Set torque = 0"
179561,TX,0x201,3,0x90,0x90,0x00,0x00,,,,,"Set torque = 0"
179587,TX,0x201,3,0x90,0x90,0x00,0x00,,,,,"Set torque = 0"
179613,TX,0x201,3,0x90,0x90,0x00,0x00,,,,,"Set torque = 0"
179620,RX,0x181,6,0x40,0x40,0x11,0x43,0x80,0x00,0x0B,,"Status word = 0x4311"
179627,RX,0x181,4,0x30,0x30,0x00,0x00,0x01,,,,"Speed feedback = 0 rpm"
179639,TX,0x201,3,0x90,0x90,0x00,0x00,,,,,"Set torque = 0"
179665,TX,0x201,3,0x90,0x90,0x00,0x00,,,,,"Set torque = 0"
179692,TX,0x201,3,0x90,0x90,0x00,0x00,,,,,"Set torque = 0"
179718,TX,0x201,3,0x90,0x90,0x00,0x00,,,,,"Set torque = 0"
179724,RX,0x181,6,0x40,0x40,0x11,0x43,0x80,0x00,0x0B,,"Status word = 0x4311"
179731,RX,0x181,4,0x30,0x30,0x00,0x00,0x01,,,,"Speed feedback = 0 rpm"
179744,TX,0x201,3,0x90,0x90,0x00,0x00,,,,,"Set torque = 0"
179770,TX,0x201,3,0x90,0x90,0x00,0x00,,,,,"Set torque = 0"
179796,TX,0x201,3,0x90,0x90,0x00,0x00,,,,,"Set torque = 0"
179819,RX,0x181,6,0x40,0x40,0x11,0x43,0x80,0x00,0x0B,,"Status word = 0x4311"
179826,TX,0x201,3,0x90,0x90,0x00,0x00,,,,,"Set torque = 0"
179833,RX,0x181,4,0x30,0x30,0x00,0x00,0x01,,,,"Speed feedback = 0 rpm"
179853,TX,0x201,3,0x90,0x90,0x00,0x00,,,,,"Set torque = 0"
179879,TX,0x201,3,0x90,0x90,0x00,0x00,,,,,"Set torque = 0"
179969,RX,0x181,6,0x40,0x40,0x11,0x43,0x80,0x00,0x0B,,"Status word = 0x4311"
179976,RX,0x181,4,0x30,0x30,0x00,0x00,0x01,,,,"Speed feedback = 0 rpm"
179989,TX,0x201,3,0x90,0x90,0x00,0x00,,,,,"Set torque = 0"
180015,TX,0x201,3,0x90,0x90,0x00,0x00,,,,,"Set torque = 0"
180021,RX,0x181,6,0x40,0x40,0x11,0x43,0x80,0x00,0x0B,,"Status word = 0x4311"
180028,RX,0x181,4,0x30,0x30,0x00,0x00,0x01,,,,"Speed feedback = 0 rpm"
180041,TX,0x201,3,0x90,0x90,0x00,0x00,,,,,"Set torque = 0"
180067,TX,0x201,3,0x90,0x90,0x00,0x00,,,,,"Set torque = 0"
180093,TX,0x201,3,0x90,0x90,0x00,0x00,,,,,"Set torque = 0"
180119,TX,0x201,3,0x90,0x90,0x00,0x00,,,,,"Set torque = 0"
180125,RX,0x181,6,0x40,0x40,0x11,0x43,0x80,0x00,0x0B,,"Status word = 0x4311"
180132,RX,0x181,4,0x30,0x30,0x00,0x00,0x01,,,,"Speed feedback = 0 rpm"
180145,TX,0x201,3,0x90,0x90,0x00,0x00,,,,,"Set torque = 0"
180171,TX,0x201,3,0x90,0x90,0x00,0x00,,,,,"Set torque = 0"
180197,TX,0x201,3,0x90,0x90,0x00,0x00,,,,,"Set torque = 0"
180219,RX,0x181,6,0x40,0x40,0x11,0x43,0x80,0x00,0x0B,,"Status word = 0x4311"
180226,TX,0x201,3,0x90,0x90,0x00,0x00,,,,,"Set torque = 0"
180232,RX,0x181,4,0x30,0x30,0x00,0x00,0x01,,,,"Speed feedback = 0 rpm"
180252,TX,0x201,3,0x90,0x90,0x00,0x00,,,,,"Set torque = 0"
180278,TX,0x201,3,0x90,0x90,0x00,0x00,,,,,"Set torque = 0"
180304,TX,0x201,3,0x90,0x90,0x00,0x00,,,,,"Set torque = 0"
180319,RX,0x181,6,0x40,0x40,0x11,0x43,0x80,0x00,0x0B,,"Status word = 0x4311"
180326,RX,0x181,4,0x30,0x30,0x00,0x00,0x01,,,,"Speed feedback = 0 rpm"
180332,TX,0x201,3,0x90,0x90,0x00,0x00,,,,,"Set torque = 0"
180424,RX,0x181,6,0x40,0x40,0x11,0x43,0x80,0x00,0x0B,,"Status word = 0x4311"
180431,RX,0x181,4,0x30,0x30,0x00,0x00,0x01,,,,"Speed feedback = 0 rpm"
180444,TX,0x201,3,0x90,0x90,0x00,0x00,,,,,"Set torque = 0"
180470,TX,0x201,3,0x90,0x90,0x00,0x00,,,,,"Set torque = 0"
180496,TX,0x201,3,0x90,0x90,0x00,0x00,,,,,"Set torque = 0"
180518,RX,0x181,6,0x40,0x40,0x11,0x43,0x80,0x00,0x0B,,"Status word = 0x4311"
180525,TX,0x201,3,0x90,0x90,0x00,0x00,,,,,"Set torque = 0"
180532,RX,0x181,4,0x30,0x30,0x00,0x00,0x01,,,,"Speed feedback = 0 rpm"
180552,TX,0x201,3,0x90,0x90,0x00,0x00,,,,,"Set torque = 0"
180579,TX,0x201,3,0x90,0x90,0x00,0x00,,,,,"Set torque = 0"
180605,TX,0x201,3,0x90,0x90,0x00,0x00,,,,,"Set torque = 0"
180618,RX,0x181,6,0x40,0x40,0x11,0x43,0x80,0x00,0x0B,,"Status word = 0x4311"
180626,RX,0x181,4,0x30,0x30,0x00,0x00,0x01,,,,"Speed feedback = 0 rpm"
180633,TX,0x201,3,0x90,0x90,0x00,0x00,,,,,"Set torque = 0"
180660,TX,0x201,3,0x90,0x90,0x00,0x00,,,,,"Set torque = 0"
180686,TX,0x201,3,0x90,0x90,0x00,0x00,,,,,"Set torque = 0"
180712,TX,0x201,3,0x90,0x90,0x00,0x00,,,,,"Set torque = 0"
180718,RX,0x181,6,0x40,0x40,0x11,0x43,0x80,0x00,0x0B,,"Status word = 0x4311"
180725,RX,0x181,4,0x30,0x30,0x00,0x00,0x01,,,,"Speed feedback = 0 rpm"
180738,TX,0x201,3,0x90,0x90,0x00,0x00,,,,,"Set torque = 0"
180764,TX,0x201,3,0x90,0x90,0x00,0x00,,,,,"Set torque = 0"
180790,TX,0x201,3,0x90,0x90,0x00,0x00,,,,,"Set torque = 0"
180816,TX,0x201,3,0x90,0x90,0x00,0x00,,,,,"Set torque = 0"
180822,RX,0x181,6,0x40,0x40,0x11,0x43,0x80,0x00,0x0B,,"Status word = 0x4311"
180915,RX,0x181,4,0x30,0x30,0x00,0x00,0x01,,,,"Speed feedback = 0 rpm"
180921,RX,0x181,6,0x40,0x40,0x11,0x43,0x80,0x00,0x0B,,"Status word = 0x4311"
180928,RX,0x181,4,0x30,0x30,0x00,0x00,0x01,,,,"Speed feedback = 0 rpm"
180935,TX,0x201,3,0x90,0x90,0x00,0x00,,,,,"Set torque = 0"
180962,TX,0x201,3,0x90,0x90,0x00,0x00,,,,,"Set torque = 0"
180988,TX,0x201,3,0x90,0x90,0x00,0x00,,,,,"Set torque = 0"
181014,TX,0x201,3,0x90,0x90,0x00,0x00,,,,,"Set torque = 0"
181020,RX,0x181,6,0x40,0x40,0x11,0x43,0x80,0x00,0x0B,,"Status word = 0x4311"
181027,RX,0x181,4,0x30,0x30,0x00,0x00,0x01,,,,"Speed feedback = 0 rpm"
181040,TX,0x201,3,0x90,0x90,0x00,0x00,,,,,"Set torque = 0"
181066,TX,0x201,3,0x90,0x90,0x00,0x00,,,,,"Set torque = 0"
181092,TX,0x201,3,0x90,0x90,0x00,0x00,,,,,"Set torque = 0"
181117,RX,0x181,6,0x40,0x40,0x11,0x43,0x80,0x00,0x0B,,"Status word = 0x4311"
181124,TX,0x201,3,0x90,0x90,0x00,0x00,,,,,"Set torque = 0"
181131,RX,0x181,4,0x30,0x30,0x00,0x00,0x01,,,,"Speed feedback = 0 rpm"
181151,TX,0x201,3,0x90,0x90,0x00,0x00,,,,,"Set torque = 0"
181177,TX,0x201,3,0x90,0x90,0x00,0x00,,,,,"Set torque = 0"
181203,TX,0x201,3,0x90,0x90,0x00,0x00,,,,,"Set torque = 0"
181217,RX,0x181,6,0x40,0x40,0x11,0x43,0x80,0x00,0x0B,,"Status word = 0x4311"
181224,RX,0x181,4,0x30,0x30,0x00,0x00,0x01,,,,"Speed feedback = 0 rpm"
181231,TX,0x201,3,0x90,0x90,0x00,0x00,,,,,"Set torque = 0"
181258,TX,0x201,3,0x90,0x90,0x00,0x00,,,,,"Set torque = 0"
181284,TX,0x201,3,0x90,0x90,0x00,0x00,,,,,"Set torque = 0"
181310,TX,0x201,3,0x90,0x90,0x00,0x00,,,,,"Set torque = 0"
181403,RX,0x181,6,0x40,0x40,0x11,0x43,0x80,0x00,0x0B,,"Status word = 0x4311"
181410,RX,0x181,4,0x30,0x30,0x00,0x00,0x01,,,,"Speed feedback = 0 rpm"
181417,RX,0x181,6,0x40,0x40,0x11,0x43,0x80,0x00,0x0B,,"Status word = 0x4311"
181424,TX,0x201,3,0x90,0x90,0x00,0x00,,,,,"Set torque = 0"
181430,RX,0x181,4,0x30,0x30,0x00,0x00,0x01,,,,"Speed feedback = 0 rpm"
181450,TX,0x201,3,0x90,0x90,0x00,0x00,,,,,"Set torque = 0"
181477,TX,0x201,3,0x90,0x90,0x00,0x00,,,,,"Set torque = 0"
181503,TX,0x201,3,0x90,0x90,0x00,0x00,,,,,"Set torque = 0"
181517,RX,0x181,6,0x40,0x40,0x11,0x43,0x80,0x00,0x0B,,"Status word = 0x4311"
181524,RX,0x181,4,0x30,0x30,0x00,0x00,0x01,,,,"Speed feedback = 0 rpm"
181531,TX,0x201,3,0x90,0x90,0x00,0x00,,,,,"Set torque = 0"
181557,TX,0x201,3,0x90,0x90,0x00,0x00,,,,,"Set torque = 0"
181583,TX,0x201,3,0x90,0x90,0x00,0x00,,,,,"Set torque = 0"
181609,TX,0x201,3,0x90,0x90,0x00,0x00,,,,,"Set torque = 0"
181617,RX,0x181,6,0x40,0x40,0x11,0x43,0x80,0x00,0x0B,,"Status word = 0x4311"
181624,RX,0x181,4,0x30,0x30,0x00,0x00,0x01,,,,"Speed feedback = 0 rpm"
181635,TX,0x201,3,0x90,0x90,0x00,0x00,,,,,"Set torque = 0"
181661,TX,0x201,3,0x90,0x90,0x00,0x00,,,,,"Set torque = 0"
181687,TX,0x201,3,0x90,0x90,0x00,0x00,,,,,"Set torque = 0"
181713,TX,0x201,3,0x90,0x90,0x00,0x00,,,,,"Set torque = 0"
181719,RX,0x181,6,0x40,0x40,0x11,0x43,0x80,0x00,0x0B,,"Status word = 0x4311"
181726,RX,0x181,4,0x30,0x30,0x00,0x00,0x01,,,,"Speed feedback = 0 rpm"
181739,TX,0x201,3,0x90,0x90,0x00,0x00,,,,,"Set torque = 0"
181765,TX,0x201,3,0x90,0x90,0x00,0x00,,,,,"Set torque = 0"
181858,RX,0x181,6,0x40,0x40,0x11,0x43,0x80,0x00,0x0B,,"Status word = 0x4311"
181865,RX,0x181,4,0x30,0x30,0x00,0x00,0x01,,,,"Speed feedback = 0 rpm"
181878,TX,0x201,3,0x90,0x90,0x00,0x00,,,,,"Set torque = 0"
181904,TX,0x201,3,0x90,0x90,0x00,0x00,,,,,"Set torque = 0"
181916,RX,0x181,6,0x40,0x40,0x11,0x43,0x80,0x00,0x0B,,"Status word = 0x4311"
181923,RX,0x181,4,0x30,0x30,0x00,0x00,0x01,,,,"Speed feedback = 0 rpm"
181930,TX,0x201,3,0x90,0x90,0x00,0x00,,,,,"Set torque = 0"
181957,TX,0x201,3,0x90,0x90,0x00,0x00,,,,,"Set torque = 0"
181984,TX,0x201,3,0x90,0x90,0x00,0x00,,,,,"Set torque = 0"
182010,TX,0x201,3,0x90,0x90,0x00,0x00,,,,,"Set torque = 0"
182016,RX,0x181,6,0x40,0x40,0x11,0x43,0x80,0x00,0x0B,,"Status word = 0x4311"
182023,RX,0x181,4,0x30,0x30,0x00,0x00,0x01,,,,"Speed feedback = 0 rpm"
182036,TX,0x201,3,0x90,0x90,0x00,0x00,,,,,"Set torque = 0"
182062,TX,0x201,3,0x90,0x90,0x00,0x00,,,,,"Set torque = 0"
182088,TX,0x201,3,0x90,0x90,0x00,0x00,,,,,"Set torque = 0"
182114,TX,0x201,3,0x90,0x90,0x00,0x00,,,,,"Set torque = 0"
182120,RX,0x181,6,0x40,0x40,0x11,0x43,0x80,0x00,0x0B,,"Status word = 0x4311"
182127,RX,0x181,4,0x30,0x30,0x00,0x00,0x01,,,,"Speed feedback = 0 rpm"
182140,TX,0x201,3,0x90,0x90,0x00,0x00,,,,,"Set torque = 0"
182166,TX,0x201,3,0x90,0x90,0x00,0x00,,,,,"Set torque = 0"
182192,TX,0x201,3,0x90,0x90,0x00,0x00,,,,,"Set torque = 0"
182216,RX,0x181,6,0x40,0x40,0x11,0x43,0x80,0x00,0x0B,,"Status word = 0x4311"
182222,TX,0x201,3,0x90,0x90,0x00,0x00,,,,,"Set torque = 0"
182313,RX,0x181,4,0x30,0x30,0x00,0x00,0x01,,,,"Speed feedback = 0 rpm"
182320,RX,0x181,6,0x40,0x40,0x11,0x43,0x80,0x00,0x0B,,"Status word = 0x4311"
182327,RX,0x181,4,0x30,0x30,0x00,0x00,0x01,,,,"Speed feedback = 0 rpm"
182334,TX,0x201,3,0x90,0x90,0x00,0x00,,,,,"Set torque = 0"
182361,TX,0x201,3,0x90,0x90,0x00,0x00,,,,,"Set torque = 0"
182387,TX,0x201,3,0x90,0x90,0x00,0x00,,,,,"Set torque = 0"
182413,TX,0x201,3,0x90,0x90,0x00,0x00,,,,,"Set torque = 0"
182419,RX,0x181,6,0x40,0x40,0x11,0x43,0x80,0x00,0x0B,,"Status word = 0x4311"
182426,RX,0x181,4,0x30,0x30,0x00,0x00,0x01,,,,"Speed feedback = 0 rpm"
182439,TX,0x201,3,0x90,0x90,0x00,0x00,,,,,"Set torque = 0"
182465,TX,0x201,3,0x90,0x90,0x00,0x00,,,,,"Set torque = 0"
182491,TX,0x201,3,0x90,0x90,0x00,0x00,,,,,"Set torque = 0"
182515,RX,0x181,6,0x40,0x40,0x11,0x43,0x80,0x00,0x0B,,"Status word = 0x4311"
182522,TX,0x201,3,0x90,0x90,0x00,0x00,,,,,"Set torque = 0"
182529,RX,0x181,4,0x30,0x30,0x00,0x00,0x01,,,,"Speed feedback = 0 rpm"
182549,TX,0x201,3,0x90,0x90,0x00,0x00,,,,,"Set torque = 0"
182575,TX,0x201,3,0x90,0x90,0x00,0x00,,,,,"Set torque = 0"
182601,TX,0x201,3,0x90,0x90,0x00,0x00,,,,,"Set torque = 0"
182615,RX,0x181,6,0x40,0x40,0x11,0x43,0x80,0x00,0x0B,,"Status word = 0x4311"
182622,RX,0x181,4,0x30,0x30,0x00,0x00,0x01,,,,"Speed feedback = 0 rpm"
182629,TX,0x201,3,0x90,0x90,0x00,0x00,,,,,"Set torque = 0"
182656,TX,0x201,3,0x90,0x90,0x00,0x00,,,,,"Set torque = 0"
182682,TX,0x201,3,0x90,0x90,0x00,0x00,,,,,"Set torque = 0"
182708,TX,0x201,3,0x90,0x90,0x00,0x00,,,,,"Set torque = 0"
182794,RX,0x181,6,0x40,0x40,0x11,0x43,0x80,0x00,0x0B,,"Status word = 0x4311"
182801,RX,0x181,4,0x30,0x30,0x00,0x00,0x01,,,,"Speed feedback = 0 rpm"
182814,TX,0x201,3,0x90,0x90,0x00,0x00,,,,,"Set torque = 0"
182820,RX,0x181,6,0x40,0x40,0x11,0x43,0x80,0x00,0x0B,,"Status word = 0x4311"
182827,RX,0x181,4,0x30,0x30,0x00,0x00,0x01,,,,"Speed feedback = 0 rpm"
182840,TX,0x201,3,0x90,0x90,0x00,0x00,,,,,"Set torque = 0"
182867,TX,0x201,3,0x90,0x90,0x00,0x00,,,,,"Set torque = 0"
182893,TX,0x201,3,0x90,0x90,0x00,0x00,,,,,"Set torque = 0"
182915,RX,0x181,6,0x40,0x40,0x11,0x43,0x80,0x00,0x0B,,"Status word = 0x4311"
182921,TX,0x201,3,0x90,0x90,0x00,0x00,,,,,"Set torque = 0"
182928,RX,0x181,4,0x30,0x30,0x00,0x00,0x01,,,,"Speed feedback = 0 rpm"
182948,TX,0x201,3,0x90,0x90,0x00,0x00,,,,,"Set torque = 0"
182974,TX,0x201,3,0x90,0x90,0x00,0x00,,,,,"Set torque = 0"
183000,TX,0x201,3,0x90,0x90,0x00,0x00,,,,,"Set torque = 0"
183014,RX,0x181,6,0x40,0x40,0x11,0x43,0x80,0x00,0x0B,,"Status word = 0x4311"
183022,RX,0x181,4,0x30,0x30,0x00,0x00,0x01,,,,"Speed feedback = 0 rpm"
183028,TX,0x201,3,0x90,0x90,0x00,0x00,,,,,"Set torque = 0"
183055,TX,0x201,3,0x90,0x90,0x00,0x00,,,,,"Set torque = 0"
183081,TX,0x201,3,0x90,0x90,0x00,0x00,,,,,"Set torque = 0"
183107,TX,0x201,3,0x90,0x90,0x00,0x00,,,,,"Set torque = 0"
183114,RX,0x181,6,0x40,0x40,0x11,0x43,0x80,0x00,0x0B,,"Status word = 0x4311"
183121,RX,0x181,4,0x30,0x30,0x00,0x00,0x01,,,,"Speed feedback = 0 rpm"
183133,TX,0x201,3,0x90,0x90,0x00,0x00,,,,,"Set torque = 0"
183159,TX,0x201,3,0x90,0x90,0x00,0x00,,,,,"Set torque = 0"
183247,RX,0x181,6,0x40,0x40,0x11,0x43,0x80,0x00,0x0B,,"Status word = 0x4311"
183253,RX,0x181,4,0x30,0x30,0x00,0x00,0x01,,,,"Speed feedback = 0 rpm"
183267,TX,0x201,3,0x90,0x90,0x00,0x00,,,,,"Set torque = 0"
183293,TX,0x201,3,0x90,0x90,0x00,0x00,,,,,"Set torque = 0"
183314,RX,0x181,6,0x40,0x40,0x11,0x43,0x80,0x00,0x0B,,"Status word = 0x4311"
183321,TX,0x201,3,0x90,0x90,0x00,0x00,,,,,"Set torque = 0"
183327,RX,0x181,4,0x30,0x30,0x00,0x00,0x01,,,,"Speed feedback = 0 rpm"
183347,TX,0x201,3,0x90,0x90,0x00,0x00,,,,,"Set torque = 0"
183373,TX,0x201,3,0x90,0x90,0x00,0x00,,,,,"Set torque = 0"
183400,TX,0x201,3,0x90,0x90,0x00,0x00,,,,,"Set torque = 0"
183414,RX,0x181,6,0x40,0x40,0x11,0x43,0x80,0x00,0x0B,,"Status word = 0x4311"
183421,RX,0x181,4,0x30,0x30,0x00,0x00,0x01,,,,"Speed feedback = 0 rpm"
183427,TX,0x201,3,0x90,0x90,0x00,0x00,,,,,"Set torque = 0"
183454,TX,0x201,3,0x90,0x90,0x00,0x00,,,,,"Set torque = 0"
183480,TX,0x201,3,0x90,0x90,0x00,0x00,,,,,"Set torque = 0"
183506,TX,0x201,3,0x90,0x90,0x00,0x00,,,,,"Set torque = 0"
183514,RX,0x181,6,0x40,0x40,0x11,0x43,0x80,0x00,0x0B,,"Status word = 0x4311"
183521,RX,0x181,4,0x30,0x30,0x00,0x00,0x01,,,,"Speed feedback = 0 rpm"
183532,TX,0x201,3,0x90,0x90,0x00,0x00,,,,,"Set torque = 0"
183558,TX,0x201,3,0x90,0x90,0x00,0x00,,,,,"Set torque = 0"
183584,TX,0x201,3,0x90,0x90,0x00,0x00,,,,,"Set torque = 0"
183610,TX,0x201,3,0x90,0x90,0x00,0x00,,,,,"Set torque = 0"
183616,RX,0x181,6,0x40,0x40,0x11,0x43,0x80,0x00,0x0B,,"Status word = 0x4311"
183623,RX,0x181,4,0x30,0x30,0x00,0x00,0x01,,,,"Speed feedback = 0 rpm"
183713,TX,0x201,3,0x90,0x90,0x00,0x00,,,,,"Set torque = 0"
183720,RX,0x181,6,0x40,0x40,0x11,0x43,0x80,0x00,0x0B,,"Status word = 0x4311"
183726,RX,0x181,4,0x30,0x30,0x00,0x00,0x01,,,,"Speed feedback = 0 rpm"
183740,TX,0x201,3,0x90,0x90,0x00,0x00,,,,,"Set torque = 0"
183766,TX,0x201,3,0x90,0x90,0x00,0x00,,,,,"Set torque = 0"
183792,TX,0x201,3,0x90,0x90,0x00,0x00,,,,,"Set torque = 0"
183813,RX,0x181,6,0x40,0x40,0x11,0x43,0x80,0x00,0x0B,,"Status word = 0x4311"
183820,TX,0x201,3,0x90,0x90,0x00,0x00,,,,,"Set torque = 0"
183827,RX,0x181,4,0x30,0x30,0x00,0x00,0x01,,,,"Speed feedback = 0 rpm"
183847,TX,0x201,3,0x90,0x90,0x00,0x00,,,,,"Set torque = 0"
183873,TX,0x201,3,0x90,0x90,0x00,0x00,,,,,"Set torque = 0"
183899,TX,0x201,3,0x90,0x90,0x00,0x00,,,,,"Set torque = 0"
183913,RX,0x181,6,0x40,0x40,0x11,0x43,0x80,0x00,0x0B,,"Status word = 0x4311"
183920,RX,0x181,4,0x30,0x30,0x00,0x00,0x01,,,,"Speed feedback = 0 rpm"
183927,TX,0x201,3,0x90,0x90,0x00,0x00,,,,,"Set torque = 0"
183953,TX,0x201,3,0x90,0x90,0x00,0x00,,,,,"Set torque = 0"
183979,TX,0x201,3,0x90,0x90,0x00,0x00,,,,,"Set torque = 0"
184005,TX,0x201,3,0x90,0x90,0x00,0x00,,,,,"Set torque = 0"
184013,RX,0x181,6,0x40,0x40,0x11,0x43,0x80,0x00,0x0B,,"Status word = 0x4311"
184020,RX,0x181,4,0x30,0x30,0x00,0x00,0x01,,,,"Speed feedback = 0 rpm"
184031,TX,0x201,3,0x90,0x90,0x00,0x00,,,,,"Set torque = 0"
184058,TX,0x201,3,0x90,0x90,0x00,0x00,,,,,"Set torque = 0"
184084,TX,0x201,3,0x90,0x90,0x00,0x00,,,,,"Set torque = 0"
184110,TX,0x201,3,0x90,0x90,0x00,0x00,,,,,"Set torque = 0"
184202,RX,0x181,6,0x40,0x40,0x11,0x43,0x80,0x00,0x0B,,"Status word = 0x4311"
184209,RX,0x181,4,0x30,0x30,0x00,0x00,0x01,,,,"Speed feedback = 0 rpm"
184216,RX,0x181,6,0x40,0x40,0x11,0x43,0x80,0x00,0x0B,,"Status word = 0x4311"
184223,RX,0x181,4,0x30,0x30,0x00,0x00,0x01,,,,"Speed feedback = 0 rpm"
184229,TX,0x201,3,0x90,0x90,0x00,0x00,,,,,"Set torque = 0"
184256,TX,0x201,3,0x90,0x90,0x00,0x00,,,,,"Set torque = 0"
184283,TX,0x201,3,0x90,0x90,0x00,0x00,,,,,"Set torque = 0"
184309,TX,0x201,3,0x90,0x90,0x00,0x00,,,,,"Set torque = 0"
184315,RX,0x181,6,0x40,0x40,0x11,0x43,0x80,0x00,0x0B,,"Status word = 0x4311"
184322,RX,0x181,4,0x30,0x30,0x00,0x00,0x01,,,,"Speed feedback = 0 rpm"
184335,TX,0x201,3,0x90,0x90,0x00,0x00,,,,,"Set torque = 0"
184361,TX,0x201,3,0x90,0x90,0x00,0x00,,,,,"Set torque = 0"
184387,TX,0x201,3,0x90,0x90,0x00,0x00,,,,,"Set torque = 0"
184412,RX,0x181,6,0x40,0x40,0x11,0x43,0x80,0x00,0x0B,,"Status word = 0x4311"
184419,TX,0x201,3,0x90,0x90,0x00,0x00,,,,,"Set torque = 0"
184426,RX,0x181,4,0x30,0x30,0x00,0x00,0x01,,,,"Speed feedback = 0 rpm"
184446,TX,0x201,3,0x90,0x90,0x00,0x00,,,,,"Set torque = 0"
184472,TX,0x201,3,0x90,0x90,0x00,0x00,,,,,"Set torque = 0"
184498,TX,0x201,3,0x90,0x90,0x00,0x00,,,,,"Set torque = 0"
184512,RX,0x181,6,0x40,0x40,0x11,0x43,0x80,0x00,0x0B,,"Status word = 0x4311"
184519,RX,0x181,4,0x30,0x30,0x00,0x00,0x01,,,,"Speed feedback = 0 rpm"
184526,TX,0x201,3,0x90,0x90,0x00,0x00,,,,,"Set torque = 0"
184553,TX,0x201,3,0x90,0x90,0x00,0x00,,,,,"Set torque = 0"
184579,TX,0x201,3,0x90,0x90,0x00,0x00,,,,,"Set torque = 0"
184670,RX,0x181,6,0x40,0x40,0x11,0x43,0x80,0x00,0x0B,,"Status word = 0x4311"
184676,RX,0x181,4,0x30,0x30,0x00,0x00,0x01,,,,"Speed feedback = 0 rpm"
184690,TX,0x201,3,0x90,0x90,0x00,0x00,,,,,"Set torque = 0"
184712,RX,0x181,6,0x40,0x40,0x11,0x43,0x80,0x00,0x0B,,"Status word = 0x4311"
184719,TX,0x201,3,0x90,0x90,0x00,0x00,,,,,"Set torque = 0"
184725,RX,0x181,4,0x30,0x30,0x00,0x00,0x01,,,,"Speed feedback = 0 rpm"
184745,TX,0x201,3,0x90,0x90,0x00,0x00,,,,,"Set torque = 0"
184771,TX,0x201,3,0x90,0x90,0x00,0x00,,,,,"Set torque = 0"
184797,TX,0x201,3,0x90,0x90,0x00,0x00,,,,,"Set torque = 0"
184812,RX,0x181,6,0x40,0x40,0x11,0x43,0x80,0x00,0x0B,,"Status word = 0x4311"
184819,RX,0x181,4,0x30,0x30,0x00,0x00,0x01,,,,"Speed feedback = 0 rpm"
184825,TX,0x201,3,0x90,0x90,0x00,0x00,,,,,"Set torque = 0"
184852,TX,0x201,3,0x90,0x90,0x00,0x00,,,,,"Set torque = 0"
184878,TX,0x201,3,0x90,0x90,0x00,0x00,,,,,"Set torque = 0"
184904,TX,0x201,3,0x90,0x90,0x00,0x00,,,,,"Set torque = 0"
184911,RX,0x181,6,0x40,0x40,0x11,0x43,0x80,0x00,0x0B,,"Status word = 0x4311"
184918,RX,0x181,4,0x30,0x30,0x00,0x00,0x01,,,,"Speed feedback = 0 rpm"
184930,TX,0x201,3,0x90,0x90,0x00,0x00,,,,,"Set torque = 0"
184957,TX,0x201,3,0x90,0x90,0x00,0x00,,,,,"Set torque = 0"
184983,TX,0x201,3,0x90,0x90,0x00,0x00,,,,,"Set torque = 0"
185009,TX,0x201,3,0x90,0x90,0x00,0x00,,,,,"Set torque = 0"
185015,RX,0x181,6,0x40,0x40,0x11,0x43,0x80,0x00,0x0B,,"Status word = 0x4311"
185022,RX,0x181,4,0x30,0x30,0x00,0x00,0x01,,,,"Speed feedback = 0 rpm"
185035,TX,0x201,3,0x90,0x90,0x00,0x00,,,,,"Set torque = 0"
185129,RX,0x181,6,0x40,0x40,0x11,0x43,0x80,0x00,0x0B,,"Status word = 0x4311"
185136,RX,0x181,4,0x30,0x30,0x00,0x00,0x01,,,,"Speed feedback = 0 rpm"
185149,TX,0x201,3,0x90,0x90,0x00,0x00,,,,,"Set torque = 0"
185176,TX,0x201,3,0x90,0x90,0x00,0x00,,,,,"Set torque = 0"
185202,TX,0x201,3,0x90,0x90,0x00,0x00,,,,,"Set torque = 0"
185211,RX,0x181,6,0x40,0x40,0x11,0x43,0x80,0x00,0x0B,,"Status word = 0x4311"
185218,RX,0x181,4,0x30,0x30,0x00,0x00,0x01,,,,"Speed feedback = 0 rpm"
185228,TX,0x201,3,0x90,0x90,0x00,0x00,,,,,"Set torque = 0"
185254,TX,0x201,3,0x90,0x90,0x00,0x00,,,,,"Set torque = 0"
185280,TX,0x201,3,0x90,0x90,0x00,0x00,,,,,"Set torque = 0"
185306,TX,0x201,3,0x90,0x90,0x00,0x00,,,,,"Set torque = 0"
185312,RX,0x181,6,0x40,0x40,0x11,0x43,0x80,0x00,0x0B,,"Status word = 0x4311"
185319,RX,0x181,4,0x30,0x30,0x00,0x00,0x01,,,,"Speed feedback = 0 rpm"
185332,TX,0x201,3,0x90,0x90,0x00,0x00,,,,,"Set torque = 0"
185358,TX,0x201,3,0x90,0x90,0x00,0x00,,,,,"Set torque = 0"
185384,TX,0x201,3,0x90,0x90,0x00,0x00,,,,,"Set torque = 0"
185410,TX,0x201,3,0x90,0x90,0x00,0x00,,,,,"Set torque = 0"
185416,RX,0x181,6,0x40,0x40,0x11,0x43,0x80,0x00,0x0B,,"Status word = 0x4311"
185423,RX,0x181,4,0x30,0x30,0x00,0x00,0x01,,,,"Speed feedback = 0 rpm"
185436,TX,0x201,3,0x90,0x90,0x00,0x00,,,,,"Set torque = 0"
185462,TX,0x201,3,0x90,0x90,0x00,0x00,,,,,"Set torque = 0"
185490,TX,0x201,3,0x90,0x90,0x00,0x00,,,,,"Set torque = 0"
185510,RX,0x181,6,0x40,0x40,0x11,0x43,0x80,0x00,0x0B,,"Status word = 0x4311"
185602,RX,0x181,4,0x30,0x30,0x00,0x00,0x01,,,,"Speed feedback = 0 rpm"
185608,TX,0x201,3,0x90,0x90,0x00,0x00,,,,,"Set torque = 0"
185615,RX,0x181,6,0x40,0x40,0x11,0x43,0x80,0x00,0x0B,,"Status word = 0x4311"
185622,RX,0x181,4,0x30,0x30,0x00,0x00,0x01,,,,"Speed feedback = 0 rpm"
185635,TX,0x201,3,0x90,0x90,0x00,0x00,,,,,"Set torque = 0"
185661,TX,0x201,3,0x90,0x90,0x00,0x00,,,,,"Set torque = 0"
185688,TX,0x201,3,0x90,0x90,0x00,0x00,,,,,"Set torque = 0"
185710,RX,0x181,6,0x40,0x40,0x11,0x43,0x80,0x00,0x0B,,"Status word = 0x4311"
185717,TX,0x201,3,0x90,0x90,0x00,0x00,,,,,"Set torque = 0"
185724,RX,0x181,4,0x30,0x30,0x00,0x00,0x01,,,,"Speed feedback = 0 rpm"
185744,TX,0x201,3,0x90,0x90,0x00,0x00,,,,,"Set torque = 0"
185770,TX,0x201,3,0x90,0x90,0x00,0x00,,,,,"Set torque = 0"
185796,TX,0x201,3,0x90,0x90,0x00,0x00,,,,,"Set torque = 0"
185810,RX,0x181,6,0x40,0x40,0x11,0x43,0x80,0x00,0x0B,,"Status word = 0x4311"
185817,RX,0x181,4,0x30,0x30,0x00,0x00,0x01,,,,"Speed feedback = 0 rpm"
185824,TX,0x201,3,0x90,0x90,0x00,0x00,,,,,"Set torque = 0"
185851,TX,0x201,3,0x90,0x90,0x00,0x00,,,,,"Set torque = 0"
185877,TX,0x201,3,0x90,0x90,0x00,0x00,,,,,"Set torque = 0"
185903,TX,0x201,3,0x90,0x90,0x00,0x00,,,,,"Set torque = 0"
185910,RX,0x181,6,0x40,0x40,0x11,0x43,0x80,0x00,0x0B,,"Status word = 0x4311"
185917,RX,0x181,4,0x30,0x30,0x00,0x00,0x01,,,,"Speed feedback = 0 rpm"
185929,TX,0x201,3,0x90,0x90,0x00,0x00,,,,,"Set torque = 0"
185955,TX,0x201,3,0x90,0x90,0x00,0x00,,,,,"Set torque = 0"
185981,TX,0x201,3,0x90,0x90,0x00,0x00,,,,,"Set torque = 0"
186070,RX,0x181,6,0x40,0x40,0x11,0x43,0x80,0x00,0x0B,,"Status word = 0x4311"
186077,RX,0x181,4,0x30,0x30,0x00,0x00,0x01,,,,"Speed feedback = 0 rpm"
186090,TX,0x201,3,0x90,0x90,0x00,0x00,,,,,"Set torque = 0"
186109,RX,0x181,6,0x40,0x40,0x11,0x43,0x80,0x00,0x0B,,"Status word = 0x4311"
186116,TX,0x201,3,0x90,0x90,0x00,0x00,,,,,"Set torque = 0"
186123,RX,0x181,4,0x30,0x30,0x00,0x00,0x01,,,,"Speed feedback = 0 rpm"
186143,TX,0x201,3,0x90,0x90,0x00,0x00,,,,,"Set torque = 0"
186169,TX,0x201,3,0x90,0x90,0x00,0x00,,,,,"Set torque = 0"
186195,TX,0x201,3,0x90,0x90,0x00,0x00,,,,,"Set torque = 0"
186209,RX,0x181,6,0x40,0x40,0x11,0x43,0x80,0x00,0x0B,,"Status word = 0x4311"
186216,RX,0x181,4,0x30,0x30,0x00,0x00,0x01,,,,"Speed feedback = 0 rpm"
186223,TX,0x201,3,0x90,0x90,0x00,0x00,,,,,"Set torque = 0"
186250,TX,0x201,3,0x90,0x90,0x00,0x00,,,,,"Set torque = 0"
186276,TX,0x201,3,0x90,0x90,0x00,0x00,,,,,"Set torque = 0"
186302,TX,0x201,3,0x90,0x90,0x00,0x00,,,,,"Set torque = 0"
186309,RX,0x181,6,0x40,0x40,0x11,0x43,0x80,0x00,0x0B,,"Status word = 0x4311"
186316,RX,0x181,4,0x30,0x30,0x00,0x00,0x01,,,,"Speed feedback = 0 rpm"
186328,TX,0x201,3,0x90,0x90,0x00,0x00,,,,,"Set torque = 0"
186355,TX,0x201,3,0x90,0x90,0x00,0x00,,,,,"Set torque = 0"
186381,TX,0x201,3,0x90,0x90,0x00,0x00,,,,,"Set torque = 0"
186407,TX,0x201,3,0x90,0x90,0x50,0x01,,,,,"Set torque = 336"
186413,RX,0x181,6,0x40,0x40,0x11,0x43,0x80,0x00,0x0B,,"Status word = 0x4311"
186420,RX,0x181,4,0x30,0x30,0x00,0x00,0x01,,,,"Speed feedback = 0 rpm"
186433,TX,0x201,3,0x90,0x90,0x00,0x00,,,,,"Set torque = 0"
186522,RX,0x181,6,0x40,0x40,0x11,0x43,0x80,0x00,0x0B,,"Status word = 0x4311"
186529,RX,0x181,4,0x30,0x30,0x00,0x00,0x01,,,,"Speed feedback = 0 rpm"
186542,TX,0x201,3,0x90,0x90,0x00,0x00,,,,,"Set torque = 0"
186569,TX,0x201,3,0x90,0x90,0x00,0x00,,,,,"Set torque = 0"
186595,TX,0x201,3,0x90,0x90,0x00,0x00,,,,,"Set torque = 0"
186609,RX,0x181,6,0x40,0x40,0x11,0x43,0x80,0x00,0x0B,,"Status word = 0x4311"
186616,RX,0x181,4,0x30,0x30,0x00,0x00,0x01,,,,"Speed feedback = 0 rpm"
186622,TX,0x201,3,0x90,0x90,0x00,0x00,,,,,"Set torque = 0"
186649,TX,0x201,3,0x90,0x90,0x00,0x00,,,,,"Set torque = 0"
186675,TX,0x201,3,0x90,0x90,0x00,0x00,,,,,"Set torque = 0"
186701,TX,0x201,3,0x90,0x90,0x00,0x00,,,,,"Set torque = 0"
186709,RX,0x181,6,0x40,0x40,0x11,0x43,0x80,0x00,0x0B,,"Status word = 0x4311"
186719,RX,0x181,4,0x30,0x30,0x00,0x00,0x01,,,,"Speed feedback = 0 rpm"
186727,TX,0x201,3,0x90,0x90,0x00,0x00,,,,,"Set torque = 0"
186753,TX,0x201,3,0x90,0x90,0x00,0x00,,,,,"Set torque = 0"
186779,TX,0x201,3,0x90,0x90,0x00,0x00,,,,,"Set torque = 0"
186805,TX,0x201,3,0x90,0x90,0x00,0x00,,,,,"Set torque = 0"
186811,RX,0x181,6,0x40,0x40,0x11,0x43,0x80,0x00,0x0B,,"Status word = 0x4311"
186818,RX,0x181,4,0x30,0x30,0x00,0x00,0x01,,,,"Speed feedback = 0 rpm"
186831,TX,0x201,3,0x90,0x90,0x00,0x00,,,,,"Set torque = 0"
186858,TX,0x201,3,0x90,0x90,0x00,0x00,,,,,"Set torque = 0"
186884,TX,0x201,3,0x90,0x90,0xF4,0x00,,,,,"Set torque = 244"
186908,RX,0x181,6,0x40,0x40,0x11,0x43,0x80,0x00,0x0B,,"Status word = 0x4311"
186998,RX,0x181,4,0x30,0x30,0x00,0x00,0x01,,,,"Speed feedback = 0 rpm"
187004,TX,0x201,3,0x90,0x90,0x00,0x00,,,,,"Set torque = 0"
187011,RX,0x181,6,0x40,0x40,0x11,0x43,0x80,0x00,0x0B,,"Status word = 0x4311"
187018,RX,0x181,4,0x30,0x30,0x00,0x00,0x01,,,,"Speed feedback = 0 rpm"
187031,TX,0x201,3,0x90,0x90,0x00,0x00,,,,,"Set torque = 0"
187057,TX,0x201,3,0x90,0x90,0x00,0x00,,,,,"Set torque = 0"
187084,TX,0x201,3,0x90,0x90,0x00,0x00,,,,,"Set torque = 0"
187108,RX,0x181,6,0x40,0x40,0x11,0x43,0x80,0x00,0x0B,,"Status word = 0x4311"
187115,TX,0x201,3,0x90,0x90,0x00,0x00,,,,,"Set torque = 0"
187121,RX,0x181,4,0x30,0x30,0x00,0x00,0x01,,,,"Speed feedback = 0 rpm"
187141,TX,0x201,3,0x90,0x90,0x00,0x00,,,,,"Set torque = 0"
187167,TX,0x201,3,0x90,0x90,0x00,0x00,,,,,"Set torque = 0"
187193,TX,0x201,3,0x90,0x90,0x00,0x00,,,,,"Set torque = 0"
187208,RX,0x181,6,0x40,0x40,0x11,0x43,0x80,0x00,0x0B,,"Status word = 0x4311"
187215,RX,0x181,4,0x30,0x30,0x00,0x00,0x01,,,,"Speed feedback = 0 rpm"
187222,TX,0x201,3,0x90,0x90,0x00,0x00,,,,,"Set torque = 0"
187249,TX,0x201,3,0x90,0x90,0x00,0x00,,,,,"Set torque = 0"
187275,TX,0x201,3,0x90,0x90,0x00,0x00,,,,,"Set torque = 0"
187301,TX,0x201,3,0x90,0x90,0x00,0x00,,,,,"Set torque = 0"
187308,RX,0x181,6,0x40,0x40,0x11,0x43,0x80,0x00,0x0B,,"Status word = 0x4311"
187315,RX,0x181,4,0x30,0x30,0x00,0x00,0x01,,,,"Speed feedback = 0 rpm"
187327,TX,0x201,3,0x90,0x90,0x00,0x00,,,,,"Set torque = 0"
187353,TX,0x201,3,0x90,0x90,0x00,0x00,,,,,"Set torque = 0"
187379,TX,0x201,3,0x90,0x90,0x00,0x00,,,,,"Set torque = 0"
187468,RX,0x181,6,0x40,0x40,0x11,0x43,0x80,0x00,0x0B,,"Status word = 0x4311"
187475,RX,0x181,4,0x30,0x30,0x00,0x00,0x01,,,,"Speed feedback = 0 rpm"
187488,TX,0x201,3,0x90,0x90,0x00,0x00,,,,,"Set torque = 0"
187507,RX,0x181,6,0x40,0x40,0x11,0x43,0x80,0x00,0x0B,,"Status word = 0x4311"
187514,TX,0x201,3,0x90,0x90,0x00,0x00,,,,,"Set torque = 0"
187521,RX,0x181,4,0x30,0x30,0x00,0x00,0x01,,,,"Speed feedback = 0 rpm"
187541,TX,0x201,3,0x90,0x90,0x00,0x00,,,,,"Set torque = 0"
187567,TX,0x201,3,0x90,0x90,0x00,0x00,,,,,"Set torque = 0"
187593,TX,0x201,3,0x90,0x90,0x00,0x00,,,,,"Set torque = 0"
187607,RX,0x181,6,0x40,0x40,0x11,0x43,0x80,0x00,0x0B,,"Status word = 0x4311"
187614,RX,0x181,4,0x30,0x30,0x00,0x00,0x01,,,,"Speed feedback = 0 rpm"
187621,TX,0x201,3,0x90,0x90,0xA1,0x02,,,,,"Set torque = 673"
187648,TX,0x201,3,0x90,0x90,0x00,0x00,,,,,"Set torque = 0"
187674,TX,0x201,3,0x90,0x90,0x00,0x00,,,,,"Set torque = 0"
187700,TX,0x201,3,0x90,0x90,0x00,0x00,,,,,"Set torque = 0"
187707,RX,0x181,6,0x40,0x40,0x11,0x43,0x80,0x00,0x0B,,"Status word = 0x4311"
187714,RX,0x181,4,0x30,0x30,0x00,0x00,0x01,,,,"Speed feedback = 0 rpm"
187726,TX,0x201,3,0x90,0x90,0x00,0x00,,,,,"Set torque = 0"
187753,TX,0x201,3,0x90,0x90,0x00,0x00,,,,,"Set torque = 0"
187779,TX,0x201,3,0x90,0x90,0x00,0x00,,,,,"Set torque = 0"
187805,TX,0x201,3,0x90,0x90,0x00,0x00,,,,,"Set torque = 0"
187811,RX,0x181,6,0x40,0x40,0x11,0x43,0x80,0x00,0x0B,,"Status word = 0x4311"
187818,RX,0x181,4,0x30,0x30,0x00,0x00,0x01,,,,"Speed feedback = 0 rpm"
187831,TX,0x201,3,0x90,0x90,0x00,0x00,,,,,"Set torque = 0"
187920,RX,0x181,6,0x40,0x40,0x11,0x43,0x80,0x00,0x0B,,"Status word = 0x4311"
187927,RX,0x181,4,0x30,0x30,0x00,0x00,0x01,,,,"Speed feedback = 0 rpm"
187940,TX,0x201,3,0x90,0x90,0x00,0x00,,,,,"Set torque = 0"
187967,TX,0x201,3,0x90,0x90,0x00,0x00,,,,,"Set torque = 0"
187993,TX,0x201,3,0x90,0x90,0x00,0x00,,,,,"Set torque = 0"
188006,RX,0x181,6,0x40,0x40,0x11,0x43,0x80,0x00,0x0B,,"Status word = 0x4311"
188013,RX,0x181,4,0x30,0x30,0x00,0x00,0x01,,,,"Speed feedback = 0 rpm"
188020,TX,0x201,3,0x90,0x90,0x00,0x00,,,,,"Set torque = 0"
188047,TX,0x201,3,0x90,0x90,0x00,0x00,,,,,"Set torque = 0"
188073,TX,0x201,3,0x90,0x90,0x00,0x00,,,,,"Set torque = 0"
188099,TX,0x201,3,0x90,0x90,0x00,0x00,,,,,"Set torque = 0"
188106,RX,0x181,6,0x40,0x40,0x11,0x43,0x80,0x00,0x0B,,"Status word = 0x4311"
188113,RX,0x181,4,0x30,0x30,0x00,0x00,0x01,,,,"Speed feedback = 0 rpm"
188125,TX,0x201,3,0x90,0x90,0x00,0x00,,,,,"Set torque = 0"
188151,TX,0x201,3,0x90,0x90,0x00,0x00,,,,,"Set torque = 0"
188177,TX,0x201,3,0x90,0x90,0x00,0x00,,,,,"Set torque = 0"
188203,TX,0x201,3,0x90,0x90,0x00,0x00,,,,,"Set torque = 0"
188209,RX,0x181,6,0x40,0x40,0x11,0x43,0x80,0x00,0x0B,,"Status word = 0x4311"
188216,RX,0x181,4,0x30,0x30,0x00,0x00,0x01,,,,"Speed feedback = 0 rpm"
188229,TX,0x201,3,0x90,0x90,0x00,0x00,,,,,"Set torque = 0"
188255,TX,0x201,3,0x90,0x90,0x00,0x00,,,,,"Set torque = 0"
188282,TX,0x201,3,0x90,0x90,0x00,0x00,,,,,"Set torque = 0"
188306,RX,0x181,6,0x40,0x40,0x11,0x43,0x80,0x00,0x0B,,"Status word = 0x4311"
188313,TX,0x201,3,0x90,0x90,0x00,0x00,,,,,"Set torque = 0"
188405,RX,0x181,4,0x30,0x30,0x00,0x00,0x01,,,,"Speed feedback = 0 rpm"
188411,RX,0x181,6,0x40,0x40,0x11,0x43,0x80,0x00,0x0B,,"Status word = 0x4311"
188418,RX,0x181,4,0x30,0x30,0x00,0x00,0x01,,,,"Speed feedback = 0 rpm"
188425,TX,0x201,3,0x90,0x90,0x00,0x00,,,,,"Set torque = 0"
188452,TX,0x201,3,0x90,0x90,0x00,0x00,,,,,"Set torque = 0"
188478,TX,0x201,3,0x90,0x90,0x00,0x00,,,,,"Set torque = 0"
188505,TX,0x201,3,0x90,0x90,0x00,0x00,,,,,"Set torque = 0"
188511,RX,0x181,6,0x40,0x40,0x11,0x43,0x80,0x00,0x0B,,"Status word = 0x4311"
188518,RX,0x181,4,0x30,0x30,0x00,0x00,0x01,,,,"Speed feedback = 0 rpm"
188531,TX,0x201,3,0x90,0x90,0x00,0x00,,,,,"Set torque = 0"
188557,TX,0x201,3,0x90,0x90,0x00,0x00,,,,,"Set torque = 0"
188583,TX,0x201,3,0x90,0x90,0x00,0x00,,,,,"Set torque = 0"
188606,RX,0x181,6,0x40,0x40,0x11,0x43,0x80,0x00,0x0B,,"Status word = 0x4311"
188612,TX,0x201,3,0x90,0x90,0x00,0x00,,,,,"Set torque = 0"
188619,RX,0x181,4,0x30,0x30,0x00,0x00,0x01,,,,"Speed feedback = 0 rpm"
188639,TX,0x201,3,0x90,0x90,0x00,0x00,,,,,"Set torque = 0"
188665,TX,0x201,3,0x90,0x90,0x00,0x00,,,,,"Set torque = 0"
188691,TX,0x201,3,0x90,0x90,0x00,0x00,,,,,"Set torque = 0"
188705,RX,0x181,6,0x40,0x40,0x11,0x43,0x80,0x00,0x0B,,"Status word = 0x4311"
188712,RX,0x181,4,0x30,0x30,0x00,0x00,0x01,,,,"Speed feedback = 0 rpm"
188719,TX,0x201,3,0x90,0x90,0x00,0x00,,,,,"Set torque = 0"
188746,TX,0x201,3,0x90,0x90,0x00,0x00,,,,,"Set torque = 0"
188772,TX,0x201,3,0x90,0x90,0x00,0x00,,,,,"Set torque = 0"
188798,TX,0x201,3,0x90,0x90,0x00,0x00,,,,,"Set torque = 0"
188901,RX,0x181,6,0x40,0x40,0x11,0x43,0x80,0x00,0x0B,,"Status word = 0x4311"
188908,RX,0x181,6,0x40,0x40,0x11,0x43,0x80,0x00,0x0B,,"Status word = 0x4311"
188915,RX,0x181,4,0x30,0x30,0x00,0x00,0x01,,,,"Speed feedback = 0 rpm"
188921,RX,0x181,4,0x30,0x30,0x00,0x00,0x01,,,,"Speed feedback = 0 rpm"
188928,TX,0x201,3,0x90,0x90,0x00,0x00,,,,,"Set torque = 0"
188955,TX,0x201,3,0x90,0x90,0x00,0x00,,,,,"Set torque = 0"
188981,TX,0x201,3,0x90,0x90,0x00,0x00,,,,,"Set torque = 0"
189005,RX,0x181,6,0x40,0x40,0x11,0x43,0x80,0x00,0x0B,,"Status word = 0x4311"
189012,TX,0x201,3,0x90,0x90,0x00,0x00,,,,,"Set torque = 0"
189019,RX,0x181,4,0x30,0x30,0x00,0x00,0x01,,,,"Speed feedback = 0 rpm"
189039,TX,0x201,3,0x90,0x90,0x00,0x00,,,,,"Set torque = 0"
189065,TX,0x201,3,0x90,0x90,0x00,0x00,,,,,"Set torque = 0"
189091,TX,0x201,3,0x90,0x90,0x00,0x00,,,,,"Set torque = 0"
189105,RX,0x181,6,0x40,0x40,0x11,0x43,0x80,0x00,0x0B,,"Status word = 0x4311"
189112,RX,0x181,4,0x30,0x30,0x00,0x00,0x01,,,,"Speed feedback = 0 rpm"
189118,TX,0x201,3,0x90,0x90,0x00,0x00,,,,,"Set torque = 0"
189145,TX,0x201,3,0x90,0x90,0x00,0x00,,,,,"Set torque = 0"
189171,TX,0x201,3,0x90,0x90,0x00,0x00,,,,,"Set torque = 0"
189198,TX,0x201,3,0x90,0x90,0x00,0x00,,,,,"Set torque = 0"
189205,RX,0x181,6,0x40,0x40,0x11,0x43,0x80,0x00,0x0B,,"Status word = 0x4311"
189212,RX,0x181,4,0x30,0x30,0x00,0x00,0x01,,,,"Speed feedback = 0 rpm"
189224,TX,0x201,3,0x90,0x90,0x00,0x00,,,,,"Set torque = 0"
189250,TX,0x201,3,0x90,0x90,0x00,0x00,,,,,"Set torque = 0"
189276,TX,0x201,3,0x90,0x90,0x00,0x00,,,,,"Set torque = 0"
189378,RX,0x181,6,0x40,0x40,0x11,0x43,0x80,0x00,0x0B,,"Status word = 0x4311"
189384,RX,0x181,4,0x30,0x30,0x00,0x00,0x01,,,,"Speed feedback = 0 rpm"
189398,TX,0x201,3,0x90,0x90,0x00,0x00,,,,,"Set torque = 0"
189405,RX,0x181,6,0x40,0x40,0x11,0x43,0x80,0x00,0x0B,,"Status word = 0x4311"
189411,RX,0x181,4,0x30,0x30,0x00,0x00,0x01,,,,"Speed feedback = 0 rpm"
189425,TX,0x201,3,0x90,0x90,0x00,0x00,,,,,"Set torque = 0"
189451,TX,0x201,3,0x90,0x90,0x00,0x00,,,,,"Set torque = 0"
189477,TX,0x201,3,0x90,0x90,0x00,0x00,,,,,"Set torque = 0"
189503,TX,0x201,3,0x90,0x90,0x00,0x00,,,,,"Set torque = 0"
189509,RX,0x181,6,0x40,0x40,0x11,0x43,0x80,0x00,0x0B,,"Status word = 0x4311"
189516,RX,0x181,4,0x30,0x30,0x00,0x00,0x01,,,,"Speed feedback = 0 rpm"
189529,TX,0x201,3,0x90,0x90,0x00,0x00,,,,,"Set torque = 0"
189556,TX,0x201,3,0x90,0x90,0x00,0x00,,,,,"Set torque = 0"
189582,TX,0x201,3,0x90,0x90,0x00,0x00,,,,,"Set torque = 0"
189604,RX,0x181,6,0x40,0x40,0x11,0x43,0x80,0x00,0x0B,,"Status word = 0x4311"
189611,TX,0x201,3,0x90,0x90,0x00,0x00,,,,,"Set torque = 0"
189617,RX,0x181,4,0x30,0x30,0x00,0x00,0x01,,,,"Speed feedback = 0 rpm"
189637,TX,0x201,3,0x90,0x90,0x00,0x00,,,,,"Set torque = 0"
189663,TX,0x201,3,0x90,0x90,0x00,0x00,,,,,"Set torque = 0"
189689,TX,0x201,3,0x90,0x90,0x00,0x00,,,,,"Set torque = 0"
189704,RX,0x181,6,0x40,0x40,0x11,0x43,0x80,0x00,0x0B,,"Status word = 0x4311"
189711,RX,0x181,4,0x30,0x30,0x00,0x00,0x01,,,,"Speed feedback = 0 rpm"
189718,TX,0x201,3,0x90,0x90,0x00,0x00,,,,,"Set torque = 0"
189744,TX,0x201,3,0x90,0x90,0x00,0x00,,,,,"Set torque = 0"
189883,RX,0x181,6,0x40,0x40,0x11,0x43,0x80,0x00,0x0B,,"Status word = 0x4311"
189890,RX,0x181,4,0x30,0x30,0x00,0x00,0x01,,,,"Speed feedback = 0 rpm"
189903,TX,0x201,3,0x90,0x90,0x00,0x00,,,,,"Set torque = 0"
189909,RX,0x181,6,0x40,0x40,0x11,0x43,0x80,0x00,0x0B,,"Status word = 0x4311"
189916,RX,0x181,4,0x30,0x30,0x00,0x00,0x01,,,,"Speed feedback = 0 rpm"
189929,TX,0x201,3,0x90,0x90,0x00,0x00,,,,,"Set torque = 0"
189956,TX,0x201,3,0x90,0x90,0x00,0x00,,,,,"Set torque = 0"
189982,TX,0x201,3,0x90,0x90,0x00,0x00,,,,,"Set torque = 0"
190003,RX,0x181,6,0x40,0x40,0x11,0x43,0x80,0x00,0x0B,,"Status word = 0x4311"
190010,TX,0x201,3,0x90,0x90,0x00,0x00,,,,,"Set torque = 0"
190017,RX,0x181,4,0x30,0x30,0x00,0x00,0x01,,,,"Speed feedback = 0 rpm"
190037,TX,0x201,3,0x90,0x90,0x00,0x00,,,,,"Set torque = 0"
190063,TX,0x201,3,0x90,0x90,0x00,0x00,,,,,"Set torque = 0"
190089,TX,0x201,3,0x90,0x90,0x00,0x00,,,,,"Set torque = 0"
190103,RX,0x181,6,0x40,0x40,0x11,0x43,0x80,0x00,0x0B,,"Status word = 0x4311"
190110,RX,0x181,4,0x30,0x30,0x00,0x00,0x01,,,,"Speed feedback = 0 rpm"
190117,TX,0x201,3,0x90,0x90,0x00,0x00,,,,,"Set torque = 0"
190144,TX,0x201,3,0x90,0x90,0x00,0x00,,,,,"Set torque = 0"
190170,TX,0x201,3,0x90,0x90,0x00,0x00,,,,,"Set torque = 0"
190196,TX,0x201,3,0x90,0x90,0x00,0x00,,,,,"Set torque = 0"
190203,RX,0x181,6,0x40,0x40,0x11,0x43,0x80,0x00,0x0B,,"Status word = 0x4311"
190210,RX,0x181,4,0x30,0x30,0x00,0x00,0x01,,,,"Speed feedback = 0 rpm"
190222,TX,0x201,3,0x90,0x90,0x00,0x00,,,,,"Set torque = 0"
190248,TX,0x201,3,0x90,0x90,0x00,0x00,,,,,"Set torque = 0"
190306,RX,0x181,6,0x40,0x40,0x11,0x43,0x80,0x00,0x0B,,"Status word = 0x4311"
190313,RX,0x181,4,0x30,0x30,0x00,0x00,0x01,,,,"Speed feedback = 0 rpm"
190326,TX,0x201,3,0x90,0x90,0x00,0x00,,,,,"Set torque = 0"
190352,TX,0x201,3,0x90,0x90,0x00,0x00,,,,,"Set torque = 0"
190378,TX,0x201,3,0x90,0x90,0x00,0x00,,,,,"Set torque = 0"
190403,RX,0x181,6,0x40,0x40,0x11,0x43,0x80,0x00,0x0B,,"Status word = 0x4311"
190409,TX,0x201,3,0x90,0x90,0x00,0x00,,,,,"Set torque = 0"
190417,RX,0x181,4,0x30,0x30,0x00,0x00,0x01,,,,"Speed feedback = 0 rpm"
190437,TX,0x201,3,0x90,0x90,0x00,0x00,,,,,"Set torque = 0"
190464,TX,0x201,3,0x90,0x90,0x00,0x00,,,,,"Set torque = 0"
190490,TX,0x201,3,0x90,0x90,0x00,0x00,,,,,"Set torque = 0"
190503,RX,0x181,6,0x40,0x40,0x11,0x43,0x80,0x00,0x0B,,"Status word = 0x4311"
190509,RX,0x181,4,0x30,0x30,0x00,0x00,0x01,,,,"Speed feedback = 0 rpm"
190516,TX,0x201,3,0x90,0x90,0x00,0x00,,,,,"Set torque = 0"
190543,TX,0x201,3,0x90,0x90,0x00,0x00,,,,,"Set torque = 0"
190569,TX,0x201,3,0x90,0x90,0x00,0x00,,,,,"Set torque = 0"
190595,TX,0x201,3,0x90,0x90,0x00,0x00,,,,,"Set torque = 0"
190602,RX,0x181,6,0x40,0x40,0x11,0x43,0x80,0x00,0x0B,,"Status word = 0x4311"
190610,RX,0x181,4,0x30,0x30,0x00,0x00,0x01,,,,"Speed feedback = 0 rpm"
190621,TX,0x201,3,0x90,0x90,0x00,0x00,,,,,"Set torque = 0"
190647,TX,0x201,3,0x90,0x90,0x00,0x00,,,,,"Set torque = 0"
190673,TX,0x201,3,0x90,0x90,0x00,0x00,,,,,"Set torque = 0"
190699,TX,0x201,3,0x90,0x90,0x00,0x00,,,,,"Set torque = 0"
190705,RX,0x181,6,0x40,0x40,0x11,0x43,0x80,0x00,0x0B,,"Status word = 0x4311"
190795,RX,0x181,4,0x30,0x30,0x00,0x00,0x01,,,,"Speed feedback = 0 rpm"
190802,TX,0x201,3,0x90,0x90,0x00,0x00,,,,,"Set torque = 0"
190809,RX,0x181,6,0x40,0x40,0x11,0x43,0x80,0x00,0x0B,,"Status word = 0x4311"
190816,RX,0x181,4,0x30,0x30,0x00,0x00,0x01,,,,"Speed feedback = 0 rpm"
190829,TX,0x201,3,0x90,0x90,0x00,0x00,,,,,"Set torque = 0"
190855,TX,0x201,3,0x90,0x90,0x00,0x00,,,,,"Set torque = 0"
190881,TX,0x201,3,0x90,0x90,0x00,0x00,,,,,"Set torque = 0"
190902,RX,0x181,6,0x40,0x40,0x11,0x43,0x80,0x00,0x0B,,"Status word = 0x4311"
190909,TX,0x201,3,0x90,0x90,0x00,0x00,,,,,"Set torque = 0"
190916,RX,0x181,4,0x30,0x30,0x00,0x00,0x01,,,,"Speed feedback = 0 rpm"
190936,TX,0x201,3,0x90,0x90,0x00,0x00,,,,,"Set torque = 0"
190962,TX,0x201,3,0x90,0x90,0x00,0x00,,,,,"Set torque = 0"
190989,TX,0x201,3,0x90,0x90,0x00,0x00,,,,,"Set torque = 0"
191002,RX,0x181,6,0x40,0x40,0x11,0x43,0x80,0x00,0x0B,,"Status word = 0x4311"
191009,RX,0x181,4,0x30,0x30,0x00,0x00,0x01,,,,"Speed feedback = 0 rpm"
191016,TX,0x201,3,0x90,0x90,0x00,0x00,,,,,"Set torque = 0"
191043,TX,0x201,3,0x90,0x90,0x00,0x00,,,,,"Set torque = 0"
191069,TX,0x201,3,0x90,0x90,0x00,0x00,,,,,"Set torque = 0"
191095,TX,0x201,3,0x90,0x90,0x00,0x00,,,,,"Set torque = 0"
191102,RX,0x181,6,0x40,0x40,0x11,0x43,0x80,0x00,0x0B,,"Status word = 0x4311"
191109,RX,0x181,4,0x30,0x30,0x00,0x00,0x01,,,,"Speed feedback = 0 rpm"
191121,TX,0x201,3,0x90,0x90,0x00,0x00,,,,,"Set torque = 0"
191147,TX,0x201,3,0x90,0x90,0x00,0x00,,,,,"Set torque = 0"
191173,TX,0x201,3,0x90,0x90,0x00,0x00,,,,,"Set torque = 0"
191262,RX,0x181,6,0x40,0x40,0x11,0x43,0x80,0x00,0x0B,,"Status word = 0x4311"
191269,RX,0x181,4,0x30,0x30,0x00,0x00,0x01,,,,"Speed feedback = 0 rpm"
191282,TX,0x201,3,0x90,0x90,0x00,0x00,,,,,"Set torque = 0"
191301,RX,0x181,6,0x40,0x40,0x11,0x43,0x80,0x00,0x0B,,"Status word = 0x4311"
191308,TX,0x201,3,0x90,0x90,0x00,0x00,,,,,"Set torque = 0"
191315,RX,0x181,4,0x30,0x30,0x00,0x00,0x01,,,,"Speed feedback = 0 rpm"
191335,TX,0x201,3,0x90,0x90,0x00,0x00,,,,,"Set torque = 0"
191361,TX,0x201,3,0x90,0x90,0x00,0x00,,,,,"Set torque = 0"
191387,TX,0x201,3,0x90,0x90,0x00,0x00,,,,,"Set torque = 0"
191401,RX,0x181,6,0x40,0x40,0x11,0x43,0x80,0x00,0x0B,,"Status word = 0x4311"
191408,RX,0x181,4,0x30,0x30,0x00,0x00,0x01,,,,"Speed feedback = 0 rpm"
191415,TX,0x201,3,0x90,0x90,0x00,0x00,,,,,"Set torque = 0"
191442,TX,0x201,3,0x90,0x90,0x00,0x00,,,,,"Set torque = 0"
191468,TX,0x201,3,0x90,0x90,0x00,0x00,,,,,"Set torque = 0"
191494,TX,0x201,3,0x90,0x90,0x00,0x00,,,,,"Set torque = 0"
191501,RX,0x181,6,0x40,0x40,0x11,0x43,0x80,0x00,0x0B,,"Status word = 0x4311"
191508,RX,0x181,4,0x30,0x30,0x00,0x00,0x01,,,,"Speed feedback = 0 rpm"
191521,TX,0x201,3,0x90,0x90,0x00,0x00,,,,,"Set torque = 0"
191547,TX,0x201,3,0x90,0x90,0x00,0x00,,,,,"Set torque = 0"
191573,TX,0x201,3,0x90,0x90,0x00,0x00,,,,,"Set torque = 0"
191599,TX,0x201,3,0x90,0x90,0x00,0x00,,,,,"Set torque = 0"
191605,RX,0x181,6,0x40,0x40,0x11,0x43,0x80,0x00,0x0B,,"Status word = 0x4311"
191615,RX,0x181,4,0x30,0x30,0x00,0x00,0x01,,,,"Speed feedback = 0 rpm"
191697,TX,0x201,3,0x90,0x90,0x00,0x00,,,,,"Set torque = 0"
191703,RX,0x181,6,0x40,0x40,0x11,0x43,0x80,0x00,0x0B,,"Status word = 0x4311"
191710,RX,0x181,4,0x30,0x30,0x00,0x00,0x01,,,,"Speed feedback = 0 rpm"
191723,TX,0x201,3,0x90,0x90,0x00,0x00,,,,,"Set torque = 0"
191749,TX,0x201,3,0x90,0x90,0x00,0x00,,,,,"Set torque = 0"
191775,TX,0x201,3,0x90,0x90,0x00,0x00,,,,,"Set torque = 0"
191800,RX,0x181,6,0x40,0x40,0x11,0x43,0x80,0x00,0x0B,,"Status word = 0x4311"
191807,TX,0x201,3,0x90,0x90,0x00,0x00,,,,,"Set torque = 0"
191814,RX,0x181,4,0x30,0x30,0x00,0x00,0x01,,,,"Speed feedback = 0 rpm"
191834,TX,0x201,3,0x90,0x90,0x00,0x00,,,,,"Set torque = 0"
191860,TX,0x201,3,0x90,0x90,0x00,0x00,,,,,"Set torque = 0"
191886,TX,0x201,3,0x90,0x90,0x00,0x00,,,,,"Set torque = 0"
191900,RX,0x181,6,0x40,0x40,0x11,0x43,0x80,0x00,0x0B,,"Status word = 0x4311"
191907,RX,0x181,4,0x30,0x30,0x00,0x00,0x01,,,,"Speed feedback = 0 rpm"
191914,TX,0x201,3,0x90,0x90,0x00,0x00,,,,,"Set torque = 0"
191941,TX,0x201,3,0x90,0x90,0x00,0x00,,,,,"Set torque = 0"
191967,TX,0x201,3,0x90,0x90,0x00,0x00,,,,,"Set torque = 0"
191993,TX,0x201,3,0x90,0x90,0x00,0x00,,,,,"Set torque = 0"
192000,RX,0x181,6,0x40,0x40,0x11,0x43,0x80,0x00,0x0B,,"Status word = 0x4311"
192007,RX,0x181,4,0x30,0x30,0x00,0x00,0x01,,,,"Speed feedback = 0 rpm"
192020,TX,0x201,3,0x90,0x90,0x00,0x00,,,,,"Set torque = 0"
192046,TX,0x201,3,0x90,0x90,0x00,0x00,,,,,"Set torque = 0"
192072,TX,0x201,3,0x90,0x90,0x00,0x00,,,,,"Set torque = 0"
192098,TX,0x201,3,0x90,0x90,0x00,0x00,,,,,"Set torque = 0"
192181,RX,0x181,6,0x40,0x40,0x11,0x43,0x80,0x00,0x0B,,"Status word = 0x4311"
192187,RX,0x181,4,0x30,0x30,0x00,0x00,0x01,,,,"Speed feedback = 0 rpm"
192200,RX,0x181,6,0x40,0x40,0x11,0x43,0x80,0x00,0x0B,,"Status word = 0x4311"
192207,RX,0x181,4,0x30,0x30,0x00,0x00,0x01,,,,"Speed feedback = 0 rpm"
192214,TX,0x201,3,0x90,0x90,0x00,0x00,,,,,"Set torque = 0"
192240,TX,0x201,3,0x90,0x90,0x00,0x00,,,,,"Set torque = 0"
192266,TX,0x201,3,0x90,0x90,0x00,0x00,,,,,"Set torque = 0"
192292,TX,0x201,3,0x90,0x90,0x00,0x00,,,,,"Set torque = 0"
192300,RX,0x181,6,0x40,0x40,0x11,0x43,0x80,0x00,0x0B,,"Status word = 0x4311"
192307,RX,0x181,4,0x30,0x30,0x00,0x00,0x01,,,,"Speed feedback = 0 rpm"
192318,TX,0x201,3,0x90,0x90,0x00,0x00,,,,,"Set torque = 0"
192344,TX,0x201,3,0x90,0x90,0x00,0x00,,,,,"Set torque = 0"
192371,TX,0x201,3,0x90,0x90,0x00,0x00,,,,,"Set torque = 0"
192397,TX,0x201,3,0x90,0x90,0x00,0x00,,,,,"Set torque = 0"
192403,RX,0x181,6,0x40,0x40,0x11,0x43,0x80,0x00,0x0B,,"Status word = 0x4311"
192410,RX,0x181,4,0x30,0x30,0x00,0x00,0x01,,,,"Speed feedback = 0 rpm"
192423,TX,0x201,3,0x90,0x90,0x00,0x00,,,,,"Set torque = 0"
192449,TX,0x201,3,0x90,0x90,0x00,0x00,,,,,"Set torque = 0"
192475,TX,0x201,3,0x90,0x90,0x00,0x00,,,,,"Set torque = 0"
192499,RX,0x181,6,0x40,0x40,0x11,0x43,0x80,0x00,0x0B,,"Status word = 0x4311"
192506,TX,0x201,3,0x90,0x90,0x00,0x00,,,,,"Set torque = 0"
192513,RX,0x181,4,0x30,0x30,0x00,0x00,0x01,,,,"Speed feedback = 0 rpm"
192533,TX,0x201,3,0x90,0x90,0x00,0x00,,,,,"Set torque = 0"
192559,TX,0x201,3,0x90,0x90,0x00,0x00,,,,,"Set torque = 0"
192644,RX,0x181,6,0x40,0x40,0x11,0x43,0x80,0x00,0x0B,,"Status word = 0x4311"
192651,RX,0x181,4,0x30,0x30,0x00,0x00,0x01,,,,"Speed feedback = 0 rpm"
192664,TX,0x201,3,0x90,0x90,0x00,0x00,,,,,"Set torque = 0"
192690,TX,0x201,3,0x90,0x90,0x00,0x00,,,,,"Set torque = 0"
192699,RX,0x181,6,0x40,0x40,0x11,0x43,0x80,0x00,0x0B,,"Status word = 0x4311"
192706,RX,0x181,4,0x30,0x30,0x00,0x00,0x01,,,,"Speed feedback = 0 rpm"
192716,TX,0x201,3,0x90,0x90,0x00,0x00,,,,,"Set torque = 0"
192742,TX,0x201,3,0x90,0x90,0x00,0x00,,,,,"Set torque = 0"
192768,TX,0x201,3,0x90,0x90,0x00,0x00,,,,,"Set torque = 0"
192794,TX,0x201,3,0x90,0x90,0x00,0x00,,,,,"Set torque = 0"
192800,RX,0x181,6,0x40,0x40,0x11,0x43,0x80,0x00,0x0B,,"Status word = 0x4311"
192807,RX,0x181,4,0x30,0x30,0x00,0x00,0x01,,,,"Speed feedback = 0 rpm"
192820,TX,0x201,3,0x90,0x90,0x00,0x00,,,,,"Set torque = 0"
192846,TX,0x201,3,0x90,0x90,0x00,0x00,,,,,"Set torque = 0"
192872,TX,0x201,3,0x90,0x90,0x00,0x00,,,,,"Set torque = 0"
192899,TX,0x201,3,0x90,0x90,0x00,0x00,,,,,"Set torque = 0"
192905,RX,0x181,6,0x40,0x40,0x11,0x43,0x80,0x00,0x0B,,"Status word = 0x4311"
192912,RX,0x181,4,0x30,0x30,0x00,0x00,0x01,,,,"Speed feedback = 0 rpm"
192925,TX,0x201,3,0x90,0x90,0x00,0x00,,,,,"Set torque = 0"
192951,TX,0x201,3,0x90,0x90,0x00,0x00,,,,,"Set torque = 0"
192977,TX,0x201,3,0x90,0x90,0x00,0x00,,,,,"Set torque = 0"
192999,RX,0x181,6,0x40,0x40,0x11,0x43,0x80,0x00,0x0B,,"Status word = 0x4311"
193005,TX,0x201,3,0x90,0x90,0x00,0x00,,,,,"Set torque = 0"
193012,RX,0x181,4,0x30,0x30,0x00,0x00,0x01,,,,"Speed feedback = 0 rpm"
193097,TX,0x201,3,0x90,0x90,0x00,0x00,,,,,"Set torque = 0"
193104,RX,0x181,6,0x40,0x40,0x11,0x43,0x80,0x00,0x0B,,"Status word = 0x4311"
193111,RX,0x181,4,0x30,0x30,0x00,0x00,0x01,,,,"Speed feedback = 0 rpm"
193124,TX,0x201,3,0x90,0x90,0x00,0x00,,,,,"Set torque = 0"
193150,TX,0x201,3,0x90,0x90,0x00,0x00,,,,,"Set torque = 0"
193176,TX,0x201,3,0x90,0x90,0x00,0x00,,,,,"Set torque = 0"
193198,RX,0x181,6,0x40,0x40,0x11,0x43,0x80,0x00,0x0B,,"Status word = 0x4311"
193205,TX,0x201,3,0x90,0x90,0x00,0x00,,,,,"Set torque = 0"
193212,RX,0x181,4,0x30,0x30,0x00,0x00,0x01,,,,"Speed feedback = 0 rpm"
193232,TX,0x201,3,0x90,0x90,0x00,0x00,,,,,"Set torque = 0"
193258,TX,0x201,3,0x90,0x90,0x00,0x00,,,,,"Set torque = 0"
193284,TX,0x201,3,0x90,0x90,0x00,0x00,,,,,"Set torque = 0"
193298,RX,0x181,6,0x40,0x40,0x11,0x43,0x80,0x00,0x0B,,"Status word = 0x4311"
193305,RX,0x181,4,0x30,0x30,0x00,0x00,0x01,,,,"Speed feedback = 0 rpm"
193312,TX,0x201,3,0x90,0x90,0x00,0x00,,,,,"Set torque = 0"
193339,TX,0x201,3,0x90,0x90,0x00,0x00,,,,,"Set torque = 0"
193365,TX,0x201,3,0x90,0x90,0x00,0x00,,,,,"Set torque = 0"
193391,TX,0x201,3,0x90,0x90,0x00,0x00,,,,,"Set torque = 0"
193398,RX,0x181,6,0x40,0x40,0x11,0x43,0x80,0x00,0x0B,,"Status word = 0x4311"
193405,RX,0x181,4,0x30,0x30,0x00,0x00,0x01,,,,"Speed feedback = 0 rpm"
193418,TX,0x201,3,0x90,0x90,0x00,0x00,,,,,"Set torque = 0"
193444,TX,0x201,3,0x90,0x90,0x00,0x00,,,,,"Set torque = 0"
193470,TX,0x201,3,0x90,0x90,0x00,0x00,,,,,"Set torque = 0"
193496,TX,0x201,3,0x90,0x90,0x00,0x00,,,,,"Set torque = 0"
193581,RX,0x181,6,0x40,0x40,0x11,0x43,0x80,0x00,0x0B,,"Status word = 0x4311"
193588,RX,0x181,4,0x30,0x30,0x00,0x00,0x01,,,,"Speed feedback = 0 rpm"
193598,RX,0x181,6,0x40,0x40,0x11,0x43,0x80,0x00,0x0B,,"Status word = 0x4311"
193605,RX,0x181,4,0x30,0x30,0x00,0x00,0x01,,,,"Speed feedback = 0 rpm"
193612,TX,0x201,3,0x90,0x90,0x00,0x00,,,,,"Set torque = 0"
193638,TX,0x201,3,0x90,0x90,0x00,0x00,,,,,"Set torque = 0"
193664,TX,0x201,3,0x90,0x90,0x00,0x00,,,,,"Set torque = 0"
193690,TX,0x201,3,0x90,0x90,0x00,0x00,,,,,"Set torque = 0"
193697,RX,0x181,6,0x40,0x40,0x11,0x43,0x80,0x00,0x0B,,"Status word = 0x4311"
193704,RX,0x181,4,0x30,0x30,0x00,0x00,0x01,,,,"Speed feedback = 0 rpm"
193716,TX,0x201,3,0x90,0x90,0x00,0x00,,,,,"Set torque = 0"
193742,TX,0x201,3,0x90,0x90,0x00,0x00,,,,,"Set torque = 0"
193769,TX,0x201,3,0x90,0x90,0x00,0x00,,,,,"Set torque = 0"
193795,TX,0x201,3,0x90,0x90,0x00,0x00,,,,,"Set torque = 0"
193801,RX,0x181,6,0x40,0x40,0x11,0x43,0x80,0x00,0x0B,,"Status word = 0x4311"
193808,RX,0x181,4,0x30,0x30,0x00,0x00,0x01,,,,"Speed feedback = 0 rpm"
193821,TX,0x201,3,0x90,0x90,0x00,0x00,,,,,"Set torque = 0"
193847,TX,0x201,3,0x90,0x90,0x00,0x00,,,,,"Set torque = 0"
193873,TX,0x201,3,0x90,0x90,0x00,0x00,,,,,"Set torque = 0"
193897,RX,0x181,6,0x40,0x40,0x11,0x43,0x80,0x00,0x0B,,"Status word = 0x4311"
193904,TX,0x201,3,0x90,0x90,0x00,0x00,,,,,"Set torque = 0"
193911,RX,0x181,4,0x30,0x30,0x00,0x00,0x01,,,,"Speed feedback = 0 rpm"
193931,TX,0x201,3,0x90,0x90,0x00,0x00,,,,,"Set torque = 0"
193957,TX,0x201,3,0x90,0x90,0x00,0x00,,,,,"Set torque = 0"
194041,RX,0x181,6,0x40,0x40,0x11,0x43,0x80,0x00,0x0B,,"Status word = 0x4311"
194048,RX,0x181,4,0x30,0x30,0x00,0x00,0x01,,,,"Speed feedback = 0 rpm"
194061,TX,0x201,3,0x90,0x90,0x00,0x00,,,,,"Set torque = 0"
194087,TX,0x201,3,0x90,0x90,0x00,0x00,,,,,"Set torque = 0"
194097,RX,0x181,6,0x40,0x40,0x11,0x43,0x80,0x00,0x0B,,"Status word = 0x4311"
194104,RX,0x181,4,0x30,0x30,0x00,0x00,0x01,,,,"Speed feedback = 0 rpm"
194113,TX,0x201,3,0x90,0x90,0x00,0x00,,,,,"Set torque = 0"
194139,TX,0x201,3,0x90,0x90,0x00,0x00,,,,,"Set torque = 0"
194165,TX,0x201,3,0x90,0x90,0x00,0x00,,,,,"Set torque = 0"
194191,TX,0x201,3,0x90,0x90,0x00,0x00,,,,,"Set torque = 0"
194197,RX,0x181,6,0x40,0x40,0x11,0x43,0x80,0x00,0x0B,,"Status word = 0x4311"
194204,RX,0x181,4,0x30,0x30,0x00,0x00,0x01,,,,"Speed feedback = 0 rpm"
194217,TX,0x201,3,0x90,0x90,0x00,0x00,,,,,"Set torque = 0"
194243,TX,0x201,3,0x90,0x90,0x00,0x00,,,,,"Set torque = 0"
194269,TX,0x201,3,0x90,0x90,0x00,0x00,,,,,"Set torque = 0"
194296,TX,0x201,3,0x90,0x90,0x00,0x00,,,,,"Set torque = 0"
194302,RX,0x181,6,0x40,0x40,0x11,0x43,0x80,0x00,0x0B,,"Status word = 0x4311"
194309,RX,0x181,4,0x30,0x30,0x00,0x00,0x01,,,,"Speed feedback = 0 rpm"
194322,TX,0x201,3,0x90,0x90,0x00,0x00,,,,,"Set torque = 0"
194348,TX,0x201,3,0x90,0x90,0x00,0x00,,,,,"Set torque = 0"
194374,TX,0x201,3,0x90,0x90,0x00,0x00,,,,,"Set torque = 0"
194396,RX,0x181,6,0x40,0x40,0x11,0x43,0x80,0x00,0x0B,,"Status word = 0x4311"
194403,TX,0x201,3,0x90,0x90,0x00,0x00,,,,,"Set torque = 0"
194410,RX,0x181,4,0x30,0x30,0x00,0x00,0x01,,,,"Speed feedback = 0 rpm"
194490,TX,0x201,3,0x90,0x90,0x00,0x00,,,,,"Set torque = 0"
194496,RX,0x181,6,0x40,0x40,0x11,0x43,0x80,0x00,0x0B,,"Status word = 0x4311"
194503,RX,0x181,4,0x30,0x30,0x00,0x00,0x01,,,,"Speed feedback = 0 rpm"
194516,TX,0x201,3,0x90,0x90,0x00,0x00,,,,,"Set torque = 0"
194542,TX,0x201,3,0x90,0x90,0x00,0x00,,,,,"Set torque = 0"
194568,TX,0x201,3,0x90,0x90,0x00,0x00,,,,,"Set torque = 0"
194594,TX,0x201,3,0x90,0x90,0x00,0x00,,,,,"Set torque = 0"
194600,RX,0x181,6,0x40,0x40,0x11,0x43,0x80,0x00,0x0B,,"Status word = 0x4311"
194607,RX,0x181,4,0x30,0x30,0x00,0x00,0x01,,,,"Speed feedback = 0 rpm"
194620,TX,0x201,3,0x90,0x90,0x00,0x00,,,,,"Set torque = 0"
194646,TX,0x201,3,0x90,0x90,0x00,0x00,,,,,"Set torque = 0"
194672,TX,0x201,3,0x90,0x90,0x00,0x00,,,,,"Set torque = 0"
194696,RX,0x181,6,0x40,0x40,0x11,0x43,0x80,0x00,0x0B,,"Status word = 0x4311"
194703,TX,0x201,3,0x90,0x90,0x00,0x00,,,,,"Set torque = 0"
194709,RX,0x181,4,0x30,0x30,0x00,0x00,0x01,,,,"Speed feedback = 0 rpm"
194729,TX,0x201,3,0x90,0x90,0x00,0x00,,,,,"Set torque = 0"
194755,TX,0x201,3,0x90,0x90,0x00,0x00,,,,,"Set torque = 0"
194781,TX,0x201,3,0x90,0x90,0x00,0x00,,,,,"Set torque = 0"
194796,RX,0x181,6,0x40,0x40,0x11,0x43,0x80,0x00,0x0B,,"Status word = 0x4311"
194803,RX,0x181,4,0x30,0x30,0x00,0x00,0x01,,,,"Speed feedback = 0 rpm"
194809,TX,0x201,3,0x90,0x90,0x00,0x00,,,,,"Set torque = 0"
194836,TX,0x201,3,0x90,0x90,0x00,0x00,,,,,"Set torque = 0"
194862,TX,0x201,3,0x90,0x90,0x00,0x00,,,,,"Set torque = 0"
194888,TX,0x201,3,0x90,0x90,0x00,0x00,,,,,"Set torque = 0"
194968,RX,0x181,6,0x40,0x40,0x11,0x43,0x80,0x00,0x0B,,"Status word = 0x4311"
194975,RX,0x181,4,0x30,0x30,0x00,0x00,0x01,,,,"Speed feedback = 0 rpm"
194988,TX,0x201,3,0x90,0x90,0x00,0x00,,,,,"Set torque = 0"
194995,RX,0x181,6,0x40,0x40,0x11,0x43,0x80,0x00,0x0B,,"Status word = 0x4311"
195002,RX,0x181,4,0x30,0x30,0x00,0x00,0x01,,,,"Speed feedback = 0 rpm"
195015,TX,0x201,3,0x90,0x90,0x00,0x00,,,,,"Set torque = 0"
195041,TX,0x201,3,0x90,0x90,0x00,0x00,,,,,"Set torque = 0"
195067,TX,0x201,3,0x90,0x90,0x00,0x00,,,,,"Set torque = 0"
195093,TX,0x201,3,0x90,0x90,0x00,0x00,,,,,"Set torque = 0"
195099,RX,0x181,6,0x40,0x40,0x11,0x43,0x80,0x00,0x0B,,"Status word = 0x4311"
195106,RX,0x181,4,0x30,0x30,0x00,0x00,0x01,,,,"Speed feedback = 0 rpm"
195119,TX,0x201,3,0x90,0x90,0x3D,0x00,,,,,"Set torque = 61"
195146,TX,0x201,3,0x90,0x90,0x00,0x00,,,,,"Set torque = 0"
195172,TX,0x201,3,0x90,0x90,0x00,0x00,,,,,"Set torque = 0"
195195,RX,0x181,6,0x40,0x40,0x11,0x43,0x80,0x00,0x0B,,"Status word = 0x4311"
195202,TX,0x201,3,0x90,0x90,0x00,0x00,,,,,"Set torque = 0"
195209,RX,0x181,4,0x30,0x30,0x00,0x00,0x01,,,,"Speed feedback = 0 rpm"
195229,TX,0x201,3,0x90,0x90,0x00,0x00,,,,,"Set torque = 0"
195255,TX,0x201,3,0x90,0x90,0x00,0x00,,,,,"Set torque = 0"
195281,TX,0x201,3,0x90,0x90,0x00,0x00,,,,,"Set torque = 0"
195295,RX,0x181,6,0x40,0x40,0x11,0x43,0x80,0x00,0x0B,,"Status word = 0x4311"
195302,RX,0x181,4,0x30,0x30,0x00,0x00,0x01,,,,"Speed feedback = 0 rpm"
195309,TX,0x201,3,0x90,0x90,0x00,0x00,,,,,"Set torque = 0"
195395,RX,0x181,6,0x40,0x40,0x11,0x43,0x80,0x00,0x0B,,"Status word = 0x4311"
195402,RX,0x181,4,0x30,0x30,0x00,0x00,0x01,,,,"Speed feedback = 0 rpm"
195410,TX,0x201,3,0x90,0x90,0x00,0x00,,,,,"Set torque = 0"
195436,TX,0x201,3,0x90,0x90,0x00,0x00,,,,,"Set torque = 0"
195462,TX,0x201,3,0x90,0x90,0x00,0x00,,,,,"Set torque = 0"
195488,TX,0x201,3,0x90,0x90,0x00,0x00,,,,,"Set torque = 0"
195495,RX,0x181,6,0x40,0x40,0x11,0x43,0x80,0x00,0x0B,,"Status word = 0x4311"
195502,RX,0x181,4,0x30,0x30,0x00,0x00,0x01,,,,"Speed feedback = 0 rpm"
195515,TX,0x201,3,0x90,0x90,0x00,0x00,,,,,"Set torque = 0"
195541,TX,0x201,3,0x90,0x90,0x00,0x00,,,,,"Set torque = 0"
195567,TX,0x201,3,0x90,0x90,0x00,0x00,,,,,"Set torque = 0"
195593,TX,0x201,3,0x90,0x90,0x00,0x00,,,,,"Set torque = 0"
195599,RX,0x181,6,0x40,0x40,0x11,0x43,0x80,0x00,0x0B,,"Status word = 0x4311"
195606,RX,0x181,4,0x30,0x30,0x00,0x00,0x01,,,,"Speed feedback = 0 rpm"
195619,TX,0x201,3,0x90,0x90,0x00,0x00,,,,,"Set torque = 0"
195646,TX,0x201,3,0x90,0x90,0x00,0x00,,,,,"Set torque = 0"
195672,TX,0x201,3,0x90,0x90,0x00,0x00,,,,,"Set torque = 0"
195694,RX,0x181,6,0x40,0x40,0x11,0x43,0x80,0x00,0x0B,,"Status word = 0x4311"
195701,TX,0x201,3,0x90,0x90,0x00,0x00,,,,,"Set torque = 0"
195708,RX,0x181,4,0x30,0x30,0x00,0x00,0x01,,,,"Speed feedback = 0 rpm"
195728,TX,0x201,3,0x90,0x90,0x00,0x00,,,,,"Set torque = 0"
195754,TX,0x201,3,0x90,0x90,0x00,0x00,,,,,"Set torque = 0"
195780,TX,0x201,3,0x90,0x90,0x00,0x00,,,,,"Set torque = 0"
195794,RX,0x181,6,0x40,0x40,0x11,0x43,0x80,0x00,0x0B,,"Status word = 0x4311"
195879,RX,0x181,4,0x30,0x30,0x00,0x00,0x01,,,,"Speed feedback = 0 rpm"
195886,TX,0x201,3,0x90,0x90,0x00,0x00,,,,,"Set torque = 0"
195894,RX,0x181,6,0x40,0x40,0x11,0x43,0x80,0x00,0x0B,,"Status word = 0x4311"
195901,RX,0x181,4,0x30,0x30,0x00,0x00,0x01,,,,"Speed feedback = 0 rpm"
195913,TX,0x201,3,0x90,0x90,0x00,0x00,,,,,"Set torque = 0"
195939,TX,0x201,3,0x90,0x90,0x00,0x00,,,,,"Set torque = 0"
195965,TX,0x201,3,0x90,0x90,0x00,0x00,,,,,"Set torque = 0"
195991,TX,0x201,3,0x90,0x90,0x00,0x00,,,,,"Set torque = 0"
195997,RX,0x181,6,0x40,0x40,0x11,0x43,0x80,0x00,0x0B,,"Status word = 0x4311"
196004,RX,0x181,4,0x30,0x30,0x00,0x00,0x01,,,,"Speed feedback = 0 rpm"
196017,TX,0x201,3,0x90,0x90,0x00,0x00,,,,,"Set torque = 0"
196043,TX,0x201,3,0x90,0x90,0x00,0x00,,,,,"Set torque = 0"
196069,TX,0x201,3,0x90,0x90,0x00,0x00,,,,,"Set torque = 0"
196094,RX,0x181,6,0x40,0x40,0x11,0x43,0x80,0x00,0x0B,,"Status word = 0x4311"
196101,TX,0x201,3,0x90,0x90,0x00,0x00,,,,,"Set torque = 0"
196107,RX,0x181,4,0x30,0x30,0x00,0x00,0x01,,,,"Speed feedback = 0 rpm"
196127,TX,0x201,3,0x90,0x90,0x00,0x00,,,,,"Set torque = 0"
196153,TX,0x201,3,0x90,0x90,0x00,0x00,,,,,"Set torque = 0"
196180,TX,0x201,3,0x90,0x90,0x00,0x00,,,,,"Set torque = 0"
196194,RX,0x181,6,0x40,0x40,0x11,0x43,0x80,0x00,0x0B,,"Status word = 0x4311"
196200,RX,0x181,4,0x30,0x30,0x00,0x00,0x01,,,,"Speed feedback = 0 rpm"
196207,TX,0x201,3,0x90,0x90,0x00,0x00,,,,,"Set torque = 0"
196234,TX,0x201,3,0x90,0x90,0x00,0x00,,,,,"Set torque = 0"
196260,TX,0x201,3,0x90,0x90,0x00,0x00,,,,,"Set torque = 0"
196346,RX,0x181,6,0x40,0x40,0x11,0x43,0x80,0x00,0x0B,,"Status word = 0x4311"
196353,RX,0x181,4,0x30,0x30,0x00,0x00,0x01,,,,"Speed feedback = 0 rpm"
196366,TX,0x201,3,0x90,0x90,0x00,0x00,,,,,"Set torque = 0"
196393,TX,0x201,3,0x90,0x90,0x00,0x00,,,,,"Set torque = 0"
196399,RX,0x181,6,0x40,0x40,0x11,0x43,0x80,0x00,0x0B,,"Status word = 0x4311"
196406,RX,0x181,4,0x30,0x30,0x00,0x00,0x01,,,,"Speed feedback = 0 rpm"
196419,TX,0x201,3,0x90,0x90,0x00,0x00,,,,,"Set torque = 0"
196445,TX,0x201,3,0x90,0x90,0x00,0x00,,,,,"Set torque = 0"
196471,TX,0x201,3,0x90,0x90,0x00,0x00,,,,,"Set torque = 0"
196493,RX,0x181,6,0x40,0x40,0x11,0x43,0x80,0x00,0x0B,,"Status word = 0x4311"
196500,TX,0x201,3,0x90,0x90,0x00,0x00,,,,,"Set torque = 0"
196507,RX,0x181,4,0x30,0x30,0x00,0x00,0x01,,,,"Speed feedback = 0 rpm"
196527,TX,0x201,3,0x90,0x90,0x00,0x00,,,,,"Set torque = 0"
196553,TX,0x201,3,0x90,0x90,0x00,0x00,,,,,"Set torque = 0"
196579,TX,0x201,3,0x90,0x90,0x00,0x00,,,,,"Set torque = 0"
196593,RX,0x181,6,0x40,0x40,0x11,0x43,0x80,0x00,0x0B,,"Status word = 0x4311"
196600,RX,0x181,4,0x30,0x30,0x00,0x00,0x01,,,,"Speed feedback = 0 rpm"
196607,TX,0x201,3,0x90,0x90,0x00,0x00,,,,,"Set torque = 0"
196633,TX,0x201,3,0x90,0x90,0x00,0x00,,,,,"Set torque = 0"
196659,TX,0x201,3,0x90,0x90,0x00,0x00,,,,,"Set torque = 0"
196686,TX,0x201,3,0x90,0x90,0x00,0x00,,,,,"Set torque = 0"
196693,RX,0x181,6,0x40,0x40,0x11,0x43,0x80,0x00,0x0B,,"Status word = 0x4311"
196700,RX,0x181,4,0x30,0x30,0x00,0x00,0x01,,,,"Speed feedback = 0 rpm"
196785,TX,0x201,3,0x90,0x90,0x00,0x00,,,,,"Set torque = 0"
196793,RX,0x181,6,0x40,0x40,0x11,0x43,0x80,0x00,0x0B,,"Status word = 0x4311"
196800,RX,0x181,4,0x30,0x30,0x00,0x00,0x01,,,,"Speed feedback = 0 rpm"
196811,TX,0x201,3,0x90,0x90,0x00,0x00,,,,,"Set torque = 0"
196837,TX,0x201,3,0x90,0x90,0x00,0x00,,,,,"Set torque = 0"
196863,TX,0x201,3,0x90,0x90,0x00,0x00,,,,,"Set torque = 0"
196890,TX,0x201,3,0x90,0x90,0x00,0x00,,,,,"Set torque = 0"
196896,RX,0x181,6,0x40,0x40,0x11,0x43,0x80,0x00,0x0B,,"Status word = 0x4311"
196903,RX,0x181,4,0x30,0x30,0x00,0x00,0x01,,,,"Speed feedback = 0 rpm"
196916,TX,0x201,3,0x90,0x90,0x00,0x00,,,,,"Set torque = 0"
196942,TX,0x201,3,0x90,0x90,0x00,0x00,,,,,"Set torque = 0"
196968,TX,0x201,3,0x90,0x90,0x00,0x00,,,,,"Set torque = 0"
196992,RX,0x181,6,0x40,0x40,0x11,0x43,0x80,0x00,0x0B,,"Status word = 0x4311"
196999,TX,0x201,3,0x90,0x90,0x00,0x00,,,,,"Set torque = 0"
197006,RX,0x181,4,0x30,0x30,0x00,0x00,0x01,,,,"Speed feedback = 0 rpm"
197026,TX,0x201,3,0x90,0x90,0x00,0x00,,,,,"Set torque = 0"
197052,TX,0x201,3,0x90,0x90,0x00,0x00,,,,,"Set torque = 0"
197078,TX,0x201,3,0x90,0x90,0x00,0x00,,,,,"Set torque = 0"
197092,RX,0x181,6,0x40,0x40,0x11,0x43,0x80,0x00,0x0B,,"Status word = 0x4311"
197099,RX,0x181,4,0x30,0x30,0x00,0x00,0x01,,,,"Speed feedback = 0 rpm"
197106,TX,0x201,3,0x90,0x90,0x00,0x00,,,,,"Set torque = 0"
197133,TX,0x201,3,0x90,0x90,0x00,0x00,,,,,"Set torque = 0"
197159,TX,0x201,3,0x90,0x90,0x00,0x00,,,,,"Set torque = 0"
197185,TX,0x201,3,0x90,0x90,0x00,0x00,,,,,"Set torque = 0"
197268,RX,0x181,6,0x40,0x40,0x11,0x43,0x80,0x00,0x0B,,"Status word = 0x4311"
197275,RX,0x181,4,0x30,0x30,0x00,0x00,0x01,,,,"Speed feedback = 0 rpm"
197288,TX,0x201,3,0x90,0x90,0x00,0x00,,,,,"Set torque = 0"
197294,RX,0x181,6,0x40,0x40,0x11,0x43,0x80,0x00,0x0B,,"Status word = 0x4311"
197301,RX,0x181,4,0x30,0x30,0x00,0x00,0x01,,,,"Speed feedback = 0 rpm"
197314,TX,0x201,3,0x90,0x90,0x00,0x00,,,,,"Set torque = 0"
197340,TX,0x201,3,0x90,0x90,0x00,0x00,,,,,"Set torque = 0"
197366,TX,0x201,3,0x90,0x90,0x00,0x00,,,,,"Set torque = 0"
197392,TX,0x201,3,0x90,0x90,0x00,0x00,,,,,"Set torque = 0"
197399,RX,0x181,6,0x40,0x40,0x11,0x43,0x80,0x00,0x0B,,"Status word = 0x4311"
197405,RX,0x181,4,0x30,0x30,0x00,0x00,0x01,,,,"Speed feedback = 0 rpm"
197419,TX,0x201,3,0x90,0x90,0x00,0x00,,,,,"Set torque = 0"
197445,TX,0x201,3,0x90,0x90,0x00,0x00,,,,,"Set torque = 0"
197471,TX,0x201,3,0x90,0x90,0x00,0x00,,,,,"Set torque = 0"
197491,RX,0x181,6,0x40,0x40,0x11,0x43,0x80,0x00,0x0B,,"Status word = 0x4311"
197498,TX,0x201,3,0x90,0x90,0x00,0x00,,,,,"Set torque = 0"
197505,RX,0x181,4,0x30,0x30,0x00,0x00,0x01,,,,"Speed feedback = 0 rpm"
197525,TX,0x201,3,0x90,0x90,0x00,0x00,,,,,"Set torque = 0"
197552,TX,0x201,3,0x90,0x90,0x00,0x00,,,,,"Set torque = 0"
197578,TX,0x201,3,0x90,0x90,0x00,0x00,,,,,"Set torque = 0"
197591,RX,0x181,6,0x40,0x40,0x11,0x43,0x80,0x00,0x0B,,"Status word = 0x4311"
197598,RX,0x181,4,0x30,0x30,0x00,0x00,0x01,,,,"Speed feedback = 0 rpm"
197605,TX,0x201,3,0x90,0x90,0x00,0x00,,,,,"Set torque = 0"
197632,TX,0x201,3,0x90,0x90,0x00,0x00,,,,,"Set torque = 0"
197716,RX,0x181,6,0x40,0x40,0x11,0x43,0x80,0x00,0x0B,,"Status word = 0x4311"
197723,RX,0x181,4,0x30,0x30,0x00,0x00,0x01,,,,"Speed feedback = 0 rpm"
197736,TX,0x201,3,0x90,0x90,0x00,0x00,,,,,"Set torque = 0"
197763,TX,0x201,3,0x90,0x90,0x00,0x00,,,,,"Set torque = 0"
197789,TX,0x201,3,0x90,0x90,0x00,0x00,,,,,"Set torque = 0"
197795,RX,0x181,6,0x40,0x40,0x11,0x43,0x80,0x00,0x0B,,"Status word = 0x4311"
197802,RX,0x181,4,0x30,0x30,0x00,0x00,0x01,,,,"Speed feedback = 0 rpm"
197815,TX,0x201,3,0x90,0x90,0x00,0x00,,,,,"Set torque = 0"
197841,TX,0x201,3,0x90,0x90,0x00,0x00,,,,,"Set torque = 0"
197867,TX,0x201,3,0x90,0x90,0x00,0x00,,,,,"Set torque = 0"
197891,RX,0x181,6,0x40,0x40,0x11,0x43,0x80,0x00,0x0B,,"Status word = 0x4311"
197898,TX,0x201,3,0x90,0x90,0x00,0x00,,,,,"Set torque = 0"
197905,RX,0x181,4,0x30,0x30,0x00,0x00,0x01,,,,"Speed feedback = 0 rpm"
197925,TX,0x201,3,0x90,0x90,0x00,0x00,,,,,"Set torque = 0"
197951,TX,0x201,3,0x90,0x90,0x00,0x00,,,,,"Set torque = 0"
197977,TX,0x201,3,0x90,0x90,0x00,0x00,,,,,"Set torque = 0"
197991,RX,0x181,6,0x40,0x40,0x11,0x43,0x80,0x00,0x0B,,"Status word = 0x4311"
197998,RX,0x181,4,0x30,0x30,0x00,0x00,0x01,,,,"Speed feedback = 0 rpm"
198004,TX,0x201,3,0x90,0x90,0x00,0x00,,,,,"Set torque = 0"
198031,TX,0x201,3,0x90,0x90,0x00,0x00,,,,,"Set torque = 0"
198057,TX,0x201,3,0x90,0x90,0x00,0x00,,,,,"Set torque = 0"
198084,TX,0x201,3,0x90,0x90,0x00,0x00,,,,,"Set torque = 0"
198091,RX,0x181,6,0x40,0x40,0x11,0x43,0x80,0x00,0x0B,,"Status word = 0x4311"
198097,RX,0x181,4,0x30,0x30,0x00,0x00,0x01,,,,"Speed feedback = 0 rpm"
198182,TX,0x201,3,0x90,0x90,0x00,0x00,,,,,"Set torque = 0"
198190,RX,0x181,6,0x40,0x40,0x11,0x43,0x80,0x00,0x0B,,"Status word = 0x4311"
198197,RX,0x181,4,0x30,0x30,0x00,0x00,0x01,,,,"Speed feedback = 0 rpm"
198209,TX,0x201,3,0x90,0x90,0x00,0x00,,,,,"Set torque = 0"
198235,TX,0x201,3,0x90,0x90,0x00,0x00,,,,,"Set torque = 0"
198261,TX,0x201,3,0x90,0x90,0x00,0x00,,,,,"Set torque = 0"
198288,TX,0x201,3,0x90,0x90,0x00,0x00,,,,,"Set torque = 0"
198294,RX,0x181,6,0x40,0x40,0x11,0x43,0x80,0x00,0x0B,,"Status word = 0x4311"
198301,RX,0x181,4,0x30,0x30,0x00,0x00,0x01,,,,"Speed feedback = 0 rpm"
198314,TX,0x201,3,0x90,0x90,0x00,0x00,,,,,"Set torque = 0"
198340,TX,0x201,3,0x90,0x90,0x00,0x00,,,,,"Set torque = 0"
198366,TX,0x201,3,0x90,0x90,0x00,0x00,,,,,"Set torque = 0"
198390,RX,0x181,6,0x40,0x40,0x11,0x43,0x80,0x00,0x0B,,"Status word = 0x4311"
198397,TX,0x201,3,0x90,0x90,0x00,0x00,,,,,"Set torque = 0"
198404,RX,0x181,4,0x30,0x30,0x00,0x00,0x01,,,,"Speed feedback = 0 rpm"
198424,TX,0x201,3,0x90,0x90,0x00,0x00,,,,,"Set torque = 0"
198450,TX,0x201,3,0x90,0x90,0x00,0x00,,,,,"Set torque = 0"
198476,TX,0x201,3,0x90,0x90,0x00,0x00,,,,,"Set torque = 0"
198490,RX,0x181,6,0x40,0x40,0x11,0x43,0x80,0x00,0x0B,,"Status word = 0x4311"
198497,RX,0x181,4,0x30,0x30,0x00,0x00,0x01,,,,"Speed feedback = 0 rpm"
198504,TX,0x201,3,0x90,0x90,0x00,0x00,,,,,"Set torque = 0"
198530,TX,0x201,3,0x90,0x90,0x00,0x00,,,,,"Set torque = 0"
198556,TX,0x201,3,0x90,0x90,0x00,0x00,,,,,"Set torque = 0"
198582,TX,0x201,3,0x90,0x90,0x00,0x00,,,,,"Set torque = 0"
198667,RX,0x181,6,0x40,0x40,0x11,0x43,0x80,0x00,0x0B,,"Status word = 0x4311"
198673,RX,0x181,4,0x30,0x30,0x00,0x00,0x01,,,,"Speed feedback = 0 rpm"
198687,TX,0x201,3,0x90,0x90,0x00,0x00,,,,,"Set torque = 0"
198693,RX,0x181,6,0x40,0x40,0x11,0x43,0x80,0x00,0x0B,,"Status word = 0x4311"
198700,RX,0x181,4,0x30,0x30,0x00,0x00,0x01,,,,"Speed feedback = 0 rpm"
198713,TX,0x201,3,0x90,0x90,0x00,0x00,,,,,"Set torque = 0"
198739,TX,0x201,3,0x90,0x90,0x00,0x00,,,,,"Set torque = 0"
198765,TX,0x201,3,0x90,0x90,0x00,0x00,,,,,"Set torque = 0"
198789,RX,0x181,6,0x40,0x40,0x11,0x43,0x80,0x00,0x0B,,"Status word = 0x4311"
198797,RX,0x181,4,0x30,0x30,0x00,0x00,0x01,,,,"Speed feedback = 0 rpm"
198803,TX,0x201,3,0x90,0x90,0x00,0x00,,,,,"Set torque = 0"
198830,TX,0x201,3,0x90,0x90,0x00,0x00,,,,,"Set torque = 0"
198856,TX,0x201,3,0x90,0x90,0x00,0x00,,,,,"Set torque = 0"
198882,TX,0x201,3,0x90,0x90,0x00,0x00,,,,,"Set torque = 0"
198889,RX,0x181,6,0x40,0x40,0x11,0x43,0x80,0x00,0x0B,,"Status word = 0x4311"
198896,RX,0x181,4,0x30,0x30,0x00,0x00,0x01,,,,"Speed feedback = 0 rpm"
198908,TX,0x201,3,0x90,0x90,0x00,0x00,,,,,"Set torque = 0"
198934,TX,0x201,3,0x90,0x90,0x00,0x00,,,,,"Set torque = 0"
198961,TX,0x201,3,0x90,0x90,0x00,0x00,,,,,"Set torque = 0"
198987,TX,0x201,3,0x90,0x90,0x00,0x00,,,,,"Set torque = 0"
198993,RX,0x181,6,0x40,0x40,0x11,0x43,0x80,0x00,0x0B,,"Status word = 0x4311"
199000,RX,0x181,4,0x30,0x30,0x00,0x00,0x01,,,,"Speed feedback = 0 rpm"
199013,TX,0x201,3,0x90,0x90,0x00,0x00,,,,,"Set torque = 0"
199039,TX,0x201,3,0x90,0x90,0x00,0x00,,,,,"Set torque = 0"
199123,RX,0x181,6,0x40,0x40,0x11,0x43,0x80,0x00,0x0B,,"Status word = 0x4311"
199130,RX,0x181,4,0x30,0x30,0x00,0x00,0x01,,,,"Speed feedback = 0 rpm"
199143,TX,0x201,3,0x90,0x90,0x00,0x00,,,,,"Set torque = 0"
199170,TX,0x201,3,0x90,0x90,0x00,0x00,,,,,"Set torque = 0"
199189,RX,0x181,6,0x40,0x40,0x11,0x43,0x80,0x00,0x0B,,"Status word = 0x4311"
199196,TX,0x201,3,0x90,0x90,0x00,0x00,,,,,"Set torque = 0"
199202,RX,0x181,4,0x30,0x30,0x00,0x00,0x01,,,,"Speed feedback = 0 rpm"
199222,TX,0x201,3,0x90,0x90,0x00,0x00,,,,,"Set torque = 0"
199248,TX,0x201,3,0x90,0x90,0x00,0x00,,,,,"Set torque = 0"
199274,TX,0x201,3,0x90,0x90,0x00,0x00,,,,,"Set torque = 0"
199289,RX,0x181,6,0x40,0x40,0x11,0x43,0x80,0x00,0x0B,,"Status word = 0x4311"
199296,RX,0x181,4,0x30,0x30,0x00,0x00,0x01,,,,"Speed feedback = 0 rpm"
199303,TX,0x201,3,0x90,0x90,0x00,0x00,,,,,"Set torque = 0"
199330,TX,0x201,3,0x90,0x90,0x00,0x00,,,,,"Set torque = 0"
199356,TX,0x201,3,0x90,0x90,0x00,0x00,,,,,"Set torque = 0"
199382,TX,0x201,3,0x90,0x90,0x00,0x00,,,,,"Set torque = 0"
199388,RX,0x181,6,0x40,0x40,0x11,0x43,0x80,0x00,0x0B,,"Status word = 0x4311"
199395,RX,0x181,4,0x30,0x30,0x00,0x00,0x01,,,,"Speed feedback = 0 rpm"
199408,TX,0x201,3,0x90,0x90,0x00,0x00,,,,,"Set torque = 0"
199434,TX,0x201,3,0x90,0x90,0x00,0x00,,,,,"Set torque = 0"
199460,TX,0x201,3,0x90,0x90,0x00,0x00,,,,,"Set torque = 0"
199487,TX,0x201,3,0x90,0x90,0x00,0x00,,,,,"Set torque = 0"
199493,RX,0x181,6,0x40,0x40,0x11,0x43,0x80,0x00,0x0B,,"Status word = 0x4311"
199500,RX,0x181,4,0x30,0x30,0x00,0x00,0x01,,,,"Speed feedback = 0 rpm"
199585,TX,0x201,3,0x90,0x90,0x00,0x00,,,,,"Set torque = 0"
199592,RX,0x181,6,0x40,0x40,0x11,0x43,0x80,0x00,0x0B,,"Status word = 0x4311"
199599,RX,0x181,4,0x30,0x30,0x00,0x00,0x01,,,,"Speed feedback = 0 rpm"
199612,TX,0x201,3,0x90,0x90,0x00,0x00,,,,,"Set torque = 0"
199638,TX,0x201,3,0x90,0x90,0x00,0x00,,,,,"Set torque = 0"
199664,TX,0x201,3,0x90,0x90,0x00,0x00,,,,,"Set torque = 0"
199688,RX,0x181,6,0x40,0x40,0x11,0x43,0x80,0x00,0x0B,,"Status word = 0x4311"
199695,TX,0x201,3,0x90,0x90,0x00,0x00,,,,,"Set torque = 0"
199702,RX,0x181,4,0x30,0x30,0x00,0x00,0x01,,,,"Speed feedback = 0 rpm"
199722,TX,0x201,3,0x90,0x90,0x00,0x00,,,,,"Set torque = 0"
199748,TX,0x201,3,0x90,0x90,0x00,0x00,,,,,"Set torque = 0"
199774,TX,0x201,3,0x90,0x90,0x00,0x00,,,,,"Set torque = 0"
199788,RX,0x181,6,0x40,0x40,0x11,0x43,0x80,0x00,0x0B,,"Status word = 0x4311"
199795,RX,0x181,4,0x30,0x30,0x00,0x00,0x01,,,,"Speed feedback = 0 rpm"
199802,TX,0x201,3,0x90,0x90,0x00,0x00,,,,,"Set torque = 0"
199829,TX,0x201,3,0x90,0x90,0x00,0x00,,,,,"Set torque = 0"
199855,TX,0x201,3,0x90,0x90,0x00,0x00,,,,,"Set torque = 0"
199881,TX,0x201,3,0x90,0x90,0x00,0x00,,,,,"Set torque = 0"
199888,RX,0x181,6,0x40,0x40,0x11,0x43,0x80,0x00,0x0B,,"Status word = 0x4311"
199895,RX,0x181,4,0x30,0x30,0x00,0x00,0x01,,,,"Speed feedback = 0 rpm"
199907,TX,0x201,3,0x90,0x90,0x00,0x00,,,,,"Set torque = 0"
199933,TX,0x201,3,0x90,0x90,0x00,0x00,,,,,"Set torque = 0"
199959,TX,0x201,3,0x90,0x90,0x00,0x00,,,,,"Set torque = 0"
199985,TX,0x201,3,0x90,0x90,0x00,0x00,,,,,"Set torque = 0"
200076,RX,0x181,6,0x40,0x40,0x11,0x43,0x80,0x00,0x0B,,"Status word = 0x4311"
200082,RX,0x181,4,0x30,0x30,0x00,0x00,0x01,,,,"Speed feedback = 0 rpm"
200089,RX,0x181,6,0x40,0x40,0x11,0x43,0x80,0x00,0x0B,,"Status word = 0x4311"
200096,RX,0x181,4,0x30,0x30,0x00,0x00,0x01,,,,"Speed feedback = 0 rpm"
200104,TX,0x201,3,0x90,0x90,0x00,0x00,,,,,"Set torque = 0"
200131,TX,0x201,3,0x90,0x90,0x00,0x00,,,,,"Set torque = 0"
200157,TX,0x201,3,0x90,0x90,0x00,0x00,,,,,"Set torque = 0"
200183,TX,0x201,3,0x90,0x90,0x00,0x00,,,,,"Set torque = 0"
200189,RX,0x181,6,0x40,0x40,0x11,0x43,0x80,0x00,0x0B,,"Status word = 0x4311"
200196,RX,0x181,4,0x30,0x30,0x00,0x00,0x01,,,,"Speed feedback = 0 rpm"
200209,TX,0x201,3,0x90,0x90,0x00,0x00,,,,,"Set torque = 0"
200235,TX,0x201,3,0x90,0x90,0x00,0x00,,,,,"Set torque = 0"
200261,TX,0x201,3,0x90,0x90,0x00,0x00,,,,,"Set torque = 0"
200287,TX,0x201,3,0x90,0x90,0x00,0x00,,,,,"Set torque = 0"
200293,RX,0x181,6,0x40,0x40,0x11,0x43,0x80,0x00,0x0B,,"Status word = 0x4311"
200300,RX,0x181,4,0x30,0x30,0x00,0x00,0x01,,,,"Speed feedback = 0 rpm"
200313,TX,0x201,3,0x90,0x90,0x00,0x00,,,,,"Set torque = 0"
200339,TX,0x201,3,0x90,0x90,0x00,0x00,,,,,"Set torque = 0"
200366,TX,0x201,3,0x90,0x90,0x00,0x00,,,,,"Set torque = 0"
200387,RX,0x181,6,0x40,0x40,0x11,0x43,0x80,0x00,0x0B,,"Status word = 0x4311"
200394,TX,0x201,3,0x90,0x90,0x00,0x00,,,,,"Set torque = 0"
200400,RX,0x181,4,0x30,0x30,0x00,0x00,0x01,,,,"Speed feedback = 0 rpm"
200420,TX,0x201,3,0x90,0x90,0x00,0x00,,,,,"Set torque = 0"
200446,TX,0x201,3,0x90,0x90,0x00,0x00,,,,,"Set torque = 0"
200537,RX,0x181,6,0x40,0x40,0x11,0x43,0x80,0x00,0x0B,,"Status word = 0x4311"
200544,RX,0x181,4,0x30,0x30,0x00,0x00,0x01,,,,"Speed feedback = 0 rpm"
200557,TX,0x201,3,0x90,0x90,0x00,0x00,,,,,"Set torque = 0"
200584,TX,0x201,3,0x90,0x90,0x00,0x00,,,,,"Set torque = 0"
200590,RX,0x181,6,0x40,0x40,0x11,0x43,0x80,0x00,0x0B,,"Status word = 0x4311"
200597,RX,0x181,4,0x30,0x30,0x00,0x00,0x01,,,,"Speed feedback = 0 rpm"
200610,TX,0x201,3,0x90,0x90,0x00,0x00,,,,,"Set torque = 0"
200636,TX,0x201,3,0x90,0x90,0x00,0x00,,,,,"Set torque = 0"
200662,TX,0x201,3,0x90,0x90,0x00,0x00,,,,,"Set torque = 0"
200686,RX,0x181,6,0x40,0x40,0x11,0x43,0x80,0x00,0x0B,,"Status word = 0x4311"
200693,TX,0x201,3,0x90,0x90,0x00,0x00,,,,,"Set torque = 0"
200700,RX,0x181,4,0x30,0x30,0x00,0x00,0x01,,,,"Speed feedback = 0 rpm"
200720,TX,0x201,3,0x90,0x90,0x00,0x00,,,,,"Set torque = 0"
200746,TX,0x201,3,0x90,0x90,0x00,0x00,,,,,"Set torque = 0"
200772,TX,0x201,3,0x90,0x90,0x00,0x00,,,,,"Set torque = 0"
200786,RX,0x181,6,0x40,0x40,0x11,0x43,0x80,0x00,0x0B,,"Status word = 0x4311"
200793,RX,0x181,4,0x30,0x30,0x00,0x00,0x01,,,,"Speed feedback = 0 rpm"
200800,TX,0x201,3,0x90,0x90,0x00,0x00,,,,,"Set torque = 0"
200827,TX,0x201,3,0x90,0x90,0x00,0x00,,,,,"Set torque = 0"
200853,TX,0x201,3,0x90,0x90,0x00,0x00,,,,,"Set torque = 0"
200879,TX,0x201,3,0x90,0x90,0x00,0x00,,,,,"Set torque = 0"
200886,RX,0x181,6,0x40,0x40,0x11,0x43,0x80,0x00,0x0B,,"Status word = 0x4311"
200893,RX,0x181,4,0x30,0x30,0x00,0x00,0x01,,,,"Speed feedback = 0 rpm"
200906,TX,0x201,3,0x90,0x90,0x00,0x00,,,,,"Set torque = 0"
200997,RX,0x181,6,0x40,0x40,0x11,0x43,0x80,0x00,0x0B,,"Status word = 0x4311"
201004,RX,0x181,4,0x30,0x30,0x00,0x00,0x01,,,,"Speed feedback = 0 rpm"
201017,TX,0x201,3,0x90,0x90,0x00,0x00,,,,,"Set torque = 0"
201041,TX,0x201,3,0x90,0x90,0x00,0x00,,,,,"Set torque = 0"
201067,TX,0x201,3,0x90,0x90,0x00,0x00,,,,,"Set torque = 0"
201086,RX,0x181,6,0x40,0x40,0x11,0x43,0x80,0x00,0x0B,,"Status word = 0x4311"
201093,RX,0x181,4,0x30,0x30,0x00,0x00,0x01,,,,"Speed feedback = 0 rpm"
201100,TX,0x201,3,0x90,0x90,0x00,0x00,,,,,"Set torque = 0"
201126,TX,0x201,3,0x90,0x90,0x00,0x00,,,,,"Set torque = 0"
201152,TX,0x201,3,0x90,0x90,0x00,0x00,,,,,"Set torque = 0"
201178,TX,0x201,3,0x90,0x90,0x00,0x00,,,,,"Set torque = 0"
201186,RX,0x181,6,0x40,0x40,0x11,0x43,0x80,0x00,0x0B,,"Status word = 0x4311"
201193,RX,0x181,4,0x30,0x30,0x00,0x00,0x01,,,,"Speed feedback = 0 rpm"
201204,TX,0x201,3,0x90,0x90,0x00,0x00,,,,,"Set torque = 0"
201230,TX,0x201,3,0x90,0x90,0x00,0x00,,,,,"Set torque = 0"
201257,TX,0x201,3,0x90,0x90,0x00,0x00,,,,,"Set torque = 0"
201283,TX,0x201,3,0x90,0x90,0x00,0x00,,,,,"Set torque = 0"
201289,RX,0x181,6,0x40,0x40,0x11,0x43,0x80,0x00,0x0B,,"Status word = 0x4311"
201299,RX,0x181,4,0x30,0x30,0x00,0x00,0x01,,,,"Speed feedback = 0 rpm"
201309,TX,0x201,3,0x90,0x90,0x00,0x00,,,,,"Set torque = 0"
201335,TX,0x201,3,0x90,0x90,0x00,0x00,,,,,"Set torque = 0"
201361,TX,0x201,3,0x90,0x90,0x00,0x00,,,,,"Set torque = 0"
201385,RX,0x181,6,0x40,0x40,0x11,0x43,0x80,0x00,0x0B,,"Status word = 0x4311"
201478,RX,0x181,4,0x30,0x30,0x00,0x00,0x01,,,,"Speed feedback = 0 rpm"
201485,TX,0x201,3,0x90,0x90,0x00,0x00,,,,,"Set torque = 0"
201491,RX,0x181,6,0x40,0x40,0x11,0x43,0x80,0x00,0x0B,,"Status word = 0x4311"
201498,RX,0x181,4,0x30,0x30,0x00,0x00,0x01,,,,"Speed feedback = 0 rpm"
201511,TX,0x201,3,0x90,0x90,0x00,0x00,,,,,"Set torque = 0"
201537,TX,0x201,3,0x90,0x90,0x00,0x00,,,,,"Set torque = 0"
201563,TX,0x201,3,0x90,0x90,0x00,0x00,,,,,"Set torque = 0"
201585,RX,0x181,6,0x40,0x40,0x11,0x43,0x80,0x00,0x0B,,"Status word = 0x4311"
201592,TX,0x201,3,0x90,0x90,0x00,0x00,,,,,"Set torque = 0"
201599,RX,0x181,4,0x30,0x30,0x00,0x00,0x01,,,,"Speed feedback = 0 rpm"
201619,TX,0x201,3,0x90,0x90,0x00,0x00,,,,,"Set torque = 0"
201645,TX,0x201,3,0x90,0x90,0x00,0x00,,,,,"Set torque = 0"
201671,TX,0x201,3,0x90,0x90,0x00,0x00,,,,,"Set torque = 0"
201685,RX,0x181,6,0x40,0x40,0x11,0x43,0x80,0x00,0x0B,,"Status word = 0x4311"
201692,RX,0x181,4,0x30,0x30,0x00,0x00,0x01,,,,"Speed feedback = 0 rpm"
201699,TX,0x201,3,0x90,0x90,0x00,0x00,,,,,"Set torque = 0"
201725,TX,0x201,3,0x90,0x90,0x00,0x00,,,,,"Set torque = 0"
201751,TX,0x201,3,0x90,0x90,0x00,0x00,,,,,"Set torque = 0"
201778,TX,0x201,3,0x90,0x90,0x00,0x00,,,,,"Set torque = 0"
201785,RX,0x181,6,0x40,0x40,0x11,0x43,0x80,0x00,0x0B,,"Status word = 0x4311"
201792,RX,0x181,4,0x30,0x30,0x00,0x00,0x01,,,,"Speed feedback = 0 rpm"
201804,TX,0x201,3,0x90,0x90,0x00,0x00,,,,,"Set torque = 0"
201830,TX,0x201,3,0x90,0x90,0x00,0x00,,,,,"Set torque = 0"
201856,TX,0x201,3,0x90,0x90,0x00,0x00,,,,,"Set torque = 0"
201951,RX,0x181,6,0x40,0x40,0x11,0x43,0x80,0x00,0x0B,,"Status word = 0x4311"
201957,RX,0x181,4,0x30,0x30,0x00,0x00,0x01,,,,"Speed feedback = 0 rpm"
201971,TX,0x201,3,0x90,0x90,0x00,0x00,,,,,"Set torque = 0"
201984,RX,0x181,6,0x40,0x40,0x11,0x43,0x80,0x00,0x0B,,"Status word = 0x4311"
201991,RX,0x181,4,0x30,0x30,0x00,0x00,0x01,,,,"Speed feedback = 0 rpm"
201998,TX,0x201,3,0x90,0x90,0x00,0x00,,,,,"Set torque = 0"
202025,TX,0x201,3,0x90,0x90,0x00,0x00,,,,,"Set torque = 0"
202051,TX,0x201,3,0x90,0x90,0x00,0x00,,,,,"Set torque = 0"
202077,TX,0x201,3,0x90,0x90,0x00,0x00,,,,,"Set torque = 0"
202084,RX,0x181,6,0x40,0x40,0x11,0x43,0x80,0x00,0x0B,,"Status word = 0x4311"
202091,RX,0x181,4,0x30,0x30,0x00,0x00,0x01,,,,"Speed feedback = 0 rpm"
202103,TX,0x201,3,0x90,0x90,0x00,0x00,,,,,"Set torque = 0"
202130,TX,0x201,3,0x90,0x90,0x00,0x00,,,,,"Set torque = 0"
202156,TX,0x201,3,0x90,0x90,0x00,0x00,,,,,"Set torque = 0"
202182,TX,0x201,3,0x90,0x90,0x00,0x00,,,,,"Set torque = 0"
202188,RX,0x181,6,0x40,0x40,0x11,0x43,0x80,0x00,0x0B,,"Status word = 0x4311"
202195,RX,0x181,4,0x30,0x30,0x00,0x00,0x01,,,,"Speed feedback = 0 rpm"
202208,TX,0x201,3,0x90,0x90,0x00,0x00,,,,,"Set torque = 0"
202234,TX,0x201,3,0x90,0x90,0x00,0x00,,,,,"Set torque = 0"
202260,TX,0x201,3,0x90,0x90,0x00,0x00,,,,,"Set torque = 0"
202284,RX,0x181,6,0x40,0x40,0x11,0x43,0x80,0x00,0x0B,,"Status word = 0x4311"
202291,RX,0x181,4,0x30,0x30,0x00,0x00,0x01,,,,"Speed feedback = 0 rpm"
202298,TX,0x201,3,0x90,0x90,0x00,0x00,,,,,"Set torque = 0"
202325,TX,0x201,3,0x90,0x90,0x00,0x00,,,,,"Set torque = 0"
202415,RX,0x181,6,0x40,0x40,0x11,0x43,0x80,0x00,0x0B,,"Status word = 0x4311"
202421,RX,0x181,4,0x30,0x30,0x00,0x00,0x01,,,,"Speed feedback = 0 rpm"
202435,TX,0x201,3,0x90,0x90,0x00,0x00,,,,,"Set torque = 0"
202461,TX,0x201,3,0x90,0x90,0x00,0x00,,,,,"Set torque = 0"
202484,RX,0x181,6,0x40,0x40,0x11,0x43,0x80,0x00,0x0B,,"Status word = 0x4311"
202490,TX,0x201,3,0x90,0x90,0x00,0x00,,,,,"Set torque = 0"
202497,RX,0x181,4,0x30,0x30,0x00,0x00,0x01,,,,"Speed feedback = 0 rpm"
202517,TX,0x201,3,0x90,0x90,0x00,0x00,,,,,"Set torque = 0"
202543,TX,0x201,3,0x90,0x90,0x00,0x00,,,,,"Set torque = 0"
202569,TX,0x201,3,0x90,0x90,0x00,0x00,,,,,"Set torque = 0"
202583,RX,0x181,6,0x40,0x40,0x11,0x43,0x80,0x00,0x0B,,"Status word = 0x4311"
202590,RX,0x181,4,0x30,0x30,0x00,0x00,0x01,,,,"Speed feedback = 0 rpm"
202597,TX,0x201,3,0x90,0x90,0x00,0x00,,,,,"Set torque = 0"
202624,TX,0x201,3,0x90,0x90,0x00,0x00,,,,,"Set torque = 0"
202650,TX,0x201,3,0x90,0x90,0x00,0x00,,,,,"Set torque = 0"
202677,TX,0x201,3,0x90,0x90,0x00,0x00,,,,,"Set torque = 0"
202683,RX,0x181,6,0x40,0x40,0x11,0x43,0x80,0x00,0x0B,,"Status word = 0x4311"
202690,RX,0x181,4,0x30,0x30,0x00,0x00,0x01,,,,"Speed feedback = 0 rpm"
202703,TX,0x201,3,0x90,0x90,0x00,0x00,,,,,"Set torque = 0"
202729,TX,0x201,3,0x90,0x90,0x00,0x00,,,,,"Set torque = 0"
202755,TX,0x201,3,0x90,0x90,0x00,0x00,,,,,"Set torque = 0"
202781,TX,0x201,3,0x90,0x90,0x00,0x00,,,,,"Set torque = 0"
202787,RX,0x181,6,0x40,0x40,0x11,0x43,0x80,0x00,0x0B,,"Status word = 0x4311"
202794,RX,0x181,4,0x30,0x30,0x00,0x00,0x01,,,,"Speed feedback = 0 rpm"
202807,TX,0x201,3,0x90,0x90,0x00,0x00,,,,,"Set torque = 0"
202833,TX,0x201,3,0x90,0x90,0x00,0x00,,,,,"Set torque = 0"
202859,TX,0x201,3,0x90,0x90,0x00,0x00,,,,,"Set torque = 0"
202883,RX,0x181,6,0x40,0x40,0x11,0x43,0x80,0x00,0x0B,,"Status word = 0x4311"
202890,TX,0x201,3,0x90,0x90,0x00,0x00,,,,,"Set torque = 0"
202896,RX,0x181,4,0x30,0x30,0x00,0x00,0x01,,,,"Speed feedback = 0 rpm"
202916,TX,0x201,3,0x90,0x90,0x00,0x00,,,,,"Set torque = 0"
202942,TX,0x201,3,0x90,0x90,0x00,0x00,,,,,"Set torque = 0"
202968,TX,0x201,3,0x90,0x90,0x00,0x00,,,,,"Set torque = 0"
202983,RX,0x181,6,0x40,0x40,0x11,0x43,0x80,0x00,0x0B,,"Status word = 0x4311"
202990,RX,0x181,4,0x30,0x30,0x00,0x00,0x01,,,,"Speed feedback = 0 rpm"
202996,TX,0x201,3,0x90,0x90,0x00,0x00,,,,,"Set torque = 0"
203023,TX,0x201,3,0x90,0x90,0x00,0x00,,,,,"Set torque = 0"
203049,TX,0x201,3,0x90,0x90,0x00,0x00,,,,,"Set torque = 0"
203075,TX,0x201,3,0x90,0x90,0x00,0x00,,,,,"Set torque = 0"
203083,RX,0x181,6,0x40,0x40,0x11,0x43,0x80,0x00,0x0B,,"Status word = 0x4311"
203090,RX,0x181,4,0x30,0x30,0x00,0x00,0x01,,,,"Speed feedback = 0 rpm"
203101,TX,0x201,3,0x90,0x90,0x00,0x00,,,,,"Set torque = 0"
203128,TX,0x201,3,0x90,0x90,0x00,0x00,,,,,"Set torque = 0"
203154,TX,0x201,3,0x90,0x90,0x00,0x00,,,,,"Set torque = 0"
203180,TX,0x201,3,0x90,0x90,0x00,0x00,,,,,"Set torque = 0"
203186,RX,0x181,6,0x40,0x40,0x11,0x43,0x80,0x00,0x0B,,"Status word = 0x4311"
203193,RX,0x181,4,0x30,0x30,0x00,0x00,0x01,,,,"Speed feedback = 0 rpm"
203206,TX,0x201,3,0x90,0x90,0x00,0x00,,,,,"Set torque = 0"
203232,TX,0x201,3,0x90,0x90,0x00,0x00,,,,,"Set torque = 0"
203256,TX,0x201,3,0x90,0x90,0x00,0x00,,,,,"Set torque = 0"
203282,TX,0x201,3,0x90,0x90,0x00,0x00,,,,,"Set torque = 0"
203289,RX,0x181,6,0x40,0x40,0x11,0x43,0x80,0x00,0x0B,,"Status word = 0x4311"
203295,RX,0x181,4,0x30,0x30,0x00,0x00,0x01,,,,"Speed feedback = 0 rpm"
203309,TX,0x201,3,0x90,0x90,0x00,0x00,,,,,"Set torque = 0"
203335,TX,0x201,3,0x90,0x90,0x00,0x00,,,,,"Set torque = 0"
203361,TX,0x201,3,0x90,0x90,0x00,0x00,,,,,"Set torque = 0"
203382,RX,0x181,6,0x40,0x40,0x11,0x43,0x80,0x00,0x0B,,"Status word = 0x4311"
203389,TX,0x201,3,0x90,0x90,0x00,0x00,,,,,"Set torque = 0"
203396,RX,0x181,4,0x30,0x30,0x00,0x00,0x01,,,,"Speed feedback = 0 rpm"
203416,TX,0x201,3,0x90,0x90,0x00,0x00,,,,,"Set torque = 0"
203443,TX,0x201,3,0x90,0x90,0x00,0x00,,,,,"Set torque = 0"
203469,TX,0x201,3,0x90,0x90,0x00,0x00,,,,,"Set torque = 0"
203482,RX,0x181,6,0x40,0x40,0x11,0x43,0x80,0x00,0x0B,,"Status word = 0x4311"
203489,RX,0x181,4,0x30,0x30,0x00,0x00,0x01,,,,"Speed feedback = 0 rpm"
203496,TX,0x201,3,0x90,0x90,0x00,0x00,,,,,"Set torque = 0"
203522,TX,0x201,3,0x90,0x90,0x00,0x00,,,,,"Set torque = 0"
203548,TX,0x201,3,0x90,0x90,0x00,0x00,,,,,"Set torque = 0"
203574,TX,0x201,3,0x90,0x90,0x00,0x00,,,,,"Set torque = 0"
203582,RX,0x181,6,0x40,0x40,0x11,0x43,0x80,0x00,0x0B,,"Status word = 0x4311"
203589,RX,0x181,4,0x30,0x30,0x00,0x00,0x01,,,,"Speed feedback = 0 rpm"
203600,TX,0x201,3,0x90,0x90,0x00,0x00,,,,,"Set torque = 0"
203626,TX,0x201,3,0x90,0x90,0x00,0x00,,,,,"Set torque = 0"
203654,TX,0x201,3,0x90,0x90,0x00,0x00,,,,,"Set torque = 0"
203680,TX,0x201,3,0x90,0x90,0x00,0x00,,,,,"Set torque = 0"
203686,RX,0x181,6,0x40,0x40,0x11,0x43,0x80,0x00,0x0B,,"Status word = 0x4311"
203693,RX,0x181,4,0x30,0x30,0x00,0x00,0x01,,,,"Speed feedback = 0 rpm"
203706,TX,0x201,3,0x90,0x90,0x00,0x00,,,,,"Set torque = 0"
203732,TX,0x201,3,0x90,0x90,0x00,0x00,,,,,"Set torque = 0"
203759,TX,0x201,3,0x90,0x90,0x00,0x00,,,,,"Set torque = 0"
203781,RX,0x181,6,0x40,0x40,0x11,0x43,0x80,0x00,0x0B,,"Status word = 0x4311"
203788,TX,0x201,3,0x90,0x90,0x00,0x00,,,,,"Set torque = 0"
203795,RX,0x181,4,0x30,0x30,0x00,0x00,0x01,,,,"Speed feedback = 0 rpm"
203815,TX,0x201,3,0x90,0x90,0x00,0x00,,,,,"Set torque = 0"
203841,TX,0x201,3,0x90,0x90,0x00,0x00,,,,,"Set torque = 0"
203867,TX,0x201,3,0x90,0x90,0x00,0x00,,,,,"Set torque = 0"
203881,RX,0x181,6,0x40,0x40,0x11,0x43,0x80,0x00,0x0B,,"Status word = 0x4311"
203888,RX,0x181,4,0x30,0x30,0x00,0x00,0x01,,,,"Speed feedback = 0 rpm"
203895,TX,0x201,3,0x90,0x90,0x00,0x00,,,,,"Set torque = 0"
203922,TX,0x201,3,0x90,0x90,0x00,0x00,,,,,"Set torque = 0"
203948,TX,0x201,3,0x90,0x90,0x00,0x00,,,,,"Set torque = 0"
203974,TX,0x201,3,0x90,0x90,0x00,0x00,,,,,"Set torque = 0"
203981,RX,0x181,6,0x40,0x40,0x11,0x43,0x80,0x00,0x0B,,"Status word = 0x4311"
203988,RX,0x181,4,0x30,0x30,0x00,0x00,0x01,,,,"Speed feedback = 0 rpm"
204000,TX,0x201,3,0x90,0x90,0x00,0x00,,,,,"Set torque = 0"
204026,TX,0x201,3,0x90,0x90,0x00,0x00,,,,,"Set torque = 0"
204052,TX,0x201,3,0x90,0x90,0x00,0x00,,,,,"Set torque = 0"
204079,TX,0x201,3,0x90,0x90,0x00,0x00,,,,,"Set torque = 0"
204085,RX,0x181,6,0x40,0x40,0x11,0x43,0x80,0x00,0x0B,,"Status word = 0x4311"
204092,RX,0x181,4,0x30,0x30,0x00,0x00,0x01,,,,"Speed feedback = 0 rpm"
204105,TX,0x201,3,0x90,0x90,0x00,0x00,,,,,"Set torque = 0"
204131,TX,0x201,3,0x90,0x90,0x00,0x00,,,,,"Set torque = 0"
204157,TX,0x201,3,0x90,0x90,0x00,0x00,,,,,"Set torque = 0"
204181,RX,0x181,6,0x40,0x40,0x11,0x43,0x80,0x00,0x0B,,"Status word = 0x4311"
204188,TX,0x201,3,0x90,0x90,0x00,0x00,,,,,"Set torque = 0"
204194,RX,0x181,4,0x30,0x30,0x00,0x00,0x01,,,,"Speed feedback = 0 rpm"
204214,TX,0x201,3,0x90,0x90,0x00,0x00,,,,,"Set torque = 0"
204240,TX,0x201,3,0x90,0x90,0x00,0x00,,,,,"Set torque = 0"
204266,TX,0x201,3,0x90,0x90,0x00,0x00,,,,,"Set torque = 0"
204281,RX,0x181,6,0x40,0x40,0x11,0x43,0x80,0x00,0x0B,,"Status word = 0x4311"
204288,RX,0x181,4,0x30,0x30,0x00,0x00,0x01,,,,"Speed feedback = 0 rpm"
204294,TX,0x201,3,0x90,0x90,0x00,0x00,,,,,"Set torque = 0"
204321,TX,0x201,3,0x90,0x90,0x00,0x00,,,,,"Set torque = 0"
204347,TX,0x201,3,0x90,0x90,0x00,0x00,,,,,"Set torque = 0"
204373,TX,0x201,3,0x90,0x90,0x00,0x00,,,,,"Set torque = 0"
204381,RX,0x181,6,0x40,0x40,0x11,0x43,0x80,0x00,0x0B,,"Status word = 0x4311"
204387,RX,0x181,4,0x30,0x30,0x00,0x00,0x01,,,,"Speed feedback = 0 rpm"
204400,TX,0x201,3,0x90,0x90,0x00,0x00,,,,,"Set torque = 0"
204426,TX,0x201,3,0x90,0x90,0x00,0x00,,,,,"Set torque = 0"
204452,TX,0x201,3,0x90,0x90,0x00,0x00,,,,,"Set torque = 0"
204478,TX,0x201,3,0x90,0x90,0x00,0x00,,,,,"Set torque = 0"
204484,RX,0x181,6,0x40,0x40,0x11,0x43,0x80,0x00,0x0B,,"Status word = 0x4311"
204491,RX,0x181,4,0x30,0x30,0x00,0x00,0x01,,,,"Speed feedback = 0 rpm"
204504,TX,0x201,3,0x90,0x90,0x00,0x00,,,,,"Set torque = 0"
204531,TX,0x201,3,0x90,0x90,0x00,0x00,,,,,"Set torque = 0"
204557,TX,0x201,3,0x90,0x90,0x00,0x00,,,,,"Set torque = 0"
204580,RX,0x181,6,0x40,0x40,0x11,0x43,0x80,0x00,0x0B,,"Status word = 0x4311"
204587,TX,0x201,3,0x90,0x90,0x00,0x00,,,,,"Set torque = 0"
204594,RX,0x181,4,0x30,0x30,0x00,0x00,0x01,,,,"Speed feedback = 0 rpm"
204614,TX,0x201,3,0x90,0x90,0x00,0x00,,,,,"Set torque = 0"
204640,TX,0x201,3,0x90,0x90,0x00,0x00,,,,,"Set torque = 0"
204666,TX,0x201,3,0x90,0x90,0x00,0x00,,,,,"Set torque = 0"
204680,RX,0x181,6,0x40,0x40,0x11,0x43,0x80,0x00,0x0B,,"Status word = 0x4311"
204687,RX,0x181,4,0x30,0x30,0x00,0x00,0x01,,,,"Speed feedback = 0 rpm"
204694,TX,0x201,3,0x90,0x90,0x00,0x00,,,,,"Set torque = 0"
204721,TX,0x201,3,0x90,0x90,0x00,0x00,,,,,"Set torque = 0"
204749,TX,0x201,3,0x90,0x90,0x00,0x00,,,,,"Set torque = 0"
204775,TX,0x201,3,0x90,0x90,0x00,0x00,,,,,"Set torque = 0"
204781,RX,0x181,6,0x40,0x40,0x11,0x43,0x80,0x00,0x0B,,"Status word = 0x4311"
204788,RX,0x181,4,0x30,0x30,0x00,0x00,0x01,,,,"Speed feedback = 0 rpm"
204801,TX,0x201,3,0x90,0x90,0x00,0x00,,,,,"Set torque = 0"
204828,TX,0x201,3,0x90,0x90,0x00,0x00,,,,,"Set torque = 0"
204854,TX,0x201,3,0x90,0x90,0x00,0x00,,,,,"Set torque = 0"
204880,TX,0x201,3,0x90,0x90,0x00,0x00,,,,,"Set torque = 0"
204886,RX,0x181,6,0x40,0x40,0x11,0x43,0x80,0x00,0x0B,,"Status word = 0x4311"
204893,RX,0x181,4,0x30,0x30,0x00,0x00,0x01,,,,"Speed feedback = 0 rpm"
204906,TX,0x201,3,0x90,0x90,0x00,0x00,,,,,"Set torque = 0"
204932,TX,0x201,3,0x90,0x90,0x00,0x00,,,,,"Set torque = 0"
204958,TX,0x201,3,0x90,0x90,0x00,0x00,,,,,"Set torque = 0"
204980,RX,0x181,6,0x40,0x40,0x11,0x43,0x80,0x00,0x0B,,"Status word = 0x4311"
204987,RX,0x181,4,0x30,0x30,0x00,0x00,0x01,,,,"Speed feedback = 0 rpm"
204994,TX,0x201,3,0x90,0x90,0x00,0x00,,,,,"Set torque = 0"
205020,TX,0x201,3,0x90,0x90,0x00,0x00,,,,,"Set torque = 0"
205046,TX,0x201,3,0x90,0x90,0x00,0x00,,,,,"Set torque = 0"
205072,TX,0x201,3,0x90,0x90,0x00,0x00,,,,,"Set torque = 0"
205079,RX,0x181,6,0x40,0x40,0x11,0x43,0x80,0x00,0x0B,,"Status word = 0x4311"
205086,RX,0x181,4,0x30,0x30,0x00,0x00,0x01,,,,"Speed feedback = 0 rpm"
205098,TX,0x201,3,0x90,0x90,0x00,0x00,,,,,"Set torque = 0"
205124,TX,0x201,3,0x90,0x90,0x00,0x00,,,,,"Set torque = 0"
205151,TX,0x201,3,0x90,0x90,0x00,0x00,,,,,"Set torque = 0"
205177,TX,0x201,3,0x90,0x90,0x00,0x00,,,,,"Set torque = 0"
205183,RX,0x181,6,0x40,0x40,0x11,0x43,0x80,0x00,0x0B,,"Status word = 0x4311"
205190,RX,0x181,4,0x30,0x30,0x00,0x00,0x01,,,,"Speed feedback = 0 rpm"
205203,TX,0x201,3,0x90,0x90,0x00,0x00,,,,,"Set torque = 0"
205229,TX,0x201,3,0x90,0x90,0x00,0x00,,,,,"Set torque = 0"
205255,TX,0x201,3,0x90,0x90,0x00,0x00,,,,,"Set torque = 0"
205279,RX,0x181,6,0x40,0x40,0x11,0x43,0x80,0x00,0x0B,,"Status word = 0x4311"
205286,TX,0x201,3,0x90,0x90,0x00,0x00,,,,,"Set torque = 0"
205293,RX,0x181,4,0x30,0x30,0x00,0x00,0x01,,,,"Speed feedback = 0 rpm"
205313,TX,0x201,3,0x90,0x90,0x00,0x00,,,,,"Set torque = 0"
205339,TX,0x201,3,0x90,0x90,0x00,0x00,,,,,"Set torque = 0"
205365,TX,0x201,3,0x90,0x90,0x00,0x00,,,,,"Set torque = 0"
205379,RX,0x181,6,0x40,0x40,0x11,0x43,0x80,0x00,0x0B,,"Status word = 0x4311"
205386,RX,0x181,4,0x30,0x30,0x00,0x00,0x01,,,,"Speed feedback = 0 rpm"
205393,TX,0x201,3,0x90,0x90,0x00,0x00,,,,,"Set torque = 0"
205419,TX,0x201,3,0x90,0x90,0x00,0x00,,,,,"Set torque = 0"
205445,TX,0x201,3,0x90,0x90,0x00,0x00,,,,,"Set torque = 0"
205472,TX,0x201,3,0x90,0x90,0x00,0x00,,,,,"Set torque = 0"
205479,RX,0x181,6,0x40,0x40,0x11,0x43,0x80,0x00,0x0B,,"Status word = 0x4311"
205486,RX,0x181,4,0x30,0x30,0x00,0x00,0x01,,,,"Speed feedback = 0 rpm"
205498,TX,0x201,3,0x90,0x90,0x45,0x02,,,,,"Set torque = 581"
205524,TX,0x201,3,0x90,0x90,0x00,0x00,,,,,"Set torque = 0"
205550,TX,0x201,3,0x90,0x90,0x00,0x00,,,,,"Set torque = 0"
205576,TX,0x201,3,0x90,0x90,0x00,0x00,,,,,"Set torque = 0"
205582,RX,0x181,6,0x40,0x40,0x11,0x43,0x80,0x00,0x0B,,"Status word = 0x4311"
205589,RX,0x181,4,0x30,0x30,0x00,0x00,0x01,,,,"Speed feedback = 0 rpm"
205602,TX,0x201,3,0x90,0x90,0x00,0x00,,,,,"Set torque = 0"
205628,TX,0x201,3,0x90,0x90,0x00,0x00,,,,,"Set torque = 0"
205654,TX,0x201,3,0x90,0x90,0x13,0x01,,,,,"Set torque = 275"
205678,RX,0x181,6,0x40,0x40,0x11,0x43,0x80,0x00,0x0B,,"Status word = 0x4311"
205685,TX,0x201,3,0x90,0x90,0x00,0x00,,,,,"Set torque = 0"
205692,RX,0x181,4,0x30,0x30,0x00,0x00,0x01,,,,"Speed feedback = 0 rpm"
205712,TX,0x201,3,0x90,0x90,0x00,0x00,,,,,"Set torque = 0"
205738,TX,0x201,3,0x90,0x90,0x00,0x00,,,,,"Set torque = 0"
205764,TX,0x201,3,0x90,0x90,0x00,0x00,,,,,"Set torque = 0"
205778,RX,0x181,6,0x40,0x40,0x11,0x43,0x80,0x00,0x0B,,"Status word = 0x4311"
205785,RX,0x181,4,0x30,0x30,0x00,0x00,0x01,,,,"Speed feedback = 0 rpm"
205792,TX,0x201,3,0x90,0x90,0x24,0x05,,,,,"Set torque = 1316"
205819,TX,0x201,3,0x90,0x90,0x00,0x00,,,,,"Set torque = 0"
205848,TX,0x201,3,0x90,0x90,0x00,0x00,,,,,"Set torque = 0"
205874,TX,0x201,3,0x90,0x90,0x00,0x00,,,,,"Set torque = 0"
205880,RX,0x181,6,0x40,0x40,0x11,0x43,0x80,0x00,0x0B,,"Status word = 0x4311"
205887,RX,0x181,4,0x30,0x30,0x00,0x00,0x01,,,,"Speed feedback = 0 rpm"
205900,TX,0x201,3,0x90,0x90,0x00,0x00,,,,,"Set torque = 0"
205926,TX,0x201,3,0x90,0x90,0x00,0x00,,,,,"Set torque = 0"
205952,TX,0x201,3,0x90,0x90,0x00,0x00,,,,,"Set torque = 0"
205978,TX,0x201,3,0x90,0x90,0x00,0x00,,,,,"Set torque = 0"
205984,RX,0x181,6,0x40,0x40,0x11,0x43,0x80,0x00,0x0B,,"Status word = 0x4311"
205991,RX,0x181,4,0x30,0x30,0x00,0x00,0x01,,,,"Speed feedback = 0 rpm"
206004,TX,0x201,3,0x90,0x90,0x00,0x00,,,,,"Set torque = 0"
206030,TX,0x201,3,0x90,0x90,0x00,0x00,,,,,"Set torque = 0"
206056,TX,0x201,3,0x90,0x90,0x00,0x00,,,,,"Set torque = 0"
206078,RX,0x181,6,0x40,0x40,0x11,0x43,0x80,0x00,0x0B,,"Status word = 0x4311"
206085,TX,0x201,3,0x90,0x90,0x00,0x00,,,,,"Set torque = 0"
206091,RX,0x181,4,0x30,0x30,0x00,0x00,0x01,,,,"Speed feedback = 0 rpm"
206111,TX,0x201,3,0x90,0x90,0x00,0x00,,,,,"Set torque = 0"
206137,TX,0x201,3,0x90,0x90,0x00,0x00,,,,,"Set torque = 0"
206163,TX,0x201,3,0x90,0x90,0x00,0x00,,,,,"Set torque = 0"
206178,RX,0x181,6,0x40,0x40,0x11,0x43,0x80,0x00,0x0B,,"Status word = 0x4311"
206185,RX,0x181,4,0x30,0x30,0x00,0x00,0x01,,,,"Speed feedback = 0 rpm"
206191,TX,0x201,3,0x90,0x90,0x00,0x00,,,,,"Set torque = 0"
206219,TX,0x201,3,0x90,0x90,0x00,0x00,,,,,"Set torque = 0"
206245,TX,0x201,3,0x90,0x90,0x00,0x00,,,,,"Set torque = 0"
206271,TX,0x201,3,0x90,0x90,0x00,0x00,,,,,"Set torque = 0"
206278,RX,0x181,6,0x40,0x40,0x11,0x43,0x80,0x00,0x0B,,"Status word = 0x4311"
206284,RX,0x181,4,0x30,0x30,0x00,0x00,0x01,,,,"Speed feedback = 0 rpm"
206297,TX,0x201,3,0x90,0x90,0x00,0x00,,,,,"Set torque = 0"
206323,TX,0x201,3,0x90,0x90,0x00,0x00,,,,,"Set torque = 0"
206349,TX,0x201,3,0x90,0x90,0x00,0x00,,,,,"Set torque = 0"
206375,TX,0x201,3,0x90,0x90,0x00,0x00,,,,,"Set torque = 0"
206382,RX,0x181,6,0x40,0x40,0x11,0x43,0x80,0x00,0x0B,,"Status word = 0x4311"
206388,RX,0x181,4,0x30,0x30,0x00,0x00,0x01,,,,"Speed feedback = 0 rpm"
206402,TX,0x201,3,0x90,0x90,0x00,0x00,,,,,"Set torque = 0"
206428,TX,0x201,3,0x90,0x90,0x00,0x00,,,,,"Set torque = 0"
206454,TX,0x201,3,0x90,0x90,0x00,0x00,,,,,"Set torque = 0"
206477,RX,0x181,6,0x40,0x40,0x11,0x43,0x80,0x00,0x0B,,"Status word = 0x4311"
206484,TX,0x201,3,0x90,0x90,0x00,0x00,,,,,"Set torque = 0"
206491,RX,0x181,4,0x30,0x30,0x00,0x00,0x01,,,,"Speed feedback = 0 rpm"
206511,TX,0x201,3,0x90,0x90,0x00,0x00,,,,,"Set torque = 0"
206538,TX,0x201,3,0x90,0x90,0x00,0x00,,,,,"Set torque = 0"
206564,TX,0x201,3,0x90,0x90,0x00,0x00,,,,,"Set torque = 0"
206577,RX,0x181,6,0x40,0x40,0x11,0x43,0x80,0x00,0x0B,,"Status word = 0x4311"
206584,RX,0x181,4,0x30,0x30,0x00,0x00,0x01,,,,"Speed feedback = 0 rpm"
206591,TX,0x201,3,0x90,0x90,0x00,0x00,,,,,"Set torque = 0"
206618,TX,0x201,3,0x90,0x90,0x00,0x00,,,,,"Set torque = 0"
206644,TX,0x201,3,0x90,0x90,0x00,0x00,,,,,"Set torque = 0"
206670,TX,0x201,3,0x90,0x90,0x00,0x00,,,,,"Set torque = 0"
206677,RX,0x181,6,0x40,0x40,0x11,0x43,0x80,0x00,0x0B,,"Status word = 0x4311"
206684,RX,0x181,4,0x30,0x30,0x00,0x00,0x01,,,,"Speed feedback = 0 rpm"
206696,TX,0x201,3,0x90,0x90,0x00,0x00,,,,,"Set torque = 0"
206722,TX,0x201,3,0x90,0x90,0x00,0x00,,,,,"Set torque = 0"
206748,TX,0x201,3,0x90,0x90,0x00,0x00,,,,,"Set torque = 0"
206774,TX,0x201,3,0x90,0x90,0x00,0x00,,,,,"Set torque = 0"
206780,RX,0x181,6,0x40,0x40,0x11,0x43,0x80,0x00,0x0B,,"Status word = 0x4311"
206787,RX,0x181,4,0x30,0x30,0x00,0x00,0x01,,,,"Speed feedback = 0 rpm"
206800,TX,0x201,3,0x90,0x90,0x00,0x00,,,,,"Set torque = 0"
206826,TX,0x201,3,0x90,0x90,0x00,0x00,,,,,"Set torque = 0"
206853,TX,0x201,3,0x90,0x90,0x00,0x00,,,,,"Set torque = 0"
206877,RX,0x181,6,0x40,0x40,0x11,0x43,0x80,0x00,0x0B,,"Status word = 0x4311"
206884,TX,0x201,3,0x90,0x90,0x00,0x00,,,,,"Set torque = 0"
206890,RX,0x181,4,0x30,0x30,0x00,0x00,0x01,,,,"Speed feedback = 0 rpm"
206910,TX,0x201,3,0x90,0x90,0x00,0x00,,,,,"Set torque = 0"
206936,TX,0x201,3,0x90,0x90,0x00,0x00,,,,,"Set torque = 0"
206964,TX,0x201,3,0x90,0x90,0x00,0x00,,,,,"Set torque = 0"
206976,RX,0x181,6,0x40,0x40,0x11,0x43,0x80,0x00,0x0B,,"Status word = 0x4311"
206983,RX,0x181,4,0x30,0x30,0x00,0x00,0x01,,,,"Speed feedback = 0 rpm"
206991,TX,0x201,3,0x90,0x90,0x00,0x00,,,,,"Set torque = 0"
207018,TX,0x201,3,0x90,0x90,0x00,0x00,,,,,"Set torque = 0"
207044,TX,0x201,3,0x90,0x90,0x00,0x00,,,,,"Set torque = 0"
207070,TX,0x201,3,0x90,0x90,0x00,0x00,,,,,"Set torque = 0"
207076,RX,0x181,6,0x40,0x40,0x11,0x43,0x80,0x00,0x0B,,"Status word = 0x4311"
207083,RX,0x181,4,0x30,0x30,0x00,0x00,0x01,,,,"Speed feedback = 0 rpm"
207096,TX,0x201,3,0x90,0x90,0x00,0x00,,,,,"Set torque = 0"
207122,TX,0x201,3,0x90,0x90,0x00,0x00,,,,,"Set torque = 0"
207148,TX,0x201,3,0x90,0x90,0x00,0x00,,,,,"Set torque = 0"
207175,TX,0x201,3,0x90,0x90,0x00,0x00,,,,,"Set torque = 0"
207181,RX,0x181,6,0x40,0x40,0x11,0x43,0x80,0x00,0x0B,,"Status word = 0x4311"
207188,RX,0x181,4,0x30,0x30,0x00,0x00,0x01,,,,"Speed feedback = 0 rpm"
207201,TX,0x201,3,0x90,0x90,0x00,0x00,,,,,"Set torque = 0"
207227,TX,0x201,3,0x90,0x90,0x00,0x00,,,,,"Set torque = 0"
207253,TX,0x201,3,0x90,0x90,0x00,0x00,,,,,"Set torque = 0"
207276,RX,0x181,6,0x40,0x40,0x11,0x43,0x80,0x00,0x0B,,"Status word = 0x4311"
207283,TX,0x201,3,0x90,0x90,0x00,0x00,,,,,"Set torque = 0"
207290,RX,0x181,4,0x30,0x30,0x00,0x00,0x01,,,,"Speed feedback = 0 rpm"
207310,TX,0x201,3,0x90,0x90,0x00,0x00,,,,,"Set torque = 0"
207336,TX,0x201,3,0x90,0x90,0x00,0x00,,,,,"Set torque = 0"
207362,TX,0x201,3,0x90,0x90,0x00,0x00,,,,,"Set torque = 0"
207376,RX,0x181,6,0x40,0x40,0x11,0x43,0x80,0x00,0x0B,,"Status word = 0x4311"
207383,RX,0x181,4,0x30,0x30,0x00,0x00,0x01,,,,"Speed feedback = 0 rpm"
207390,TX,0x201,3,0x90,0x90,0x00,0x00,,,,,"Set torque = 0"
207416,TX,0x201,3,0x90,0x90,0x00,0x00,,,,,"Set torque = 0"
207442,TX,0x201,3,0x90,0x90,0x00,0x00,,,,,"Set torque = 0"
207468,TX,0x201,3,0x90,0x90,0x00,0x00,,,,,"Set torque = 0"
207476,RX,0x181,6,0x40,0x40,0x11,0x43,0x80,0x00,0x0B,,"Status word = 0x4311"
207483,RX,0x181,4,0x30,0x30,0x00,0x00,0x01,,,,"Speed feedback = 0 rpm"
207495,TX,0x201,3,0x90,0x90,0x00,0x00,,,,,"Set torque = 0"
207521,TX,0x201,3,0x90,0x90,0x00,0x00,,,,,"Set torque = 0"
207547,TX,0x201,3,0x90,0x90,0x00,0x00,,,,,"Set torque = 0"
207573,TX,0x201,3,0x90,0x90,0x00,0x00,,,,,"Set torque = 0"
207579,RX,0x181,6,0x40,0x40,0x11,0x43,0x80,0x00,0x0B,,"Status word = 0x4311"
207586,RX,0x181,4,0x30,0x30,0x00,0x00,0x01,,,,"Speed feedback = 0 rpm"
207599,TX,0x201,3,0x90,0x90,0x00,0x00,,,,,"Set torque = 0"
207626,TX,0x201,3,0x90,0x90,0x00,0x00,,,,,"Set torque = 0"
207652,TX,0x201,3,0x90,0x90,0x00,0x00,,,,,"Set torque = 0"
207675,RX,0x181,6,0x40,0x40,0x11,0x43,0x80,0x00,0x0B,,"Status word = 0x4311"
207682,TX,0x201,3,0x90,0x90,0x00,0x00,,,,,"Set torque = 0"
207689,RX,0x181,4,0x30,0x30,0x00,0x00,0x01,,,,"Speed feedback = 0 rpm"
207709,TX,0x201,3,0x90,0x90,0x00,0x00,,,,,"Set torque = 0"
207735,TX,0x201,3,0x90,0x90,0x00,0x00,,,,,"Set torque = 0"
207761,TX,0x201,3,0x90,0x90,0x00,0x00,,,,,"Set torque = 0"
207775,RX,0x181,6,0x40,0x40,0x11,0x43,0x80,0x00,0x0B,,"Status word = 0x4311"
207782,RX,0x181,4,0x30,0x30,0x00,0x00,0x01,,,,"Speed feedback = 0 rpm"
207789,TX,0x201,3,0x90,0x90,0x00,0x00,,,,,"Set torque = 0"
207816,TX,0x201,3,0x90,0x90,0x00,0x00,,,,,"Set torque = 0"
207842,TX,0x201,3,0x90,0x90,0x00,0x00,,,,,"Set torque = 0"
207868,TX,0x201,3,0x90,0x90,0x00,0x00,,,,,"Set torque = 0"
207875,RX,0x181,6,0x40,0x40,0x11,0x43,0x80,0x00,0x0B,,"Status word = 0x4311"
207882,RX,0x181,4,0x30,0x30,0x00,0x00,0x01,,,,"Speed feedback = 0 rpm"
207894,TX,0x201,3,0x90,0x90,0x00,0x00,,,,,"Set torque = 0"
207920,TX,0x201,3,0x90,0x90,0x00,0x00,,,,,"Set torque = 0"
207947,TX,0x201,3,0x90,0x90,0x00,0x00,,,,,"Set torque = 0"
207973,TX,0x201,3,0x90,0x90,0x00,0x00,,,,,"Set torque = 0"
207979,RX,0x181,6,0x40,0x40,0x11,0x43,0x80,0x00,0x0B,,"Status word = 0x4311"
207986,RX,0x181,4,0x30,0x30,0x00,0x00,0x01,,,,"Speed feedback = 0 rpm"
207999,TX,0x201,3,0x90,0x90,0x00,0x00,,,,,"Set torque = 0"
208025,TX,0x201,3,0x90,0x90,0x00,0x00,,,,,"Set torque = 0"
208051,TX,0x201,3,0x90,0x90,0x00,0x00,,,,,"Set torque = 0"
208075,RX,0x181,6,0x40,0x40,0x11,0x43,0x80,0x00,0x0B,,"Status word = 0x4311"
208081,TX,0x201,3,0x90,0x90,0x00,0x00,,,,,"Set torque = 0"
208089,RX,0x181,4,0x30,0x30,0x00,0x00,0x01,,,,"Speed feedback = 0 rpm"
208109,TX,0x201,3,0x90,0x90,0x00,0x00,,,,,"Set torque = 0"
208135,TX,0x201,3,0x90,0x90,0x00,0x00,,,,,"Set torque = 0"
208161,TX,0x201,3,0x90,0x90,0x00,0x00,,,,,"Set torque = 0"
208175,RX,0x181,6,0x40,0x40,0x11,0x43,0x80,0x00,0x0B,,"Status word = 0x4311"
208181,RX,0x181,4,0x30,0x30,0x00,0x00,0x01,,,,"Speed feedback = 0 rpm"
208188,TX,0x201,3,0x90,0x90,0x00,0x00,,,,,"Set torque = 0"
208215,TX,0x201,3,0x90,0x90,0x00,0x00,,,,,"Set torque = 0"
208241,TX,0x201,3,0x90,0x90,0x00,0x00,,,,,"Set torque = 0"
208268,TX,0x201,3,0x90,0x90,0x00,0x00,,,,,"Set torque = 0"
208274,RX,0x181,6,0x40,0x40,0x11,0x43,0x80,0x00,0x0B,,"Status word = 0x4311"
208281,RX,0x181,4,0x30,0x30,0x00,0x00,0x01,,,,"Speed feedback = 0 rpm"
208294,TX,0x201,3,0x90,0x90,0x00,0x00,,,,,"Set torque = 0"
208320,TX,0x201,3,0x90,0x90,0x00,0x00,,,,,"Set torque = 0"
208346,TX,0x201,3,0x90,0x90,0x00,0x00,,,,,"Set torque = 0"
208372,TX,0x201,3,0x90,0x90,0x00,0x00,,,,,"Set torque = 0"
208378,RX,0x181,6,0x40,0x40,0x11,0x43,0x80,0x00,0x0B,,"Status word = 0x4311"
208385,RX,0x181,4,0x30,0x30,0x00,0x00,0x01,,,,"Speed feedback = 0 rpm"
208398,TX,0x201,3,0x90,0x90,0x00,0x00,,,,,"Set torque = 0"
208424,TX,0x201,3,0x90,0x90,0x00,0x00,,,,,"Set torque = 0"
208450,TX,0x201,3,0x90,0x90,0x00,0x00,,,,,"Set torque = 0"
208474,RX,0x181,6,0x40,0x40,0x11,0x43,0x80,0x00,0x0B,,"Status word = 0x4311"
208481,TX,0x201,3,0x90,0x90,0x00,0x00,,,,,"Set torque = 0"
208488,RX,0x181,4,0x30,0x30,0x00,0x00,0x01,,,,"Speed feedback = 0 rpm"
208508,TX,0x201,3,0x90,0x90,0x00,0x00,,,,,"Set torque = 0"
208534,TX,0x201,3,0x90,0x90,0x00,0x00,,,,,"Set torque = 0"
208560,TX,0x201,3,0x90,0x90,0x00,0x00,,,,,"Set torque = 0"
208574,RX,0x181,6,0x40,0x40,0x11,0x43,0x80,0x00,0x0B,,"Status word = 0x4311"
208581,RX,0x181,4,0x30,0x30,0x00,0x00,0x01,,,,"Speed feedback = 0 rpm"
208588,TX,0x201,3,0x90,0x90,0x00,0x00,,,,,"Set torque = 0"
208614,TX,0x201,3,0x90,0x90,0x00,0x00,,,,,"Set torque = 0"
208640,TX,0x201,3,0x90,0x90,0x00,0x00,,,,,"Set torque = 0"
208666,TX,0x201,3,0x90,0x90,0x00,0x00,,,,,"Set torque = 0"
208674,RX,0x181,6,0x40,0x40,0x11,0x43,0x80,0x00,0x0B,,"Status word = 0x4311"
208681,RX,0x181,4,0x30,0x30,0x00,0x00,0x01,,,,"Speed feedback = 0 rpm"
208692,TX,0x201,3,0x90,0x90,0x00,0x00,,,,,"Set torque = 0"
208719,TX,0x201,3,0x90,0x90,0x00,0x00,,,,,"Set torque = 0"
208745,TX,0x201,3,0x90,0x90,0x00,0x00,,,,,"Set torque = 0"
208771,TX,0x201,3,0x90,0x90,0x00,0x00,,,,,"Set torque = 0"
208777,RX,0x181,6,0x40,0x40,0x11,0x43,0x80,0x00,0x0B,,"Status word = 0x4311"
208784,RX,0x181,4,0x30,0x30,0x00,0x00,0x01,,,,"Speed feedback = 0 rpm"
208797,TX,0x201,3,0x90,0x90,0x00,0x00,,,,,"Set torque = 0"
208823,TX,0x201,3,0x90,0x90,0x00,0x00,,,,,"Set torque = 0"
208849,TX,0x201,3,0x90,0x90,0x00,0x00,,,,,"Set torque = 0"
208873,RX,0x181,6,0x40,0x40,0x11,0x43,0x80,0x00,0x0B,,"Status word = 0x4311"
208881,RX,0x181,4,0x30,0x30,0x00,0x00,0x01,,,,"Speed feedback = 0 rpm"
208887,TX,0x201,3,0x90,0x90,0x3D,0x00,,,,,"Set torque = 61"
208914,TX,0x201,3,0x90,0x90,0x7A,0x00,,,,,"Set torque = 122"
208940,TX,0x201,3,0x90,0x90,0x00,0x00,,,,,"Set torque = 0"
208966,TX,0x201,3,0x90,0x90,0x8E,0x01,,,,,"Set torque = 398"
208973,RX,0x181,6,0x40,0x40,0x11,0x43,0x80,0x00,0x0B,,"Status word = 0x4311"
208980,RX,0x181,4,0x30,0x30,0x00,0x00,0x01,,,,"Speed feedback = 0 rpm"
208992,TX,0x201,3,0x90,0x90,0x7A,0x00,,,,,"Set torque = 122"
209018,TX,0x201,3,0x90,0x90,0x00,0x00,,,,,"Set torque = 0"
209045,TX,0x201,3,0x90,0x90,0x00,0x00,,,,,"Set torque = 0"
209071,TX,0x201,3,0x90,0x90,0x96,0x03,,,,,"Set torque = 918"
209077,RX,0x181,6,0x40,0x40,0x11,0x43,0x80,0x00,0x0B,,"Status word = 0x4311"
209084,RX,0x181,4,0x30,0x30,0x00,0x00,0x01,,,,"Speed feedback = 0 rpm"
209097,TX,0x201,3,0x90,0x90,0xAA,0x04,,,,,"Set torque = 1194"
209123,TX,0x201,3,0x90,0x90,0xDC,0x05,,,,,"Set torque = 1500"
209149,TX,0x201,3,0x90,0x90,0x2D,0x07,,,,,"Set torque = 1837"
209173,RX,0x181,6,0x40,0x40,0x11,0x41,0x80,0x00,0x0B,,"Status word = 0x4111"
209179,TX,0x201,3,0x90,0x90,0xD1,0x06,,,,,"Set torque = 1745"
209186,RX,0x181,4,0x30,0x30,0xC7,0x00,0x01,,,,"Speed feedback = 199 rpm"
209206,TX,0x201,3,0x90,0x90,0x9F,0x05,,,,,"Set torque = 1439"
209232,TX,0x201,3,0x90,0x90,0x57,0x06,,,,,"Set torque = 1623"
209258,TX,0x201,3,0x90,0x90,0x78,0x03,,,,,"Set torque = 888"
209273,RX,0x181,6,0x40,0x40,0x11,0x41,0x80,0x02,0x0B,,"Status word = 0x4111"
209280,RX,0x181,4,0x30,0x30,0x25,0x05,0x01,,,,"Speed feedback = 1317 rpm"
209286,TX,0x201,3,0x90,0x90,0x00,0x00,,,,,"Set torque = 0"
209312,TX,0x201,3,0x90,0x90,0x00,0x00,,,,,"Set torque = 0"
209338,TX,0x201,3,0x90,0x90,0x00,0x00,,,,,"Set torque = 0"
209364,TX,0x201,3,0x90,0x90,0x00,0x00,,,,,"Set torque = 0"
209373,RX,0x181,6,0x40,0x40,0x11,0x41,0x80,0x02,0x0B,,"Status word = 0x4111"
209380,RX,0x181,4,0x30,0x30,0xDD,0x06,0x01,,,,"Speed feedback = 1757 rpm"
209390,TX,0x201,3,0x90,0x90,0x00,0x00,,,,,"Set torque = 0"
209416,TX,0x201,3,0x90,0x90,0x00,0x00,,,,,"Set torque = 0"
209442,TX,0x201,3,0x90,0x90,0x00,0x00,,,,,"Set torque = 0"
209468,TX,0x201,3,0x90,0x90,0x00,0x00,,,,,"Set torque = 0"
209474,RX,0x181,6,0x40,0x40,0x11,0x41,0x80,0x02,0x0B,,"Status word = 0x4111"
209480,RX,0x181,4,0x30,0x30,0x75,0x05,0x01,,,,"Speed feedback = 1397 rpm"
209494,TX,0x201,3,0x90,0x90,0x00,0x00,,,,,"Set torque = 0"
209520,TX,0x201,3,0x90,0x90,0x00,0x00,,,,,"Set torque = 0"
209546,TX,0x201,3,0x90,0x90,0x00,0x00,,,,,"Set torque = 0"
209572,TX,0x201,3,0x90,0x90,0x00,0x00,,,,,"Set torque = 0"
209578,RX,0x181,6,0x40,0x40,0x11,0x41,0x80,0x02,0x0B,,"Status word = 0x4111"
209584,RX,0x181,4,0x30,0x30,0xBE,0x03,0x01,,,,"Speed feedback = 958 rpm"
209598,TX,0x201,3,0x90,0x90,0x00,0x00,,,,,"Set torque = 0"
209624,TX,0x201,3,0x90,0x90,0x00,0x00,,,,,"Set torque = 0"
209650,TX,0x201,3,0x90,0x90,0x00,0x00,,,,,"Set torque = 0"
209672,RX,0x181,6,0x40,0x40,0x11,0x41,0x80,0x00,0x0B,,"Status word = 0x4111"
209678,TX,0x201,3,0x90,0x90,0x00,0x00,,,,,"Set torque = 0"
209685,RX,0x181,4,0x30,0x30,0x57,0x02,0x01,,,,"Speed feedback = 599 rpm"
209705,TX,0x201,3,0x90,0x90,0x00,0x00,,,,,"Set torque = 0"
209731,TX,0x201,3,0x90,0x90,0x00,0x00,,,,,"Set torque = 0"
209757,TX,0x201,3,0x90,0x90,0x00,0x00,,,,,"Set torque = 0"
209772,RX,0x181,6,0x40,0x40,0x11,0x41,0x80,0x00,0x0B,,"Status word = 0x4111"
209779,RX,0x181,4,0x30,0x30,0x3F,0x01,0x01,,,,"Speed feedback = 319 rpm"
209785,TX,0x201,3,0x90,0x90,0x00,0x00,,,,,"Set torque = 0"
209812,TX,0x201,3,0x90,0x90,0x00,0x00,,,,,"Set torque = 0"
209838,TX,0x201,3,0x90,0x90,0x00,0x00,,,,,"Set torque = 0"
209864,TX,0x201,3,0x90,0x90,0x00,0x00,,,,,"Set torque = 0"
209872,RX,0x181,6,0x40,0x40,0x11,0x41,0x80,0x00,0x0B,,"Status word = 0x4111"
209879,RX,0x181,4,0x30,0x30,0x77,0x00,0x01,,,,"Speed feedback = 119 rpm"
209890,TX,0x201,3,0x90,0x90,0x00,0x00,,,,,"Set torque = 0"
209916,TX,0x201,3,0x90,0x90,0x00,0x00,,,,,"Set torque = 0"
209942,TX,0x201,3,0x90,0x90,0x00,0x00,,,,,"Set torque = 0"
209968,TX,0x201,3,0x90,0x90,0x00,0x00,,,,,"Set torque = 0"
209974,RX,0x181,6,0x40,0x40,0x11,0x43,0x80,0x00,0x0B,,"Status word = 0x4311"
209980,RX,0x181,4,0x30,0x30,0x00,0x00,0x01,,,,"Speed feedback = 0 rpm"
209994,TX,0x201,3,0x90,0x90,0x00,0x00,,,,,"Set torque = 0"
210020,TX,0x201,3,0x90,0x90,0x00,0x00,,,,,"Set torque = 0"
210046,TX,0x201,3,0x90,0x90,0x64,0x02,,,,,"Set torque = 612"
210072,TX,0x201,3,0x90,0x90,0xAA,0x04,,,,,"Set torque = 1194"
210078,RX,0x181,6,0x40,0x40,0x11,0x43,0x80,0x00,0x0B,,"Status word = 0x4311"
210084,RX,0x181,4,0x30,0x30,0x00,0x00,0x01,,,,"Speed feedback = 0 rpm"
210098,TX,0x201,3,0x90,0x90,0x8B,0x04,,,,,"Set torque = 1163"
210124,TX,0x201,3,0x90,0x90,0xAA,0x04,,,,,"Set torque = 1194"
210150,TX,0x201,3,0x90,0x90,0x03,0x08,,,,,"Set torque = 2051"
210171,RX,0x181,6,0x40,0x40,0x11,0x41,0x80,0x00,0x0B,,"Status word = 0x4111"
210181,RX,0x181,4,0x30,0x30,0xDF,0x01,0x01,,,,"Speed feedback = 479 rpm"
210187,TX,0x201,3,0x90,0x90,0x43,0x05,,,,,"Set torque = 1347"
210213,TX,0x201,3,0x90,0x90,0xC8,0x04,,,,,"Set torque = 1224"
210239,TX,0x201,3,0x90,0x90,0xFB,0x05,,,,,"Set torque = 1531"
210265,TX,0x201,3,0x90,0x90,0x3D,0x00,,,,,"Set torque = 61"
210272,RX,0x181,6,0x40,0x40,0x11,0x41,0x80,0x02,0x0B,,"Status word = 0x4111"
210279,RX,0x181,4,0x30,0x30,0x3D,0x06,0x01,,,,"Speed feedback = 1597 rpm"
210292,TX,0x201,3,0x90,0x90,0xC8,0x04,,,,,"Set torque = 1224"
210318,TX,0x201,3,0x90,0x90,0xBD,0x05,,,,,"Set torque = 1469"
210344,TX,0x201,3,0x90,0x90,0xE7,0x04,,,,,"Set torque = 1255"
210370,TX,0x201,3,0x90,0x90,0x43,0x05,,,,,"Set torque = 1347"
210376,RX,0x181,6,0x40,0x40,0x11,0x41,0x80,0x02,0x0B,,"Status word = 0x4111"
210382,RX,0x181,4,0x30,0x30,0x23,0x0A,0x01,,,,"Speed feedback = 2595 rpm"
210396,TX,0x201,3,0x90,0x90,0x78,0x03,,,,,"Set torque = 888"
210422,TX,0x201,3,0x90,0x90,0xCB,0x01,,,,,"Set torque = 459"
210448,TX,0x201,3,0x90,0x90,0x00,0x00,,,,,"Set torque = 0"
210471,RX,0x181,6,0x40,0x40,0x11,0x41,0x80,0x02,0x0B,,"Status word = 0x4111"
210477,TX,0x201,3,0x90,0x90,0x00,0x00,,,,,"Set torque = 0"
210483,RX,0x181,4,0x30,0x30,0x92,0x0D,0x01,,,,"Speed feedback = 3474 rpm"
210503,TX,0x201,3,0x90,0x90,0x00,0x00,,,,,"Set torque = 0"
210529,TX,0x201,3,0x90,0x90,0x00,0x00,,,,,"Set torque = 0"
210555,TX,0x201,3,0x90,0x90,0x00,0x00,,,,,"Set torque = 0"
210571,RX,0x181,6,0x40,0x40,0x11,0x41,0x80,0x02,0x0B,,"Status word = 0x4111"
210578,RX,0x181,4,0x30,0x30,0xA2,0x0C,0x01,,,,"Speed feedback = 3234 rpm"
210584,TX,0x201,3,0x90,0x90,0x00,0x00,,,,,"Set torque = 0"
210610,TX,0x201,3,0x90,0x90,0x00,0x00,,,,,"Set torque = 0"
210636,TX,0x201,3,0x90,0x90,0x00,0x00,,,,,"Set torque = 0"
210662,TX,0x201,3,0x90,0x90,0x00,0x00,,,,,"Set torque = 0"
210671,RX,0x181,6,0x40,0x40,0x11,0x41,0x80,0x02,0x0B,,"Status word = 0x4111"
210678,RX,0x181,4,0x30,0x30,0xC3,0x0A,0x01,,,,"Speed feedback = 2755 rpm"
210688,TX,0x201,3,0x90,0x90,0x00,0x00,,,,,"Set torque = 0"
210714,TX,0x201,3,0x90,0x90,0x00,0x00,,,,,"Set torque = 0"
210740,TX,0x201,3,0x90,0x90,0x00,0x00,,,,,"Set torque = 0"
210766,TX,0x201,3,0x90,0x90,0x00,0x00,,,,,"Set torque = 0"
210772,RX,0x181,6,0x40,0x40,0x11,0x41,0x80,0x02,0x0B,,"Status word = 0x4111"
210778,RX,0x181,4,0x30,0x30,0x0C,0x09,0x01,,,,"Speed feedback = 2316 rpm"
210792,TX,0x201,3,0x90,0x90,0x00,0x00,,,,,"Set torque = 0"
210818,TX,0x201,3,0x90,0x90,0x00,0x00,,,,,"Set torque = 0"
210844,TX,0x201,3,0x90,0x90,0x00,0x00,,,,,"Set torque = 0"
210870,TX,0x201,3,0x90,0x90,0x00,0x00,,,,,"Set torque = 0"
210876,RX,0x181,6,0x40,0x40,0x11,0x41,0x80,0x02,0x0B,,"Status word = 0x4111"
210882,RX,0x181,4,0x30,0x30,0xDD,0x06,0x01,,,,"Speed feedback = 1757 rpm"
210896,TX,0x201,3,0x90,0x90,0x00,0x00,,,,,"Set torque = 0"
210922,TX,0x201,3,0x90,0x90,0x00,0x00,,,,,"Set torque = 0"
210948,TX,0x201,3,0x90,0x90,0x00,0x00,,,,,"Set torque = 0"
210970,RX,0x181,6,0x40,0x40,0x11,0x41,0x80,0x02,0x0B,,"Status word = 0x4111"
210976,TX,0x201,3,0x90,0x90,0x00,0x00,,,,,"Set torque = 0"
210983,RX,0x181,4,0x30,0x30,0xFE,0x04,0x01,,,,"Speed feedback = 1278 rpm"
211003,TX,0x201,3,0x90,0x90,0x00,0x00,,,,,"Set torque = 0"
211029,TX,0x201,3,0x90,0x90,0x00,0x00,,,,,"Set torque = 0"
211055,TX,0x201,3,0x90,0x90,0x00,0x00,,,,,"Set torque = 0"
211070,RX,0x181,6,0x40,0x40,0x11,0x41,0x80,0x02,0x0B,,"Status word = 0x4111"
211077,RX,0x181,4,0x30,0x30,0x6E,0x03,0x01,,,,"Speed feedback = 878 rpm"
211083,TX,0x201,3,0x90,0x90,0x00,0x00,,,,,"Set torque = 0"
211109,TX,0x201,3,0x90,0x90,0x00,0x00,,,,,"Set torque = 0"
211135,TX,0x201,3,0x90,0x90,0x00,0x00,,,,,"Set torque = 0"
211161,TX,0x201,3,0x90,0x90,0x00,0x00,,,,,"Set torque = 0"
211170,RX,0x181,6,0x40,0x40,0x11,0x41,0x80,0x00,0x0B,,"Status word = 0x4111"
211177,RX,0x181,4,0x30,0x30,0x07,0x02,0x01,,,,"Speed feedback = 519 rpm"
211187,TX,0x201,3,0x90,0x90,0x00,0x00,,,,,"Set torque = 0"
211213,TX,0x201,3,0x90,0x90,0x00,0x00,,,,,"Set torque = 0"
211239,TX,0x201,3,0x90,0x90,0x00,0x00,,,,,"Set torque = 0"
211265,TX,0x201,3,0x90,0x90,0x00,0x00,,,,,"Set torque = 0"
211271,RX,0x181,6,0x40,0x40,0x11,0x41,0x80,0x00,0x0B,,"Status word = 0x4111"
211277,RX,0x181,4,0x30,0x30,0xEF,0x00,0x01,,,,"Speed feedback = 239 rpm"
211291,TX,0x201,3,0x90,0x90,0x00,0x00,,,,,"Set torque = 0"
211317,TX,0x201,3,0x90,0x90,0x00,0x00,,,,,"Set torque = 0"
211343,TX,0x201,3,0x90,0x90,0x00,0x00,,,,,"Set torque = 0"
211369,TX,0x201,3,0x90,0x90,0x00,0x00,,,,,"Set torque = 0"
211375,RX,0x181,6,0x40,0x40,0x11,0x41,0x80,0x00,0x0B,,"Status word = 0x4111"
211381,RX,0x181,4,0x30,0x30,0x00,0x00,0x01,,,,"Speed feedback = 0 rpm"
211395,TX,0x201,3,0x90,0x90,0x00,0x00,,,,,"Set torque = 0"
211421,TX,0x201,3,0x90,0x90,0x00,0x00,,,,,"Set torque = 0"
211447,TX,0x201,3,0x90,0x90,0x00,0x00,,,,,"Set torque = 0"
211469,RX,0x181,6,0x40,0x40,0x11,0x43,0x80,0x00,0x0B,,"Status word = 0x4311"
211476,TX,0x201,3,0x90,0x90,0x00,0x00,,,,,"Set torque = 0"
211482,RX,0x181,4,0x30,0x30,0x00,0x00,0x01,,,,"Speed feedback = 0 rpm"
211502,TX,0x201,3,0x90,0x90,0x00,0x00,,,,,"Set torque = 0"
211528,TX,0x201,3,0x90,0x90,0x00,0x00,,,,,"Set torque = 0"
211554,TX,0x201,3,0x90,0x90,0x00,0x00,,,,,"Set torque = 0"
211569,RX,0x181,6,0x40,0x40,0x11,0x43,0x80,0x00,0x0B,,"Status word = 0x4311"
211576,RX,0x181,4,0x30,0x30,0x00,0x00,0x01,,,,"Speed feedback = 0 rpm"
211582,TX,0x201,3,0x90,0x90,0x00,0x00,,,,,"Set torque = 0"
211609,TX,0x201,3,0x90,0x90,0x00,0x00,,,,,"Set torque = 0"
211635,TX,0x201,3,0x90,0x90,0x00,0x00,,,,,"Set torque = 0"
211661,TX,0x201,3,0x90,0x90,0x00,0x00,,,,,"Set torque = 0"
211669,RX,0x181,6,0x40,0x40,0x11,0x43,0x80,0x00,0x0B,,"Status word = 0x4311"
211676,RX,0x181,4,0x30,0x30,0x00,0x00,0x01,,,,"Speed feedback = 0 rpm"
211687,TX,0x201,3,0x90,0x90,0x00,0x00,,,,,"Set torque = 0"
211713,TX,0x201,3,0x90,0x90,0x00,0x00,,,,,"Set torque = 0"
211739,TX,0x201,3,0x90,0x90,0x00,0x00,,,,,"Set torque = 0"
211765,TX,0x201,3,0x90,0x90,0x00,0x00,,,,,"Set torque = 0"
211771,RX,0x181,6,0x40,0x40,0x11,0x43,0x80,0x00,0x0B,,"Status word = 0x4311"
211777,RX,0x181,4,0x30,0x30,0x00,0x00,0x01,,,,"Speed feedback = 0 rpm"
211791,TX,0x201,3,0x90,0x90,0x00,0x00,,,,,"Set torque = 0"
211817,TX,0x201,3,0x90,0x90,0x00,0x00,,,,,"Set torque = 0"
211843,TX,0x201,3,0x90,0x90,0x00,0x00,,,,,"Set torque = 0"
211869,TX,0x201,3,0x90,0x90,0x00,0x00,,,,,"Set torque = 0"
211875,RX,0x181,6,0x40,0x40,0x11,0x43,0x80,0x00,0x0B,,"Status word = 0x4311"
211881,RX,0x181,4,0x30,0x30,0x00,0x00,0x01,,,,"Speed feedback = 0 rpm"
211895,TX,0x201,3,0x90,0x90,0x00,0x00,,,,,"Set torque = 0"
211921,TX,0x201,3,0x90,0x90,0x00,0x00,,,,,"Set torque = 0"
211947,TX,0x201,3,0x90,0x90,0x00,0x00,,,,,"Set torque = 0"
211969,RX,0x181,6,0x40,0x40,0x11,0x43,0x80,0x00,0x0B,,"Status word = 0x4311"
211975,TX,0x201,3,0x90,0x90,0x00,0x00,,,,,"Set torque = 0"
211981,RX,0x181,4,0x30,0x30,0x00,0x00,0x01,,,,"Speed feedback = 0 rpm"
212001,TX,0x201,3,0x90,0x90,0x00,0x00,,,,,"Set torque = 0"
212027,TX,0x201,3,0x90,0x90,0x00,0x00,,,,,"Set torque = 0"
212053,TX,0x201,3,0x90,0x90,0x00,0x00,,,,,"Set torque = 0"
212068,RX,0x181,6,0x40,0x40,0x11,0x43,0x80,0x00,0x0B,,"Status word = 0x4311"
212075,RX,0x181,4,0x30,0x30,0x00,0x00,0x01,,,,"Speed feedback = 0 rpm"
212082,TX,0x201,3,0x90,0x90,0x00,0x00,,,,,"Set torque = 0"
212108,TX,0x201,3,0x90,0x90,0x00,0x00,,,,,"Set torque = 0"
212134,TX,0x201,3,0x90,0x90,0x00,0x00,,,,,"Set torque = 0"
212160,TX,0x201,3,0x90,0x90,0x00,0x00,,,,,"Set torque = 0"
212168,RX,0x181,6,0x40,0x40,0x11,0x43,0x80,0x00,0x0B,,"Status word = 0x4311"
212175,RX,0x181,4,0x30,0x30,0x00,0x00,0x01,,,,"Speed feedback = 0 rpm"
212186,TX,0x201,3,0x90,0x90,0x00,0x00,,,,,"Set torque = 0"
212212,TX,0x201,3,0x90,0x90,0x00,0x00,,,,,"Set torque = 0"
212238,TX,0x201,3,0x90,0x90,0x00,0x00,,,,,"Set torque = 0"
212264,TX,0x201,3,0x90,0x90,0x00,0x00,,,,,"Set torque = 0"
212270,RX,0x181,6,0x40,0x40,0x11,0x43,0x80,0x00,0x0B,,"Status word = 0x4311"
212276,RX,0x181,4,0x30,0x30,0x00,0x00,0x01,,,,"Speed feedback = 0 rpm"
212290,TX,0x201,3,0x90,0x90,0x00,0x00,,,,,"Set torque = 0"
212316,TX,0x201,3,0x90,0x90,0x00,0x00,,,,,"Set torque = 0"
212342,TX,0x201,3,0x90,0x90,0x00,0x00,,,,,"Set torque = 0"
212368,TX,0x201,3,0x90,0x90,0x00,0x00,,,,,"Set torque = 0"
212374,RX,0x181,6,0x40,0x40,0x11,0x43,0x80,0x00,0x0B,,"Status word = 0x4311"
212380,RX,0x181,4,0x30,0x30,0x00,0x00,0x01,,,,"Speed feedback = 0 rpm"
212394,TX,0x201,3,0x90,0x90,0x00,0x00,,,,,"Set torque = 0"
212420,TX,0x201,3,0x90,0x90,0x00,0x00,,,,,"Set torque = 0"
212446,TX,0x201,3,0x90,0x90,0x00,0x00,,,,,"Set torque = 0"
212468,RX,0x181,6,0x40,0x40,0x11,0x43,0x80,0x00,0x0B,,"Status word = 0x4311"
212474,TX,0x201,3,0x90,0x90,0x00,0x00,,,,,"Set torque = 0"
212480,RX,0x181,4,0x30,0x30,0x00,0x00,0x01,,,,"Speed feedback = 0 rpm"
212500,TX,0x201,3,0x90,0x90,0x00,0x00,,,,,"Set torque = 0"
212526,TX,0x201,3,0x90,0x90,0x00,0x00,,,,,"Set torque = 0"
212552,TX,0x201,3,0x90,0x90,0x00,0x00,,,,,"Set torque = 0"
212568,RX,0x181,6,0x40,0x40,0x11,0x43,0x80,0x00,0x0B,,"Status word = 0x4311"
212575,RX,0x181,4,0x30,0x30,0x00,0x00,0x01,,,,"Speed feedback = 0 rpm"
212581,TX,0x201,3,0x90,0x90,0x00,0x00,,,,,"Set torque = 0"
212607,TX,0x201,3,0x90,0x90,0x00,0x00,,,,,"Set torque = 0"
212633,TX,0x201,3,0x90,0x90,0x00,0x00,,,,,"Set torque = 0"
212659,TX,0x201,3,0x90,0x90,0x00,0x00,,,,,"Set torque = 0"
212667,RX,0x181,6,0x40,0x40,0x11,0x43,0x80,0x00,0x0B,,"Status word = 0x4311"
212674,RX,0x181,4,0x30,0x30,0x00,0x00,0x01,,,,"Speed feedback = 0 rpm"
212685,TX,0x201,3,0x90,0x90,0x00,0x00,,,,,"Set torque = 0"
212711,TX,0x201,3,0x90,0x90,0x00,0x00,,,,,"Set torque = 0"
212737,TX,0x201,3,0x90,0x90,0x00,0x00,,,,,"Set torque = 0"
212763,TX,0x201,3,0x90,0x90,0x00,0x00,,,,,"Set torque = 0"
212769,RX,0x181,6,0x40,0x40,0x11,0x43,0x80,0x00,0x0B,,"Status word = 0x4311"
212775,RX,0x181,4,0x30,0x30,0x00,0x00,0x01,,,,"Speed feedback = 0 rpm"
212789,TX,0x201,3,0x90,0x90,0x00,0x00,,,,,"Set torque = 0"
212815,TX,0x201,3,0x90,0x90,0x00,0x00,,,,,"Set torque = 0"
212841,TX,0x201,3,0x90,0x90,0x00,0x00,,,,,"Set torque = 0"
212867,TX,0x201,3,0x90,0x90,0x00,0x00,,,,,"Set torque = 0"
212873,RX,0x181,6,0x40,0x40,0x11,0x43,0x80,0x00,0x0B,,"Status word = 0x4311"
212879,RX,0x181,4,0x30,0x30,0x00,0x00,0x01,,,,"Speed feedback = 0 rpm"
212893,TX,0x201,3,0x90,0x90,0x00,0x00,,,,,"Set torque = 0"
212919,TX,0x201,3,0x90,0x90,0x00,0x00,,,,,"Set torque = 0"
212945,TX,0x201,3,0x90,0x90,0x00,0x00,,,,,"Set torque = 0"
212967,RX,0x181,6,0x40,0x40,0x11,0x43,0x80,0x00,0x0B,,"Status word = 0x4311"
212973,TX,0x201,3,0x90,0x90,0x00,0x00,,,,,"Set torque = 0"
212979,RX,0x181,4,0x30,0x30,0x00,0x00,0x01,,,,"Speed feedback = 0 rpm"
212999,TX,0x201,3,0x90,0x90,0x00,0x00,,,,,"Set torque = 0"
213025,TX,0x201,3,0x90,0x90,0x8E,0x01,,,,,"Set torque = 398"
213051,TX,0x201,3,0x90,0x90,0x00,0x00,,,,,"Set torque = 0"
213067,RX,0x181,6,0x40,0x40,0x11,0x43,0x80,0x00,0x0B,,"Status word = 0x4311"
213074,RX,0x181,4,0x30,0x30,0x00,0x00,0x01,,,,"Speed feedback = 0 rpm"
213080,TX,0x201,3,0x90,0x90,0x00,0x00,,,,,"Set torque = 0"
213106,TX,0x201,3,0x90,0x90,0x00,0x00,,,,,"Set torque = 0"
213132,TX,0x201,3,0x90,0x90,0x00,0x00,,,,,"Set torque = 0"
213158,TX,0x201,3,0x90,0x90,0x00,0x00,,,,,"Set torque = 0"
213167,RX,0x181,6,0x40,0x40,0x11,0x43,0x80,0x00,0x0B,,"Status word = 0x4311"
213174,RX,0x181,4,0x30,0x30,0x00,0x00,0x01,,,,"Speed feedback = 0 rpm"
213184,TX,0x201,3,0x90,0x90,0x00,0x00,,,,,"Set torque = 0"
213210,TX,0x201,3,0x90,0x90,0x00,0x00,,,,,"Set torque = 0"
213236,TX,0x201,3,0x90,0x90,0x00,0x00,,,,,"Set torque = 0"
213262,TX,0x201,3,0x90,0x90,0x00,0x00,,,,,"Set torque = 0"
213268,RX,0x181,6,0x40,0x40,0x11,0x43,0x80,0x00,0x0B,,"Status word = 0x4311"
213277,RX,0x181,4,0x30,0x30,0x00,0x00,0x01,,,,"Speed feedback = 0 rpm"
213288,TX,0x201,3,0x90,0x90,0x00,0x00,,,,,"Set torque = 0"
213314,TX,0x201,3,0x90,0x90,0x00,0x00,,,,,"Set torque = 0"
213340,TX,0x201,3,0x90,0x90,0x00,0x00,,,,,"Set torque = 0"
213366,TX,0x201,3,0x90,0x90,0x00,0x00,,,,,"Set torque = 0"
213373,RX,0x181,6,0x40,0x40,0x11,0x43,0x80,0x00,0x0B,,"Status word = 0x4311"
213379,RX,0x181,4,0x30,0x30,0x00,0x00,0x01,,,,"Speed feedback = 0 rpm"
213393,TX,0x201,3,0x90,0x90,0x00,0x00,,,,,"Set torque = 0"
213419,TX,0x201,3,0x90,0x90,0x00,0x00,,,,,"Set torque = 0"
213445,TX,0x201,3,0x90,0x90,0x00,0x00,,,,,"Set torque = 0"
213466,RX,0x181,6,0x40,0x40,0x11,0x43,0x80,0x00,0x0B,,"Status word = 0x4311"
213473,TX,0x201,3,0x90,0x90,0x00,0x00,,,,,"Set torque = 0"
213480,RX,0x181,4,0x30,0x30,0x00,0x00,0x01,,,,"Speed feedback = 0 rpm"
213500,TX,0x201,3,0x90,0x90,0x00,0x00,,,,,"Set torque = 0"
213526,TX,0x201,3,0x90,0x90,0x00,0x00,,,,,"Set torque = 0"
213552,TX,0x201,3,0x90,0x90,0x00,0x00,,,,,"Set torque = 0"
213566,RX,0x181,6,0x40,0x40,0x11,0x43,0x80,0x00,0x0B,,"Status word = 0x4311"
213573,RX,0x181,4,0x30,0x30,0x00,0x00,0x01,,,,"Speed feedback = 0 rpm"
213580,TX,0x201,3,0x90,0x90,0x00,0x00,,,,,"Set torque = 0"
213607,TX,0x201,3,0x90,0x90,0x00,0x00,,,,,"Set torque = 0"
213633,TX,0x201,3,0x90,0x90,0x00,0x00,,,,,"Set torque = 0"
213659,TX,0x201,3,0x90,0x90,0x00,0x00,,,,,"Set torque = 0"
213666,RX,0x181,6,0x40,0x40,0x11,0x43,0x80,0x00,0x0B,,"Status word = 0x4311"
213673,RX,0x181,4,0x30,0x30,0x00,0x00,0x01,,,,"Speed feedback = 0 rpm"
213686,TX,0x201,3,0x90,0x90,0x00,0x00,,,,,"Set torque = 0"
213712,TX,0x201,3,0x90,0x90,0x1E,0x00,,,,,"Set torque = 30"
213738,TX,0x201,3,0x90,0x90,0x00,0x00,,,,,"Set torque = 0"
213764,TX,0x201,3,0x90,0x90,0x00,0x00,,,,,"Set torque = 0"
213770,RX,0x181,6,0x40,0x40,0x11,0x43,0x80,0x00,0x0B,,"Status word = 0x4311"
213777,RX,0x181,4,0x30,0x30,0x00,0x00,0x01,,,,"Speed feedback = 0 rpm"
213790,TX,0x201,3,0x90,0x90,0x00,0x00,,,,,"Set torque = 0"
213817,TX,0x201,3,0x90,0x90,0x6F,0x01,,,,,"Set torque = 367"
213843,TX,0x201,3,0x90,0x90,0x00,0x00,,,,,"Set torque = 0"
213866,RX,0x181,6,0x40,0x40,0x11,0x43,0x80,0x00,0x0B,,"Status word = 0x4311"
213872,TX,0x201,3,0x90,0x90,0x00,0x00,,,,,"Set torque = 0"
213879,RX,0x181,4,0x30,0x30,0x00,0x00,0x01,,,,"Speed feedback = 0 rpm"
213899,TX,0x201,3,0x90,0x90,0x00,0x00,,,,,"Set torque = 0"
213925,TX,0x201,3,0x90,0x90,0x00,0x00,,,,,"Set torque = 0"
213951,TX,0x201,3,0x90,0x90,0x00,0x00,,,,,"Set torque = 0"
213965,RX,0x181,6,0x40,0x40,0x11,0x43,0x80,0x00,0x0B,,"Status word = 0x4311"
213973,RX,0x181,4,0x30,0x30,0x00,0x00,0x01,,,,"Speed feedback = 0 rpm"
213979,TX,0x201,3,0x90,0x90,0x00,0x00,,,,,"Set torque = 0"
214006,TX,0x201,3,0x90,0x90,0x00,0x00,,,,,"Set torque = 0"
214032,TX,0x201,3,0x90,0x90,0x00,0x00,,,,,"Set torque = 0"
214058,TX,0x201,3,0x90,0x90,0x00,0x00,,,,,"Set torque = 0"
214065,RX,0x181,6,0x40,0x40,0x11,0x43,0x80,0x00,0x0B,,"Status word = 0x4311"
214072,RX,0x181,4,0x30,0x30,0x00,0x00,0x01,,,,"Speed feedback = 0 rpm"
214084,TX,0x201,3,0x90,0x90,0x00,0x00,,,,,"Set torque = 0"
214110,TX,0x201,3,0x90,0x90,0x00,0x00,,,,,"Set torque = 0"
214137,TX,0x201,3,0x90,0x90,0x00,0x00,,,,,"Set torque = 0"
214163,TX,0x201,3,0x90,0x90,0x00,0x00,,,,,"Set torque = 0"
214169,RX,0x181,6,0x40,0x40,0x11,0x43,0x80,0x00,0x0B,,"Status word = 0x4311"
214176,RX,0x181,4,0x30,0x30,0x00,0x00,0x01,,,,"Speed feedback = 0 rpm"
214189,TX,0x201,3,0x90,0x90,0x00,0x00,,,,,"Set torque = 0"
214215,TX,0x201,3,0x90,0x90,0x13,0x01,,,,,"Set torque = 275"
214239,TX,0x201,3,0x90,0x90,0x00,0x00,,,,,"Set torque = 0"
214265,TX,0x201,3,0x90,0x90,0x00,0x00,,,,,"Set torque = 0"
214271,RX,0x181,6,0x40,0x40,0x11,0x43,0x80,0x00,0x0B,,"Status word = 0x4311"
214278,RX,0x181,4,0x30,0x30,0x00,0x00,0x01,,,,"Speed feedback = 0 rpm"
214291,TX,0x201,3,0x90,0x90,0x00,0x00,,,,,"Set torque = 0"
214317,TX,0x201,3,0x90,0x90,0x00,0x00,,,,,"Set torque = 0"
214343,TX,0x201,3,0x90,0x90,0x00,0x00,,,,,"Set torque = 0"
214365,RX,0x181,6,0x40,0x40,0x11,0x43,0x80,0x00,0x0B,,"Status word = 0x4311"
214370,TX,0x201,3,0x90,0x90,0x00,0x00,,,,,"Set torque = 0"
214376,RX,0x181,4,0x30,0x30,0x00,0x00,0x01,,,,"Speed feedback = 0 rpm"
214396,TX,0x201,3,0x90,0x90,0x00,0x00,,,,,"Set torque = 0"
214422,TX,0x201,3,0x90,0x90,0x00,0x00,,,,,"Set torque = 0"
214449,TX,0x201,3,0x90,0x90,0x00,0x00,,,,,"Set torque = 0"
214465,RX,0x181,6,0x40,0x40,0x11,0x43,0x80,0x00,0x0B,,"Status word = 0x4311"
214472,RX,0x181,4,0x30,0x30,0x00,0x00,0x01,,,,"Speed feedback = 0 rpm"
214487,TX,0x201,3,0x90,0x90,0x00,0x00,,,,,"Set torque = 0"
214514,TX,0x201,3,0x90,0x90,0x00,0x00,,,,,"Set torque = 0"
214540,TX,0x201,3,0x90,0x90,0x00,0x00,,,,,"Set torque = 0"
214564,RX,0x181,6,0x40,0x40,0x11,0x43,0x80,0x00,0x0B,,"Status word = 0x4311"
214571,TX,0x201,3,0x90,0x90,0x00,0x00,,,,,"Set torque = 0"
214578,RX,0x181,4,0x30,0x30,0x00,0x00,0x01,,,,"Speed feedback = 0 rpm"
214598,TX,0x201,3,0x90,0x90,0x00,0x00,,,,,"Set torque = 0"
214624,TX,0x201,3,0x90,0x90,0x00,0x00,,,,,"Set torque = 0"
214650,TX,0x201,3,0x90,0x90,0x00,0x00,,,,,"Set torque = 0"
214664,RX,0x181,6,0x40,0x40,0x11,0x43,0x80,0x00,0x0B,,"Status word = 0x4311"
214671,RX,0x181,4,0x30,0x30,0x00,0x00,0x01,,,,"Speed feedback = 0 rpm"
214678,TX,0x201,3,0x90,0x90,0x00,0x00,,,,,"Set torque = 0"
214705,TX,0x201,3,0x90,0x90,0x00,0x00,,,,,"Set torque = 0"
214731,TX,0x201,3,0x90,0x90,0x7A,0x00,,,,,"Set torque = 122"
214758,TX,0x201,3,0x90,0x90,0x00,0x00,,,,,"Set torque = 0"
214764,RX,0x181,6,0x40,0x40,0x11,0x43,0x80,0x00,0x0B,,"Status word = 0x4311"
214771,RX,0x181,4,0x30,0x30,0x00,0x00,0x01,,,,"Speed feedback = 0 rpm"
214784,TX,0x201,3,0x90,0x90,0x00,0x00,,,,,"Set torque = 0"
214810,TX,0x201,3,0x90,0x90,0x5B,0x00,,,,,"Set torque = 91"
214836,TX,0x201,3,0x90,0x90,0x00,0x00,,,,,"Set torque = 0"
214862,TX,0x201,3,0x90,0x90,0x00,0x00,,,,,"Set torque = 0"
214868,RX,0x181,6,0x40,0x40,0x11,0x43,0x80,0x00,0x0B,,"Status word = 0x4311"
214875,RX,0x181,4,0x30,0x30,0x00,0x00,0x01,,,,"Speed feedback = 0 rpm"
214888,TX,0x201,3,0x90,0x90,0x00,0x00,,,,,"Set torque = 0"
214914,TX,0x201,3,0x90,0x90,0x00,0x00,,,,,"Set torque = 0"
214940,TX,0x201,3,0x90,0x90,0x00,0x00,,,,,"Set torque = 0"
214964,RX,0x181,6,0x40,0x40,0x11,0x43,0x80,0x00,0x0B,,"Status word = 0x4311"
214971,TX,0x201,3,0x90,0x90,0x00,0x00,,,,,"Set torque = 0"
214977,RX,0x181,4,0x30,0x30,0x00,0x00,0x01,,,,"Speed feedback = 0 rpm"
214997,TX,0x201,3,0x90,0x90,0x1E,0x00,,,,,"Set torque = 30"
215023,TX,0x201,3,0x90,0x90,0x00,0x00,,,,,"Set torque = 0"
215049,TX,0x201,3,0x90,0x90,0x00,0x00,,,,,"Set torque = 0"
215064,RX,0x181,6,0x40,0x40,0x11,0x43,0x80,0x00,0x0B,,"Status word = 0x4311"
215071,RX,0x181,4,0x30,0x30,0x00,0x00,0x01,,,,"Speed feedback = 0 rpm"
215077,TX,0x201,3,0x90,0x90,0x00,0x00,,,,,"Set torque = 0"
215104,TX,0x201,3,0x90,0x90,0x00,0x00,,,,,"Set torque = 0"
215130,TX,0x201,3,0x90,0x90,0x00,0x00,,,,,"Set torque = 0"
215156,TX,0x201,3,0x90,0x90,0x3D,0x00,,,,,"Set torque = 61"
215163,RX,0x181,6,0x40,0x40,0x11,0x43,0x80,0x00,0x0B,,"Status word = 0x4311"
215170,RX,0x181,4,0x30,0x30,0x00,0x00,0x01,,,,"Speed feedback = 0 rpm"
215182,TX,0x201,3,0x90,0x90,0x5B,0x00,,,,,"Set torque = 91"
215209,TX,0x201,3,0x90,0x90,0x00,0x00,,,,,"Set torque = 0"
215235,TX,0x201,3,0x90,0x90,0x7A,0x00,,,,,"Set torque = 122"
215261,TX,0x201,3,0x90,0x90,0x00,0x00,,,,,"Set torque = 0"
215267,RX,0x181,6,0x40,0x40,0x11,0x43,0x80,0x00,0x0B,,"Status word = 0x4311"
215274,RX,0x181,4,0x30,0x30,0x00,0x00,0x01,,,,"Speed feedback = 0 rpm"
215287,TX,0x201,3,0x90,0x90,0xF4,0x00,,,,,"Set torque = 244"
215313,TX,0x201,3,0x90,0x90,0x08,0x02,,,,,"Set torque = 520"
215339,TX,0x201,3,0x90,0x90,0x00,0x00,,,,,"Set torque = 0"
215363,RX,0x181,6,0x40,0x40,0x11,0x43,0x80,0x00,0x0B,,"Status word = 0x4311"
215370,RX,0x181,4,0x30,0x30,0x00,0x00,0x01,,,,"Speed feedback = 0 rpm"
215377,TX,0x201,3,0x90,0x90,0x00,0x00,,,,,"Set torque = 0"
215404,TX,0x201,3,0x90,0x90,0xD6,0x00,,,,,"Set torque = 214"
215430,TX,0x201,3,0x90,0x90,0x00,0x00,,,,,"Set torque = 0"
215456,TX,0x201,3,0x90,0x90,0x5B,0x00,,,,,"Set torque = 91"
215463,RX,0x181,6,0x40,0x40,0x11,0x43,0x80,0x00,0x0B,,"Status word = 0x4311"
215470,RX,0x181,4,0x30,0x30,0x00,0x00,0x01,,,,"Speed feedback = 0 rpm"
215482,TX,0x201,3,0x90,0x90,0x5B,0x00,,,,,"Set torque = 91"
215508,TX,0x201,3,0x90,0x90,0x00,0x00,,,,,"Set torque = 0"
215535,TX,0x201,3,0x90,0x90,0x00,0x00,,,,,"Set torque = 0"
215561,TX,0x201,3,0x90,0x90,0x00,0x00,,,,,"Set torque = 0"
215567,RX,0x181,6,0x40,0x40,0x11,0x43,0x80,0x00,0x0B,,"Status word = 0x4311"
215574,RX,0x181,4,0x30,0x30,0x00,0x00,0x01,,,,"Speed feedback = 0 rpm"
215587,TX,0x201,3,0x90,0x90,0x1E,0x00,,,,,"Set torque = 30"
215613,TX,0x201,3,0x90,0x90,0x00,0x00,,,,,"Set torque = 0"
215639,TX,0x201,3,0x90,0x90,0x00,0x00,,,,,"Set torque = 0"
215663,RX,0x181,6,0x40,0x40,0x11,0x43,0x80,0x00,0x0B,,"Status word = 0x4311"
215669,TX,0x201,3,0x90,0x90,0x3D,0x00,,,,,"Set torque = 61"
215677,RX,0x181,4,0x30,0x30,0x00,0x00,0x01,,,,"Speed feedback = 0 rpm"
215697,TX,0x201,3,0x90,0x90,0x3D,0x00,,,,,"Set torque = 61"
215723,TX,0x201,3,0x90,0x90,0x00,0x00,,,,,"Set torque = 0"
215749,TX,0x201,3,0x90,0x90,0x00,0x00,,,,,"Set torque = 0"
215762,RX,0x181,6,0x40,0x40,0x11,0x43,0x80,0x00,0x0B,,"Status word = 0x4311"
215769,RX,0x181,4,0x30,0x30,0x00,0x00,0x01,,,,"Speed feedback = 0 rpm"
215776,TX,0x201,3,0x90,0x90,0xD6,0x00,,,,,"Set torque = 214"
215803,TX,0x201,3,0x90,0x90,0x00,0x00,,,,,"Set torque = 0"
215829,TX,0x201,3,0x90,0x90,0x00,0x00,,,,,"Set torque = 0"
215856,TX,0x201,3,0x90,0x90,0x1E,0x00,,,,,"Set torque = 30"
215862,RX,0x181,6,0x40,0x40,0x11,0x43,0x80,0x00,0x0B,,"Status word = 0x4311"
215869,RX,0x181,4,0x30,0x30,0x00,0x00,0x01,,,,"Speed feedback = 0 rpm"
215882,TX,0x201,3,0x90,0x90,0x1E,0x00,,,,,"Set torque = 30"
215908,TX,0x201,3,0x90,0x90,0x00,0x00,,,,,"Set torque = 0"
215934,TX,0x201,3,0x90,0x90,0x00,0x00,,,,,"Set torque = 0"
215960,TX,0x201,3,0x90,0x90,0x00,0x00,,,,,"Set torque = 0"
215966,RX,0x181,6,0x40,0x40,0x11,0x43,0x80,0x00,0x0B,,"Status word = 0x4311"
215973,RX,0x181,4,0x30,0x30,0x00,0x00,0x01,,,,"Speed feedback = 0 rpm"
215986,TX,0x201,3,0x90,0x90,0x27,0x02,,,,,"Set torque = 551"
216012,TX,0x201,3,0x90,0x90,0xB7,0x00,,,,,"Set torque = 183"
216038,TX,0x201,3,0x90,0x90,0xD6,0x00,,,,,"Set torque = 214"
216062,RX,0x181,6,0x40,0x40,0x11,0x43,0x80,0x00,0x0B,,"Status word = 0x4311"
216069,TX,0x201,3,0x90,0x90,0x8E,0x01,,,,,"Set torque = 398"
216076,RX,0x181,4,0x30,0x30,0x00,0x00,0x01,,,,"Speed feedback = 0 rpm"
216096,TX,0x201,3,0x90,0x90,0x7A,0x00,,,,,"Set torque = 122"
216122,TX,0x201,3,0x90,0x90,0xD6,0x00,,,,,"Set torque = 214"
216148,TX,0x201,3,0x90,0x90,0x00,0x00,,,,,"Set torque = 0"
216162,RX,0x181,6,0x40,0x40,0x11,0x43,0x80,0x00,0x0B,,"Status word = 0x4311"
216169,RX,0x181,4,0x30,0x30,0x27,0x00,0x01,,,,"Speed feedback = 39 rpm"
216176,TX,0x201,3,0x90,0x90,0x13,0x01,,,,,"Set torque = 275"
216202,TX,0x201,3,0x90,0x90,0xA1,0x02,,,,,"Set torque = 673"
216228,TX,0x201,3,0x90,0x90,0x2F,0x04,,,,,"Set torque = 1071"
216254,TX,0x201,3,0x90,0x90,0x3A,0x03,,,,,"Set torque = 826"
216262,RX,0x181,6,0x40,0x40,0x11,0x41,0x80,0x00,0x0B,,"Status word = 0x4111"
216269,RX,0x181,4,0x30,0x30,0xEF,0x00,0x01,,,,"Speed feedback = 239 rpm"
216280,TX,0x201,3,0x90,0x90,0x08,0x02,,,,,"Set torque = 520"
216307,TX,0x201,3,0x90,0x90,0xB5,0x03,,,,,"Set torque = 949"
216333,TX,0x201,3,0x90,0x90,0xA1,0x02,,,,,"Set torque = 673"
216359,TX,0x201,3,0x90,0x90,0x59,0x03,,,,,"Set torque = 857"
216365,RX,0x181,6,0x40,0x40,0x11,0x41,0x80,0x00,0x0B,,"Status word = 0x4111"
216372,RX,0x181,4,0x30,0x30,0xCE,0x02,0x01,,,,"Speed feedback = 718 rpm"
216385,TX,0x201,3,0x90,0x90,0x45,0x02,,,,,"Set torque = 581"
216411,TX,0x201,3,0x90,0x90,0x6D,0x04,,,,,"Set torque = 1133"
216437,TX,0x201,3,0x90,0x90,0x43,0x05,,,,,"Set torque = 1347"
216461,RX,0x181,6,0x40,0x40,0x11,0x41,0x80,0x02,0x0B,,"Status word = 0x4111"
216469,RX,0x181,4,0x30,0x30,0xD6,0x04,0x01,,,,"Speed feedback = 1238 rpm"
216475,TX,0x201,3,0x90,0x90,0xF2,0x03,,,,,"Set torque = 1010"
216502,TX,0x201,3,0x90,0x90,0x00,0x00,,,,,"Set torque = 0"
216528,TX,0x201,3,0x90,0x90,0x96,0x03,,,,,"Set torque = 918"
216554,TX,0x201,3,0x90,0x90,0x78,0x03,,,,,"Set torque = 888"
216561,RX,0x181,6,0x40,0x40,0x11,0x41,0x80,0x02,0x0B,,"Status word = 0x4111"
216568,RX,0x181,4,0x30,0x30,0xDD,0x06,0x01,,,,"Speed feedback = 1757 rpm"
216580,TX,0x201,3,0x90,0x90,0xFB,0x05,,,,,"Set torque = 1531"
216606,TX,0x201,3,0x90,0x90,0x00,0x00,,,,,"Set torque = 0"
216633,TX,0x201,3,0x90,0x90,0x78,0x03,,,,,"Set torque = 888"
216659,TX,0x201,3,0x90,0x90,0x8B,0x04,,,,,"Set torque = 1163"
216665,RX,0x181,6,0x40,0x40,0x11,0x41,0x80,0x02,0x0B,,"Status word = 0x4111"
216672,RX,0x181,4,0x30,0x30,0x94,0x08,0x01,,,,"Speed feedback = 2196 rpm"
216685,TX,0x201,3,0x90,0x90,0x4E,0x04,,,,,"Set torque = 1102"
216711,TX,0x201,3,0x90,0x90,0xE7,0x04,,,,,"Set torque = 1255"
216737,TX,0x201,3,0x90,0x90,0x1C,0x03,,,,,"Set torque = 796"
216761,RX,0x181,6,0x40,0x40,0x11,0x41,0x80,0x02,0x0B,,"Status word = 0x4111"
216768,TX,0x201,3,0x90,0x90,0x3A,0x03,,,,,"Set torque = 826"
216775,RX,0x181,4,0x30,0x30,0xDB,0x0B,0x01,,,,"Speed feedback = 3035 rpm"
216795,TX,0x201,3,0x90,0x90,0x6D,0x04,,,,,"Set torque = 1133"
216821,TX,0x201,3,0x90,0x90,0x6D,0x04,,,,,"Set torque = 1133"
216847,TX,0x201,3,0x90,0x90,0x32,0x01,,,,,"Set torque = 306"
216861,RX,0x181,6,0x40,0x40,0x11,0x41,0x80,0x02,0x0B,,"Status word = 0x4111"
216868,RX,0x181,4,0x30,0x30,0x0A,0x0E,0x01,,,,"Speed feedback = 3594 rpm"
216876,TX,0x201,3,0x90,0x90,0xAA,0x04,,,,,"Set torque = 1194"
216903,TX,0x201,3,0x90,0x90,0x4E,0x04,,,,,"Set torque = 1102"
216929,TX,0x201,3,0x90,0x90,0x1C,0x03,,,,,"Set torque = 796"
216956,TX,0x201,3,0x90,0x90,0x2F,0x04,,,,,"Set torque = 1071"
216962,RX,0x181,6,0x40,0x40,0x11,0x41,0x80,0x02,0x0B,,"Status word = 0x4111"
216969,RX,0x181,4,0x30,0x30,0xE9,0x0F,0x01,,,,"Speed feedback = 4073 rpm"
216982,TX,0x201,3,0x90,0x90,0xFD,0x02,,,,,"Set torque = 765"
217008,TX,0x201,3,0x90,0x90,0x1C,0x03,,,,,"Set torque = 796"
217034,TX,0x201,3,0x90,0x90,0x11,0x04,,,,,"Set torque = 1041"
217060,TX,0x201,3,0x90,0x90,0xF2,0x03,,,,,"Set torque = 1010"
217066,RX,0x181,6,0x40,0x40,0x11,0x41,0x80,0x02,0x0B,,"Status word = 0x4111"
217073,RX,0x181,4,0x30,0x30,0x18,0x12,0x01,,,,"Speed feedback = 4632 rpm"
217086,TX,0x201,3,0x90,0x90,0x32,0x01,,,,,"Set torque = 306"
217112,TX,0x201,3,0x90,0x90,0x24,0x05,,,,,"Set torque = 1316"
217138,TX,0x201,3,0x90,0x90,0xB2,0x06,,,,,"Set torque = 1714"
217160,RX,0x181,6,0x40,0x40,0x11,0x41,0x80,0x02,0x0B,,"Status word = 0x4111"
217167,TX,0x201,3,0x90,0x90,0x96,0x03,,,,,"Set torque = 918"
217174,RX,0x181,4,0x30,0x30,0xA8,0x13,0x01,,,,"Speed feedback = 5032 rpm"
217194,TX,0x201,3,0x90,0x90,0x4E,0x04,,,,,"Set torque = 1102"
217220,TX,0x201,3,0x90,0x90,0x6D,0x04,,,,,"Set torque = 1133"
217246,TX,0x201,3,0x90,0x90,0xB5,0x03,,,,,"Set torque = 949"
217260,RX,0x181,6,0x40,0x40,0x11,0x41,0x80,0x02,0x0B,,"Status word = 0x4111"
217267,RX,0x181,4,0x30,0x30,0x37,0x15,0x01,,,,"Speed feedback = 5431 rpm"
217274,TX,0x201,3,0x90,0x90,0x1C,0x03,,,,,"Set torque = 796"
217301,TX,0x201,3,0x90,0x90,0x8B,0x04,,,,,"Set torque = 1163"
217327,TX,0x201,3,0x90,0x90,0xB2,0x06,,,,,"Set torque = 1714"
217353,TX,0x201,3,0x90,0x90,0xB5,0x03,,,,,"Set torque = 949"
217360,RX,0x181,6,0x40,0x40,0x11,0x41,0x80,0x02,0x0B,,"Status word = 0x4111"
217367,RX,0x181,4,0x30,0x30,0xC6,0x16,0x01,,,,"Speed feedback = 5830 rpm"
217379,TX,0x201,3,0x90,0x90,0x27,0x02,,,,,"Set torque = 551"
217406,TX,0x201,3,0x90,0x90,0xA1,0x02,,,,,"Set torque = 673"
217432,TX,0x201,3,0x90,0x90,0xB5,0x03,,,,,"Set torque = 949"
217458,TX,0x201,3,0x90,0x90,0xC0,0x02,,,,,"Set torque = 704"
217464,RX,0x181,6,0x40,0x40,0x11,0x41,0xA0,0x02,0x0B,,"Status word = 0x4111"
217471,RX,0x181,4,0x30,0x30,0x66,0x17,0x01,,,,"Speed feedback = 5990 rpm"
217484,TX,0x201,3,0x90,0x90,0x4E,0x04,,,,,"Set torque = 1102"
217510,TX,0x201,3,0x90,0x90,0x9F,0x05,,,,,"Set torque = 1439"
217536,TX,0x201,3,0x90,0x90,0x64,0x02,,,,,"Set torque = 612"
217560,RX,0x181,6,0x40,0x40,0x11,0x41,0x80,0x02,0x0B,,"Status word = 0x4111"
217567,RX,0x181,4,0x30,0x30,0xF6,0x18,0x01,,,,"Speed feedback = 6390 rpm"
217573,TX,0x201,3,0x90,0x90,0xB5,0x03,,,,,"Set torque = 949"
217600,TX,0x201,3,0x90,0x90,0x8B,0x04,,,,,"Set torque = 1163"
217626,TX,0x201,3,0x90,0x90,0x62,0x05,,,,,"Set torque = 1378"
217652,TX,0x201,3,0x90,0x90,0x6F,0x01,,,,,"Set torque = 367"
217659,RX,0x181,6,0x40,0x40,0x11,0x41,0x80,0x02,0x0B,,"Status word = 0x4111"
217666,RX,0x181,4,0x30,0x30,0xF6,0x18,0x01,,,,"Speed feedback = 6390 rpm"
217678,TX,0x201,3,0x90,0x90,0x06,0x05,,,,,"Set torque = 1286"
217704,TX,0x201,3,0x90,0x90,0x6D,0x04,,,,,"Set torque = 1133"
217732,TX,0x201,3,0x90,0x90,0x1C,0x03,,,,,"Set torque = 796"
217758,TX,0x201,3,0x90,0x90,0x00,0x00,,,,,"Set torque = 0"
217764,RX,0x181,6,0x40,0x40,0x11,0x41,0x80,0x02,0x0B,,"Status word = 0x4111"
217771,RX,0x181,4,0x30,0x30,0x2C,0x1D,0x01,,,,"Speed feedback = 7468 rpm"
217784,TX,0x201,3,0x90,0x90,0xFD,0x02,,,,,"Set torque = 765"
217810,TX,0x201,3,0x90,0x90,0xA1,0x02,,,,,"Set torque = 673"
217836,TX,0x201,3,0x90,0x90,0xC0,0x02,,,,,"Set torque = 704"
217859,RX,0x181,6,0x40,0x40,0x11,0x41,0x80,0x02,0x0B,,"Status word = 0x4111"
217866,TX,0x201,3,0x90,0x90,0x19,0x06,,,,,"Set torque = 1561"
217873,RX,0x181,4,0x30,0x30,0x93,0x1E,0x01,,,,"Speed feedback = 7827 rpm"
217893,TX,0x201,3,0x90,0x90,0x96,0x03,,,,,"Set torque = 918"
217919,TX,0x201,3,0x90,0x90,0x8B,0x04,,,,,"Set torque = 1163"
217945,TX,0x201,3,0x90,0x90,0xF2,0x03,,,,,"Set torque = 1010"
217959,RX,0x181,6,0x40,0x40,0x11,0x41,0xA0,0x02,0x0B,,"Status word = 0x4111"
217966,RX,0x181,4,0x30,0x30,0xAB,0x1F,0x01,,,,"Speed feedback = 8107 rpm"
217973,TX,0x201,3,0x90,0x90,0xCB,0x01,,,,,"Set torque = 459"
217999,TX,0x201,3,0x90,0x90,0xB5,0x03,,,,,"Set torque = 949"
218025,TX,0x201,3,0x90,0x90,0x11,0x04,,,,,"Set torque = 1041"
218052,TX,0x201,3,0x90,0x90,0x27,0x02,,,,,"Set torque = 551"
218059,RX,0x181,6,0x40,0x40,0x11,0x41,0x80,0x02,0x0B,,"Status word = 0x4111"
218066,RX,0x181,4,0x30,0x30,0x23,0x20,0x01,,,,"Speed feedback = 8227 rpm"
218078,TX,0x201,3,0x90,0x90,0x62,0x05,,,,,"Set torque = 1378"
218104,TX,0x201,3,0x90,0x90,0x45,0x02,,,,,"Set torque = 581"
218130,TX,0x201,3,0x90,0x90,0x27,0x02,,,,,"Set torque = 551"
218156,TX,0x201,3,0x90,0x90,0xF2,0x03,,,,,"Set torque = 1010"
218162,RX,0x181,6,0x40,0x40,0x11,0x41,0x80,0x02,0x0B,,"Status word = 0x4111"
218169,RX,0x181,4,0x30,0x30,0x3A,0x21,0x01,,,,"Speed feedback = 8506 rpm"
218182,TX,0x201,3,0x90,0x90,0x78,0x03,,,,,"Set torque = 888"
218208,TX,0x201,3,0x90,0x90,0x08,0x02,,,,,"Set torque = 520"
218234,TX,0x201,3,0x90,0x90,0x96,0x03,,,,,"Set torque = 918"
218259,RX,0x181,6,0x40,0x40,0x11,0x41,0x80,0x02,0x0B,,"Status word = 0x4111"
218265,TX,0x201,3,0x90,0x90,0xA1,0x02,,,,,"Set torque = 673"
218272,RX,0x181,4,0x30,0x30,0x62,0x21,0x01,,,,"Speed feedback = 8546 rpm"
218292,TX,0x201,3,0x90,0x90,0xE9,0x01,,,,,"Set torque = 489"
218318,TX,0x201,3,0x90,0x90,0xA1,0x02,,,,,"Set torque = 673"
218344,TX,0x201,3,0x90,0x90,0x00,0x00,,,,,"Set torque = 0"
218358,RX,0x181,6,0x40,0x40,0x11,0x41,0x80,0x02,0x0B,,"Status word = 0x4111"
218365,RX,0x181,4,0x30,0x30,0x3A,0x21,0x01,,,,"Speed feedback = 8506 rpm"
218372,TX,0x201,3,0x90,0x90,0xC8,0x04,,,,,"Set torque = 1224"
218399,TX,0x201,3,0x90,0x90,0x6D,0x04,,,,,"Set torque = 1133"
218425,TX,0x201,3,0x90,0x90,0x2F,0x04,,,,,"Set torque = 1071"
218451,TX,0x201,3,0x90,0x90,0xA1,0x02,,,,,"Set torque = 673"
218458,RX,0x181,6,0x40,0x40,0x11,0x41,0x80,0x02,0x0B,,"Status word = 0x4111"
218465,RX,0x181,4,0x30,0x30,0x52,0x22,0x01,,,,"Speed feedback = 8786 rpm"
218477,TX,0x201,3,0x90,0x90,0x78,0x03,,,,,"Set torque = 888"
218504,TX,0x201,3,0x90,0x90,0x27,0x02,,,,,"Set torque = 551"
218530,TX,0x201,3,0x90,0x90,0xAA,0x04,,,,,"Set torque = 1194"
218556,TX,0x201,3,0x90,0x90,0x59,0x03,,,,,"Set torque = 857"
218562,RX,0x181,6,0x40,0x40,0x11,0x41,0x80,0x02,0x0B,,"Status word = 0x4111"
218569,RX,0x181,4,0x30,0x30,0xE1,0x23,0x01,,,,"Speed feedback = 9185 rpm"
218582,TX,0x201,3,0x90,0x90,0x8B,0x04,,,,,"Set torque = 1163"
218608,TX,0x201,3,0x90,0x90,0x6D,0x04,,,,,"Set torque = 1133"
218634,TX,0x201,3,0x90,0x90,0x11,0x04,,,,,"Set torque = 1041"
218658,RX,0x181,6,0x40,0x40,0x11,0x41,0x80,0x02,0x0B,,"Status word = 0x4111"
218665,RX,0x181,4,0x30,0x30,0xF9,0x24,0x01,,,,"Speed feedback = 9465 rpm"
218672,TX,0x201,3,0x90,0x90,0xE7,0x04,,,,,"Set torque = 1255"
218699,TX,0x201,3,0x90,0x90,0xBD,0x05,,,,,"Set torque = 1469"
218725,TX,0x201,3,0x90,0x90,0x08,0x02,,,,,"Set torque = 520"
218751,TX,0x201,3,0x90,0x90,0x06,0x05,,,,,"Set torque = 1286"
218758,RX,0x181,6,0x40,0x40,0x11,0x41,0xA0,0x02,0x0B,,"Status word = 0x4111"
218765,RX,0x181,4,0x30,0x30,0xC0,0x25,0x01,,,,"Speed feedback = 9664 rpm"
218777,TX,0x201,3,0x90,0x90,0x38,0x06,,,,,"Set torque = 1592"
218804,TX,0x201,3,0x90,0x90,0xE7,0x04,,,,,"Set torque = 1255"
218830,TX,0x201,3,0x90,0x90,0x8B,0x04,,,,,"Set torque = 1163"
218856,TX,0x201,3,0x90,0x90,0x11,0x04,,,,,"Set torque = 1041"
218862,RX,0x181,6,0x40,0x40,0x11,0x41,0x80,0x02,0x0B,,"Status word = 0x4111"
218869,RX,0x181,4,0x30,0x30,0x38,0x26,0x01,,,,"Speed feedback = 9784 rpm"
218882,TX,0x201,3,0x90,0x90,0x83,0x02,,,,,"Set torque = 643"
218908,TX,0x201,3,0x90,0x90,0x78,0x03,,,,,"Set torque = 888"
218934,TX,0x201,3,0x90,0x90,0x2F,0x04,,,,,"Set torque = 1071"
218957,RX,0x181,6,0x40,0x40,0x11,0x41,0xA0,0x02,0x0B,,"Status word = 0x4111"
218965,RX,0x181,4,0x30,0x30,0x10,0x26,0x01,,,,"Speed feedback = 9744 rpm"
218971,TX,0x201,3,0x90,0x90,0x38,0x06,,,,,"Set torque = 1592"
218998,TX,0x201,3,0x90,0x90,0x45,0x02,,,,,"Set torque = 581"
219024,TX,0x201,3,0x90,0x90,0x32,0x01,,,,,"Set torque = 306"
219050,TX,0x201,3,0x90,0x90,0x00,0x00,,,,,"Set torque = 0"
219057,RX,0x181,6,0x40,0x40,0x11,0x41,0x80,0x02,0x0B,,"Status word = 0x4111"
219064,RX,0x181,4,0x30,0x30,0x38,0x26,0x01,,,,"Speed feedback = 9784 rpm"
219076,TX,0x201,3,0x90,0x90,0x00,0x00,,,,,"Set torque = 0"
219102,TX,0x201,3,0x90,0x90,0x00,0x00,,,,,"Set torque = 0"
219129,TX,0x201,3,0x90,0x90,0x00,0x00,,,,,"Set torque = 0"
219155,TX,0x201,3,0x90,0x90,0x00,0x00,,,,,"Set torque = 0"
219161,RX,0x181,6,0x40,0x40,0x11,0x41,0xA0,0x02,0x0B,,"Status word = 0x4111"
219168,RX,0x181,4,0x30,0x30,0xE1,0x23,0x01,,,,"Speed feedback = 9185 rpm"
219181,TX,0x201,3,0x90,0x90,0x00,0x00,,,,,"Set torque = 0"
219207,TX,0x201,3,0x90,0x90,0x00,0x00,,,,,"Set torque = 0"
219233,TX,0x201,3,0x90,0x90,0xE9,0x01,,,,,"Set torque = 489"
219257,RX,0x181,6,0x40,0x40,0x11,0x41,0x80,0x02,0x0B,,"Status word = 0x4111"
219264,TX,0x201,3,0x90,0x90,0x00,0x00,,,,,"Set torque = 0"
219271,RX,0x181,4,0x30,0x30,0x1B,0x1E,0x01,,,,"Speed feedback = 7707 rpm"
219291,TX,0x201,3,0x90,0x90,0x00,0x00,,,,,"Set torque = 0"
219317,TX,0x201,3,0x90,0x90,0x00,0x00,,,,,"Set torque = 0"
219343,TX,0x201,3,0x90,0x90,0x00,0x00,,,,,"Set torque = 0"
219357,RX,0x181,6,0x40,0x40,0x11,0x41,0x80,0x02,0x0B,,"Status word = 0x4111"
219364,RX,0x181,4,0x30,0x30,0xEC,0x1B,0x01,,,,"Speed feedback = 7148 rpm"
219371,TX,0x201,3,0x90,0x90,0x00,0x00,,,,,"Set torque = 0"
219397,TX,0x201,3,0x90,0x90,0x00,0x00,,,,,"Set torque = 0"
219423,TX,0x201,3,0x90,0x90,0x00,0x00,,,,,"Set torque = 0"
219450,TX,0x201,3,0x90,0x90,0x00,0x00,,,,,"Set torque = 0"
219457,RX,0x181,6,0x40,0x40,0x11,0x41,0x80,0x02,0x0B,,"Status word = 0x4111"
219464,RX,0x181,4,0x30,0x30,0xCE,0x18,0x01,,,,"Speed feedback = 6350 rpm"
219476,TX,0x201,3,0x90,0x90,0x00,0x00,,,,,"Set torque = 0"
219502,TX,0x201,3,0x90,0x90,0x00,0x00,,,,,"Set torque = 0"
219528,TX,0x201,3,0x90,0x90,0x00,0x00,,,,,"Set torque = 0"
219554,TX,0x201,3,0x90,0x90,0x00,0x00,,,,,"Set torque = 0"
219560,RX,0x181,6,0x40,0x40,0x11,0x41,0x80,0x02,0x0B,,"Status word = 0x4111"
219567,RX,0x181,4,0x30,0x30,0x37,0x15,0x01,,,,"Speed feedback = 5431 rpm"
219580,TX,0x201,3,0x90,0x90,0x00,0x00,,,,,"Set torque = 0"
219606,TX,0x201,3,0x90,0x90,0x00,0x00,,,,,"Set torque = 0"
219632,TX,0x201,3,0x90,0x90,0x00,0x00,,,,,"Set torque = 0"
219656,RX,0x181,6,0x40,0x40,0x11,0x41,0x80,0x02,0x0B,,"Status word = 0x4111"
219663,TX,0x201,3,0x90,0x90,0x00,0x00,,,,,"Set torque = 0"
219670,RX,0x181,4,0x30,0x30,0x80,0x13,0x01,,,,"Speed feedback = 4992 rpm"
219690,TX,0x201,3,0x90,0x90,0x00,0x00,,,,,"Set torque = 0"
219716,TX,0x201,3,0x90,0x90,0x00,0x00,,,,,"Set torque = 0"
219742,TX,0x201,3,0x90,0x90,0x00,0x00,,,,,"Set torque = 0"
219756,RX,0x181,6,0x40,0x40,0x11,0x41,0x80,0x02,0x0B,,"Status word = 0x4111"
219763,RX,0x181,4,0x30,0x30,0x61,0x10,0x01,,,,"Speed feedback = 4193 rpm"
219770,TX,0x201,3,0x90,0x90,0x00,0x00,,,,,"Set torque = 0"
219797,TX,0x201,3,0x90,0x90,0x00,0x00,,,,,"Set torque = 0"
219823,TX,0x201,3,0x90,0x90,0x00,0x00,,,,,"Set torque = 0"
219849,TX,0x201,3,0x90,0x90,0x00,0x00,,,,,"Set torque = 0"
219856,RX,0x181,6,0x40,0x40,0x11,0x41,0x80,0x02,0x0B,,"Status word = 0x4111"
219863,RX,0x181,4,0x30,0x30,0xBA,0x0D,0x01,,,,"Speed feedback = 3514 rpm"
219875,TX,0x201,3,0x90,0x90,0x00,0x00,,,,,"Set torque = 0"
219902,TX,0x201,3,0x90,0x90,0x00,0x00,,,,,"Set torque = 0"
219928,TX,0x201,3,0x90,0x90,0x00,0x00,,,,,"Set torque = 0"
219954,TX,0x201,3,0x90,0x90,0x00,0x00,,,,,"Set torque = 0"
219960,RX,0x181,6,0x40,0x40,0x11,0x41,0x80,0x02,0x0B,,"Status word = 0x4111"
219967,RX,0x181,4,0x30,0x30,0x3B,0x0B,0x01,,,,"Speed feedback = 2875 rpm"
219980,TX,0x201,3,0x90,0x90,0x00,0x00,,,,,"Set torque = 0"
220006,TX,0x201,3,0x90,0x90,0x00,0x00,,,,,"Set torque = 0"
220032,TX,0x201,3,0x90,0x90,0x00,0x00,,,,,"Set torque = 0"
220056,RX,0x181,6,0x40,0x40,0x11,0x41,0x80,0x02,0x0B,,"Status word = 0x4111"
220063,RX,0x181,4,0x30,0x30,0x0C,0x09,0x01,,,,"Speed feedback = 2316 rpm"
220070,TX,0x201,3,0x90,0x90,0x00,0x00,,,,,"Set torque = 0"
220096,TX,0x201,3,0x90,0x90,0x00,0x00,,,,,"Set torque = 0"
220122,TX,0x201,3,0x90,0x90,0x00,0x00,,,,,"Set torque = 0"
220148,TX,0x201,3,0x90,0x90,0x00,0x00,,,,,"Set torque = 0"
220156,RX,0x181,6,0x40,0x40,0x11,0x41,0x80,0x02,0x0B,,"Status word = 0x4111"
220162,RX,0x181,4,0x30,0x30,0x55,0x07,0x01,,,,"Speed feedback = 1877 rpm"
220174,TX,0x201,3,0x90,0x90,0x00,0x00,,,,,"Set torque = 0"
220200,TX,0x201,3,0x90,0x90,0x00,0x00,,,,,"Set torque = 0"
220228,TX,0x201,3,0x90,0x90,0x00,0x00,,,,,"Set torque = 0"
220254,TX,0x201,3,0x90,0x90,0x00,0x00,,,,,"Set torque = 0"
220260,RX,0x181,6,0x40,0x40,0x11,0x41,0x80,0x02,0x0B,,"Status word = 0x4111"
220267,RX,0x181,4,0x30,0x30,0x9D,0x05,0x01,,,,"Speed feedback = 1437 rpm"
220280,TX,0x201,3,0x90,0x90,0x00,0x00,,,,,"Set torque = 0"
220306,TX,0x201,3,0x90,0x90,0x00,0x00,,,,,"Set torque = 0"
220332,TX,0x201,3,0x90,0x90,0x00,0x00,,,,,"Set torque = 0"
220355,RX,0x181,6,0x40,0x40,0x11,0x41,0x80,0x02,0x0B,,"Status word = 0x4111"
220362,TX,0x201,3,0x90,0x90,0x00,0x00,,,,,"Set torque = 0"
220369,RX,0x181,4,0x30,0x30,0xE6,0x03,0x01,,,,"Speed feedback = 998 rpm"
220389,TX,0x201,3,0x90,0x90,0x00,0x00,,,,,"Set torque = 0"
220415,TX,0x201,3,0x90,0x90,0x00,0x00,,,,,"Set torque = 0"
220441,TX,0x201,3,0x90,0x90,0x00,0x00,,,,,"Set torque = 0"
220455,RX,0x181,6,0x40,0x40,0x11,0x41,0x80,0x02,0x0B,,"Status word = 0x4111"
220462,RX,0x181,4,0x30,0x30,0xA6,0x02,0x01,,,,"Speed feedback = 678 rpm"
220469,TX,0x201,3,0x90,0x90,0x00,0x00,,,,,"Set torque = 0"
220496,TX,0x201,3,0x90,0x90,0x00,0x00,,,,,"Set torque = 0"
220522,TX,0x201,3,0x90,0x90,0x00,0x00,,,,,"Set torque = 0"
220549,TX,0x201,3,0x90,0x90,0x00,0x00,,,,,"Set torque = 0"
220555,RX,0x181,6,0x40,0x40,0x11,0x41,0x80,0x00,0x0B,,"Status word = 0x4111"
220562,RX,0x181,4,0x30,0x30,0x67,0x01,0x01,,,,"Speed feedback = 359 rpm"
220575,TX,0x201,3,0x90,0x90,0x00,0x00,,,,,"Set torque = 0"
220601,TX,0x201,3,0x90,0x90,0x00,0x00,,,,,"Set torque = 0"
220627,TX,0x201,3,0x90,0x90,0x00,0x00,,,,,"Set torque = 0"
220653,TX,0x201,3,0x90,0x90,0x00,0x00,,,,,"Set torque = 0"
220659,RX,0x181,6,0x40,0x40,0x11,0x41,0x80,0x00,0x0B,,"Status word = 0x4111"
220666,RX,0x181,4,0x30,0x30,0x77,0x00,0x01,,,,"Speed feedback = 119 rpm"
220679,TX,0x201,3,0x90,0x90,0x00,0x00,,,,,"Set torque = 0"
220705,TX,0x201,3,0x90,0x90,0x00,0x00,,,,,"Set torque = 0"
220731,TX,0x201,3,0x90,0x90,0x00,0x00,,,,,"Set torque = 0"
220755,RX,0x181,6,0x40,0x40,0x11,0x43,0x80,0x00,0x0B,,"Status word = 0x4311"
220761,TX,0x201,3,0x90,0x90,0x00,0x00,,,,,"Set torque = 0"
220768,RX,0x181,4,0x30,0x30,0x00,0x00,0x01,,,,"Speed feedback = 0 rpm"
220788,TX,0x201,3,0x90,0x90,0x00,0x00,,,,,"Set torque = 0"
220814,TX,0x201,3,0x90,0x90,0x00,0x00,,,,,"Set torque = 0"
220840,TX,0x201,3,0x90,0x90,0x00,0x00,,,,,"Set torque = 0"
220854,RX,0x181,6,0x40,0x40,0x11,0x43,0x80,0x00,0x0B,,"Status word = 0x4311"
220861,RX,0x181,4,0x30,0x30,0x00,0x00,0x01,,,,"Speed feedback = 0 rpm"
220868,TX,0x201,3,0x90,0x90,0x00,0x00,,,,,"Set torque = 0"
220895,TX,0x201,3,0x90,0x90,0x00,0x00,,,,,"Set torque = 0"
220921,TX,0x201,3,0x90,0x90,0x00,0x00,,,,,"Set torque = 0"
220947,TX,0x201,3,0x90,0x90,0x00,0x00,,,,,"Set torque = 0"
220954,RX,0x181,6,0x40,0x40,0x11,0x43,0x80,0x00,0x0B,,"Status word = 0x4311"
220961,RX,0x181,4,0x30,0x30,0x00,0x00,0x01,,,,"Speed feedback = 0 rpm"
220973,TX,0x201,3,0x90,0x90,0x00,0x00,,,,,"Set torque = 0"
221000,TX,0x201,3,0x90,0x90,0x00,0x00,,,,,"Set torque = 0"
221026,TX,0x201,3,0x90,0x90,0x00,0x00,,,,,"Set torque = 0"
221052,TX,0x201,3,0x90,0x90,0x00,0x00,,,,,"Set torque = 0"
221058,RX,0x181,6,0x40,0x40,0x11,0x43,0x80,0x00,0x0B,,"Status word = 0x4311"
221065,RX,0x181,4,0x30,0x30,0x00,0x00,0x01,,,,"Speed feedback = 0 rpm"
221078,TX,0x201,3,0x90,0x90,0x00,0x00,,,,,"Set torque = 0"
221104,TX,0x201,3,0x90,0x90,0x00,0x00,,,,,"Set torque = 0"
221130,TX,0x201,3,0x90,0x90,0x00,0x00,,,,,"Set torque = 0"
221154,RX,0x181,6,0x40,0x40,0x11,0x43,0x80,0x00,0x0B,,"Status word = 0x4311"
221161,RX,0x181,4,0x30,0x30,0x00,0x00,0x01,,,,"Speed feedback = 0 rpm"
221168,TX,0x201,3,0x90,0x90,0x00,0x00,,,,,"Set torque = 0"
221195,TX,0x201,3,0x90,0x90,0x00,0x00,,,,,"Set torque = 0"
221221,TX,0x201,3,0x90,0x90,0x00,0x00,,,,,"Set torque = 0"
221247,TX,0x201,3,0x90,0x90,0x00,0x00,,,,,"Set torque = 0"
221254,RX,0x181,6,0x40,0x40,0x11,0x43,0x80,0x00,0x0B,,"Status word = 0x4311"
221261,RX,0x181,4,0x30,0x30,0x00,0x00,0x01,,,,"Speed feedback = 0 rpm"
221273,TX,0x201,3,0x90,0x90,0x00,0x00,,,,,"Set torque = 0"
221299,TX,0x201,3,0x90,0x90,0x00,0x00,,,,,"Set torque = 0"
221326,TX,0x201,3,0x90,0x90,0x00,0x00,,,,,"Set torque = 0"
221352,TX,0x201,3,0x90,0x90,0x00,0x00,,,,,"Set torque = 0"
221358,RX,0x181,6,0x40,0x40,0x11,0x43,0x80,0x00,0x0B,,"Status word = 0x4311"
221365,RX,0x181,4,0x30,0x30,0x00,0x00,0x01,,,,"Speed feedback = 0 rpm"
221378,TX,0x201,3,0x90,0x90,0x00,0x00,,,,,"Set torque = 0"
221404,TX,0x201,3,0x90,0x90,0x00,0x00,,,,,"Set torque = 0"
221430,TX,0x201,3,0x90,0x90,0x00,0x00,,,,,"Set torque = 0"
221453,RX,0x181,6,0x40,0x40,0x11,0x43,0x80,0x00,0x0B,,"Status word = 0x4311"
221460,TX,0x201,3,0x90,0x90,0x00,0x00,,,,,"Set torque = 0"
221467,RX,0x181,4,0x30,0x30,0x00,0x00,0x01,,,,"Speed feedback = 0 rpm"
221487,TX,0x201,3,0x90,0x90,0x00,0x00,,,,,"Set torque = 0"
221513,TX,0x201,3,0x90,0x90,0x00,0x00,,,,,"Set torque = 0"
221539,TX,0x201,3,0x90,0x90,0x00,0x00,,,,,"Set torque = 0"
221553,RX,0x181,6,0x40,0x40,0x11,0x43,0x80,0x00,0x0B,,"Status word = 0x4311"
221560,RX,0x181,4,0x30,0x30,0x00,0x00,0x01,,,,"Speed feedback = 0 rpm"
221567,TX,0x201,3,0x90,0x90,0x00,0x00,,,,,"Set torque = 0"
221594,TX,0x201,3,0x90,0x90,0x00,0x00,,,,,"Set torque = 0"
221620,TX,0x201,3,0x90,0x90,0x00,0x00,,,,,"Set torque = 0"
221647,TX,0x201,3,0x90,0x90,0x00,0x00,,,,,"Set torque = 0"
221653,RX,0x181,6,0x40,0x40,0x11,0x43,0x80,0x00,0x0B,,"Status word = 0x4311"
221660,RX,0x181,4,0x30,0x30,0x00,0x00,0x01,,,,"Speed feedback = 0 rpm"
221673,TX,0x201,3,0x90,0x90,0x00,0x00,,,,,"Set torque = 0"
221699,TX,0x201,3,0x90,0x90,0x00,0x00,,,,,"Set torque = 0"
221725,TX,0x201,3,0x90,0x90,0x00,0x00,,,,,"Set torque = 0"
221751,TX,0x201,3,0x90,0x90,0x00,0x00,,,,,"Set torque = 0"
221757,RX,0x181,6,0x40,0x40,0x11,0x43,0x80,0x00,0x0B,,"Status word = 0x4311"
221764,RX,0x181,4,0x30,0x30,0x00,0x00,0x01,,,,"Speed feedback = 0 rpm"
221777,TX,0x201,3,0x90,0x90,0x00,0x00,,,,,"Set torque = 0"
221803,TX,0x201,3,0x90,0x90,0x00,0x00,,,,,"Set torque = 0"
221829,TX,0x201,3,0x90,0x90,0x00,0x00,,,,,"Set torque = 0"
221853,RX,0x181,6,0x40,0x40,0x11,0x43,0x80,0x00,0x0B,,"Status word = 0x4311"
221860,TX,0x201,3,0x90,0x90,0x00,0x00,,,,,"Set torque = 0"
221867,RX,0x181,4,0x30,0x30,0x00,0x00,0x01,,,,"Speed feedback = 0 rpm"
221887,TX,0x201,3,0x90,0x90,0x00,0x00,,,,,"Set torque = 0"
221913,TX,0x201,3,0x90,0x90,0x00,0x00,,,,,"Set torque = 0"
221939,TX,0x201,3,0x90,0x90,0x00,0x00,,,,,"Set torque = 0"
221953,RX,0x181,6,0x40,0x40,0x11,0x43,0x80,0x00,0x0B,,"Status word = 0x4311"
221960,RX,0x181,4,0x30,0x30,0x00,0x00,0x01,,,,"Speed feedback = 0 rpm"
221966,TX,0x201,3,0x90,0x90,0x00,0x00,,,,,"Set torque = 0"
221993,TX,0x201,3,0x90,0x90,0x00,0x00,,,,,"Set torque = 0"
222019,TX,0x201,3,0x90,0x90,0x00,0x00,,,,,"Set torque = 0"
222045,TX,0x201,3,0x90,0x90,0x00,0x00,,,,,"Set torque = 0"
222053,RX,0x181,6,0x40,0x40,0x11,0x43,0x80,0x00,0x0B,,"Status word = 0x4311"
222060,RX,0x181,4,0x30,0x30,0x00,0x00,0x01,,,,"Speed feedback = 0 rpm"
222073,TX,0x201,3,0x90,0x90,0x00,0x00,,,,,"Set torque = 0"
222099,TX,0x201,3,0x90,0x90,0x00,0x00,,,,,"Set torque = 0"
222125,TX,0x201,3,0x90,0x90,0x00,0x00,,,,,"Set torque = 0"
222151,TX,0x201,3,0x90,0x90,0x00,0x00,,,,,"Set torque = 0"
222157,RX,0x181,6,0x40,0x40,0x11,0x43,0x80,0x00,0x0B,,"Status word = 0x4311"
222164,RX,0x181,4,0x30,0x30,0x00,0x00,0x01,,,,"Speed feedback = 0 rpm"
222177,TX,0x201,3,0x90,0x90,0x00,0x00,,,,,"Set torque = 0"
222203,TX,0x201,3,0x90,0x90,0x00,0x00,,,,,"Set torque = 0"
222229,TX,0x201,3,0x90,0x90,0x00,0x00,,,,,"Set torque = 0"
222252,RX,0x181,6,0x40,0x40,0x11,0x43,0x80,0x00,0x0B,,"Status word = 0x4311"
222259,TX,0x201,3,0x90,0x90,0x00,0x00,,,,,"Set torque = 0"
222266,RX,0x181,4,0x30,0x30,0x00,0x00,0x01,,,,"Speed feedback = 0 rpm"
222286,TX,0x201,3,0x90,0x90,0x00,0x00,,,,,"Set torque = 0"
222312,TX,0x201,3,0x90,0x90,0x00,0x00,,,,,"Set torque = 0"
222338,TX,0x201,3,0x90,0x90,0x00,0x00,,,,,"Set torque = 0"
222352,RX,0x181,6,0x40,0x40,0x11,0x43,0x80,0x00,0x0B,,"Status word = 0x4311"
222359,RX,0x181,4,0x30,0x30,0x00,0x00,0x01,,,,"Speed feedback = 0 rpm"
222366,TX,0x201,3,0x90,0x90,0x00,0x00,,,,,"Set torque = 0"
222393,TX,0x201,3,0x90,0x90,0x00,0x00,,,,,"Set torque = 0"
222419,TX,0x201,3,0x90,0x90,0x00,0x00,,,,,"Set torque = 0"
222445,TX,0x201,3,0x90,0x90,0x00,0x00,,,,,"Set torque = 0"
222452,RX,0x181,6,0x40,0x40,0x11,0x43,0x80,0x00,0x0B,,"Status word = 0x4311"
222459,RX,0x181,4,0x30,0x30,0x00,0x00,0x01,,,,"Speed feedback = 0 rpm"
222471,TX,0x201,3,0x90,0x90,0x00,0x00,,,,,"Set torque = 0"
222497,TX,0x201,3,0x90,0x90,0x00,0x00,,,,,"Set torque = 0"
222523,TX,0x201,3,0x90,0x90,0x00,0x00,,,,,"Set torque = 0"
222549,TX,0x201,3,0x90,0x90,0x00,0x00,,,,,"Set torque = 0"
222556,RX,0x181,6,0x40,0x40,0x11,0x43,0x80,0x00,0x0B,,"Status word = 0x4311"
222562,RX,0x181,4,0x30,0x30,0x00,0x00,0x01,,,,"Speed feedback = 0 rpm"
222576,TX,0x201,3,0x90,0x90,0x00,0x00,,,,,"Set torque = 0"
222600,TX,0x201,3,0x90,0x90,0x00,0x00,,,,,"Set torque = 0"
222626,TX,0x201,3,0x90,0x90,0x00,0x00,,,,,"Set torque = 0"
222652,TX,0x201,3,0x90,0x90,0x00,0x00,,,,,"Set torque = 0"
222658,RX,0x181,6,0x40,0x40,0x11,0x43,0x80,0x00,0x0B,,"Status word = 0x4311"
222665,RX,0x181,4,0x30,0x30,0x00,0x00,0x01,,,,"Speed feedback = 0 rpm"
222678,TX,0x201,3,0x90,0x90,0x00,0x00,,,,,"Set torque = 0"
222705,TX,0x201,3,0x90,0x90,0x00,0x00,,,,,"Set torque = 0"
222731,TX,0x201,3,0x90,0x90,0x00,0x00,,,,,"Set torque = 0"
222751,RX,0x181,6,0x40,0x40,0x11,0x43,0x80,0x00,0x0B,,"Status word = 0x4311"
222758,TX,0x201,3,0x90,0x90,0x00,0x00,,,,,"Set torque = 0"
222765,RX,0x181,4,0x30,0x30,0x00,0x00,0x01,,,,"Speed feedback = 0 rpm"
222785,TX,0x201,3,0x90,0x90,0x00,0x00,,,,,"Set torque = 0"
222811,TX,0x201,3,0x90,0x90,0x00,0x00,,,,,"Set torque = 0"
222837,TX,0x201,3,0x90,0x90,0x00,0x00,,,,,"Set torque = 0"
222851,RX,0x181,6,0x40,0x40,0x11,0x43,0x80,0x00,0x0B,,"Status word = 0x4311"
222858,RX,0x181,4,0x30,0x30,0x00,0x00,0x01,,,,"Speed feedback = 0 rpm"
222865,TX,0x201,3,0x90,0x90,0x00,0x00,,,,,"Set torque = 0"
222892,TX,0x201,3,0x90,0x90,0x00,0x00,,,,,"Set torque = 0"
222918,TX,0x201,3,0x90,0x90,0x00,0x00,,,,,"Set torque = 0"
222944,TX,0x201,3,0x90,0x90,0x00,0x00,,,,,"Set torque = 0"
222951,RX,0x181,6,0x40,0x40,0x11,0x43,0x80,0x00,0x0B,,"Status word = 0x4311"
222958,RX,0x181,4,0x30,0x30,0x00,0x00,0x01,,,,"Speed feedback = 0 rpm"
222970,TX,0x201,3,0x90,0x90,0x00,0x00,,,,,"Set torque = 0"
222996,TX,0x201,3,0x90,0x90,0x00,0x00,,,,,"Set torque = 0"
223023,TX,0x201,3,0x90,0x90,0x00,0x00,,,,,"Set torque = 0"
223049,TX,0x201,3,0x90,0x90,0x00,0x00,,,,,"Set torque = 0"
223055,RX,0x181,6,0x40,0x40,0x11,0x43,0x80,0x00,0x0B,,"Status word = 0x4311"
223062,RX,0x181,4,0x30,0x30,0x00,0x00,0x01,,,,"Speed feedback = 0 rpm"
223075,TX,0x201,3,0x90,0x90,0x00,0x00,,,,,"Set torque = 0"
223101,TX,0x201,3,0x90,0x90,0x00,0x00,,,,,"Set torque = 0"
223127,TX,0x201,3,0x90,0x90,0x00,0x00,,,,,"Set torque = 0"
223151,RX,0x181,6,0x40,0x40,0x11,0x43,0x80,0x00,0x0B,,"Status word = 0x4311"
223158,RX,0x181,4,0x30,0x30,0x00,0x00,0x01,,,,"Speed feedback = 0 rpm"
223165,TX,0x201,3,0x90,0x90,0x00,0x00,,,,,"Set torque = 0"
223191,TX,0x201,3,0x90,0x90,0x00,0x00,,,,,"Set torque = 0"
223217,TX,0x201,3,0x90,0x90,0x00,0x00,,,,,"Set torque = 0"
223243,TX,0x201,3,0x90,0x90,0x00,0x00,,,,,"Set torque = 0"
223251,RX,0x181,6,0x40,0x40,0x11,0x43,0x80,0x00,0x0B,,"Status word = 0x4311"
223258,RX,0x181,4,0x30,0x30,0x00,0x00,0x01,,,,"Speed feedback = 0 rpm"
223269,TX,0x201,3,0x90,0x90,0x00,0x00,,,,,"Set torque = 0"
223295,TX,0x201,3,0x90,0x90,0x00,0x00,,,,,"Set torque = 0"
223322,TX,0x201,3,0x90,0x90,0x00,0x00,,,,,"Set torque = 0"
223348,TX,0x201,3,0x90,0x90,0x00,0x00,,,,,"Set torque = 0"
223354,RX,0x181,6,0x40,0x40,0x11,0x43,0x80,0x00,0x0B,,"Status word = 0x4311"
223361,RX,0x181,4,0x30,0x30,0x00,0x00,0x01,,,,"Speed feedback = 0 rpm"
223374,TX,0x201,3,0x90,0x90,0x00,0x00,,,,,"Set torque = 0"
223400,TX,0x201,3,0x90,0x90,0x00,0x00,,,,,"Set torque = 0"
223426,TX,0x201,3,0x90,0x90,0x00,0x00,,,,,"Set torque = 0"
223450,RX,0x181,6,0x40,0x40,0x11,0x43,0x80,0x00,0x0B,,"Status word = 0x4311"
223457,TX,0x201,3,0x90,0x90,0x00,0x00,,,,,"Set torque = 0"
223464,RX,0x181,4,0x30,0x30,0x00,0x00,0x01,,,,"Speed feedback = 0 rpm"
223484,TX,0x201,3,0x90,0x90,0x00,0x00,,,,,"Set torque = 0"
223510,TX,0x201,3,0x90,0x90,0x00,0x00,,,,,"Set torque = 0"
223538,TX,0x201,3,0x90,0x90,0x00,0x00,,,,,"Set torque = 0"
223550,RX,0x181,6,0x40,0x40,0x11,0x43,0x80,0x00,0x0B,,"Status word = 0x4311"
223557,RX,0x181,4,0x30,0x30,0x00,0x00,0x01,,,,"Speed feedback = 0 rpm"
223564,TX,0x201,3,0x90,0x90,0x00,0x00,,,,,"Set torque = 0"
223591,TX,0x201,3,0x90,0x90,0x00,0x00,,,,,"Set torque = 0"
223617,TX,0x201,3,0x90,0x90,0x00,0x00,,,,,"Set torque = 0"
223644,TX,0x201,3,0x90,0x90,0x00,0x00,,,,,"Set torque = 0"
223650,RX,0x181,6,0x40,0x40,0x11,0x43,0x80,0x00,0x0B,,"Status word = 0x4311"
223657,RX,0x181,4,0x30,0x30,0x00,0x00,0x01,,,,"Speed feedback = 0 rpm"
223670,TX,0x201,3,0x90,0x90,0x00,0x00,,,,,"Set torque = 0"
223696,TX,0x201,3,0x90,0x90,0x00,0x00,,,,,"Set torque = 0"
223722,TX,0x201,3,0x90,0x90,0x00,0x00,,,,,"Set torque = 0"
223748,TX,0x201,3,0x90,0x90,0x00,0x00,,,,,"Set torque = 0"
223754,RX,0x181,6,0x40,0x40,0x11,0x43,0x80,0x00,0x0B,,"Status word = 0x4311"
223761,RX,0x181,4,0x30,0x30,0x00,0x00,0x01,,,,"Speed feedback = 0 rpm"
223774,TX,0x201,3,0x90,0x90,0x00,0x00,,,,,"Set torque = 0"
223800,TX,0x201,3,0x90,0x90,0x00,0x00,,,,,"Set torque = 0"
223826,TX,0x201,3,0x90,0x90,0x00,0x00,,,,,"Set torque = 0"
223850,RX,0x181,6,0x40,0x40,0x11,0x43,0x80,0x00,0x0B,,"Status word = 0x4311"
223856,TX,0x201,3,0x90,0x90,0x00,0x00,,,,,"Set torque = 0"
223863,RX,0x181,4,0x30,0x30,0x00,0x00,0x01,,,,"Speed feedback = 0 rpm"
223883,TX,0x201,3,0x90,0x90,0x00,0x00,,,,,"Set torque = 0"
223909,TX,0x201,3,0x90,0x90,0x00,0x00,,,,,"Set torque = 0"
223935,TX,0x201,3,0x90,0x90,0x00,0x00,,,,,"Set torque = 0"
223950,RX,0x181,6,0x40,0x40,0x11,0x43,0x80,0x00,0x0B,,"Status word = 0x4311"
223956,RX,0x181,4,0x30,0x30,0x00,0x00,0x01,,,,"Speed feedback = 0 rpm"
223963,TX,0x201,3,0x90,0x90,0x00,0x00,,,,,"Set torque = 0"
223990,TX,0x201,3,0x90,0x90,0x00,0x00,,,,,"Set torque = 0"
224016,TX,0x201,3,0x90,0x90,0x00,0x00,,,,,"Set torque = 0"
224042,TX,0x201,3,0x90,0x90,0x00,0x00,,,,,"Set torque = 0"
224049,RX,0x181,6,0x40,0x40,0x11,0x43,0x80,0x00,0x0B,,"Status word = 0x4311"
224056,RX,0x181,4,0x30,0x30,0x00,0x00,0x01,,,,"Speed feedback = 0 rpm"
224068,TX,0x201,3,0x90,0x90,0x00,0x00,,,,,"Set torque = 0"
224095,TX,0x201,3,0x90,0x90,0x00,0x00,,,,,"Set torque = 0"
224121,TX,0x201,3,0x90,0x90,0x00,0x00,,,,,"Set torque = 0"
224147,TX,0x201,3,0x90,0x90,0x00,0x00,,,,,"Set torque = 0"
224153,RX,0x181,6,0x40,0x40,0x11,0x43,0x80,0x00,0x0B,,"Status word = 0x4311"
224160,RX,0x181,4,0x30,0x30,0x00,0x00,0x01,,,,"Speed feedback = 0 rpm"
224173,TX,0x201,3,0x90,0x90,0x00,0x00,,,,,"Set torque = 0"
224199,TX,0x201,3,0x90,0x90,0x00,0x00,,,,,"Set torque = 0"
224225,TX,0x201,3,0x90,0x90,0x00,0x00,,,,,"Set torque = 0"
224249,RX,0x181,6,0x40,0x40,0x11,0x43,0x80,0x00,0x0B,,"Status word = 0x4311"
224256,RX,0x181,4,0x30,0x30,0x00,0x00,0x01,,,,"Speed feedback = 0 rpm"
224263,TX,0x201,3,0x90,0x90,0x00,0x00,,,,,"Set torque = 0"
224290,TX,0x201,3,0x90,0x90,0x00,0x00,,,,,"Set torque = 0"
224316,TX,0x201,3,0x90,0x90,0x00,0x00,,,,,"Set torque = 0"
224342,TX,0x201,3,0x90,0x90,0x00,0x00,,,,,"Set torque = 0"
224349,RX,0x181,6,0x40,0x40,0x11,0x43,0x80,0x00,0x0B,,"Status word = 0x4311"
224356,RX,0x181,4,0x30,0x30,0x00,0x00,0x01,,,,"Speed feedback = 0 rpm"
224368,TX,0x201,3,0x90,0x90,0x00,0x00,,,,,"Set torque = 0"
224394,TX,0x201,3,0x90,0x90,0x00,0x00,,,,,"Set torque = 0"
224421,TX,0x201,3,0x90,0x90,0x00,0x00,,,,,"Set torque = 0"
224447,TX,0x201,3,0x90,0x90,0x00,0x00,,,,,"Set torque = 0"
224453,RX,0x181,6,0x40,0x40,0x11,0x43,0x80,0x00,0x0B,,"Status word = 0x4311"
224460,RX,0x181,4,0x30,0x30,0x00,0x00,0x01,,,,"Speed feedback = 0 rpm"
224473,TX,0x201,3,0x90,0x90,0x00,0x00,,,,,"Set torque = 0"
224499,TX,0x201,3,0x90,0x90,0x00,0x00,,,,,"Set torque = 0"
224525,TX,0x201,3,0x90,0x90,0x00,0x00,,,,,"Set torque = 0"
224549,RX,0x181,6,0x40,0x40,0x11,0x43,0x80,0x00,0x0B,,"Status word = 0x4311"
224555,TX,0x201,3,0x90,0x90,0x00,0x00,,,,,"Set torque = 0"
224563,RX,0x181,4,0x30,0x30,0x00,0x00,0x01,,,,"Speed feedback = 0 rpm"
224583,TX,0x201,3,0x90,0x90,0x00,0x00,,,,,"Set torque = 0"
224609,TX,0x201,3,0x90,0x90,0x00,0x00,,,,,"Set torque = 0"
224635,TX,0x201,3,0x90,0x90,0x00,0x00,,,,,"Set torque = 0"
224648,RX,0x181,6,0x40,0x40,0x11,0x43,0x80,0x00,0x0B,,"Status word = 0x4311"
224655,RX,0x181,4,0x30,0x30,0x00,0x00,0x01,,,,"Speed feedback = 0 rpm"
224662,TX,0x201,3,0x90,0x90,0x00,0x00,,,,,"Set torque = 0"
224689,TX,0x201,3,0x90,0x90,0x00,0x00,,,,,"Set torque = 0"
224715,TX,0x201,3,0x90,0x90,0x00,0x00,,,,,"Set torque = 0"
224742,TX,0x201,3,0x90,0x90,0x00,0x00,,,,,"Set torque = 0"
224748,RX,0x181,6,0x40,0x40,0x11,0x43,0x80,0x00,0x0B,,"Status word = 0x4311"
224755,RX,0x181,4,0x30,0x30,0x00,0x00,0x01,,,,"Speed feedback = 0 rpm"
224768,TX,0x201,3,0x90,0x90,0x00,0x00,,,,,"Set torque = 0"
224794,TX,0x201,3,0x90,0x90,0x00,0x00,,,,,"Set torque = 0"
224820,TX,0x201,3,0x90,0x90,0x00,0x00,,,,,"Set torque = 0"
224846,TX,0x201,3,0x90,0x90,0x00,0x00,,,,,"Set torque = 0"
224852,RX,0x181,6,0x40,0x40,0x11,0x43,0x80,0x00,0x0B,,"Status word = 0x4311"
224859,RX,0x181,4,0x30,0x30,0x00,0x00,0x01,,,,"Speed feedback = 0 rpm"
224872,TX,0x201,3,0x90,0x90,0x00,0x00,,,,,"Set torque = 0"
224898,TX,0x201,3,0x90,0x90,0x00,0x00,,,,,"Set torque = 0"
224924,TX,0x201,3,0x90,0x90,0x00,0x00,,,,,"Set torque = 0"
224948,RX,0x181,6,0x40,0x40,0x11,0x43,0x80,0x00,0x0B,,"Status word = 0x4311"
224955,TX,0x201,3,0x90,0x90,0x00,0x00,,,,,"Set torque = 0"
224962,RX,0x181,4,0x30,0x30,0x00,0x00,0x01,,,,"Speed feedback = 0 rpm"
224982,TX,0x201,3,0x90,0x90,0x00,0x00,,,,,"Set torque = 0"
225008,TX,0x201,3,0x90,0x90,0x00,0x00,,,,,"Set torque = 0"
225034,TX,0x201,3,0x90,0x90,0x00,0x00,,,,,"Set torque = 0"
225048,RX,0x181,6,0x40,0x40,0x11,0x43,0x80,0x00,0x0B,,"Status word = 0x4311"
225055,RX,0x181,4,0x30,0x30,0x00,0x00,0x01,,,,"Speed feedback = 0 rpm"
225062,TX,0x201,3,0x90,0x90,0x00,0x00,,,,,"Set torque = 0"
225088,TX,0x201,3,0x90,0x90,0x00,0x00,,,,,"Set torque = 0"
225114,TX,0x201,3,0x90,0x90,0x00,0x00,,,,,"Set torque = 0"
225140,TX,0x201,3,0x90,0x90,0x00,0x00,,,,,"Set torque = 0"
225148,RX,0x181,6,0x40,0x40,0x11,0x43,0x80,0x00,0x0B,,"Status word = 0x4311"
225155,RX,0x181,4,0x30,0x30,0x00,0x00,0x01,,,,"Speed feedback = 0 rpm"
225166,TX,0x201,3,0x90,0x90,0x00,0x00,,,,,"Set torque = 0"
225247,RX,0x181,6,0x40,0x40,0x11,0x43,0x80,0x00,0x0B,,"Status word = 0x4311"
225254,RX,0x181,4,0x30,0x30,0x00,0x00,0x01,,,,"Speed feedback = 0 rpm"
225261,TX,0x201,3,0x90,0x90,0x00,0x00,,,,,"Set torque = 0"
225288,TX,0x201,3,0x90,0x90,0x00,0x00,,,,,"Set torque = 0"
225314,TX,0x201,3,0x90,0x90,0x00,0x00,,,,,"Set torque = 0"
225340,TX,0x201,3,0x90,0x90,0x00,0x00,,,,,"Set torque = 0"
225347,RX,0x181,6,0x40,0x40,0x11,0x43,0x80,0x00,0x0B,,"Status word = 0x4311"
225354,RX,0x181,4,0x30,0x30,0x00,0x00,0x01,,,,"Speed feedback = 0 rpm"
225366,TX,0x201,3,0x90,0x90,0x00,0x00,,,,,"Set torque = 0"
225393,TX,0x201,3,0x90,0x90,0x00,0x00,,,,,"Set torque = 0"
225419,TX,0x201,3,0x90,0x90,0x00,0x00,,,,,"Set torque = 0"
225445,TX,0x201,3,0x90,0x90,0x00,0x00,,,,,"Set torque = 0"
225451,RX,0x181,6,0x40,0x40,0x11,0x43,0x80,0x00,0x0B,,"Status word = 0x4311"
225458,RX,0x181,4,0x30,0x30,0x00,0x00,0x01,,,,"Speed feedback = 0 rpm"
225471,TX,0x201,3,0x90,0x90,0x00,0x00,,,,,"Set torque = 0"
225497,TX,0x201,3,0x90,0x90,0x00,0x00,,,,,"Set torque = 0"
225523,TX,0x201,3,0x90,0x90,0x00,0x00,,,,,"Set torque = 0"
225547,RX,0x181,6,0x40,0x40,0x11,0x43,0x80,0x00,0x0B,,"Status word = 0x4311"
225554,RX,0x181,4,0x30,0x30,0x00,0x00,0x01,,,,"Speed feedback = 0 rpm"
225561,TX,0x201,3,0x90,0x90,0x00,0x00,,,,,"Set torque = 0"
225588,TX,0x201,3,0x90,0x90,0x00,0x00,,,,,"Set torque = 0"
225614,TX,0x201,3,0x90,0x90,0x00,0x00,,,,,"Set torque = 0"
225640,TX,0x201,3,0x90,0x90,0x00,0x00,,,,,"Set torque = 0"
225647,RX,0x181,6,0x40,0x40,0x11,0x43,0x80,0x00,0x0B,,"Status word = 0x4311"
225737,RX,0x181,4,0x30,0x30,0x00,0x00,0x01,,,,"Speed feedback = 0 rpm"
225744,TX,0x201,3,0x90,0x90,0x00,0x00,,,,,"Set torque = 0"
225751,RX,0x181,6,0x40,0x40,0x11,0x43,0x80,0x00,0x0B,,"Status word = 0x4311"
225758,RX,0x181,4,0x30,0x30,0x00,0x00,0x01,,,,"Speed feedback = 0 rpm"
225771,TX,0x201,3,0x90,0x90,0x00,0x00,,,,,"Set torque = 0"
225797,TX,0x201,3,0x90,0x90,0x00,0x00,,,,,"Set torque = 0"
225823,TX,0x201,3,0x90,0x90,0x00,0x00,,,,,"Set torque = 0"
225847,RX,0x181,6,0x40,0x40,0x11,0x43,0x80,0x00,0x0B,,"Status word = 0x4311"
225853,TX,0x201,3,0x90,0x90,0x00,0x00,,,,,"Set torque = 0"
225860,RX,0x181,4,0x30,0x30,0x00,0x00,0x01,,,,"Speed feedback = 0 rpm"
225880,TX,0x201,3,0x90,0x90,0x00,0x00,,,,,"Set torque = 0"
225906,TX,0x201,3,0x90,0x90,0x00,0x00,,,,,"Set torque = 0"
225933,TX,0x201,3,0x90,0x90,0x00,0x00,,,,,"Set torque = 0"
225946,RX,0x181,6,0x40,0x40,0x11,0x43,0x80,0x00,0x0B,,"Status word = 0x4311"
225953,RX,0x181,4,0x30,0x30,0x00,0x00,0x01,,,,"Speed feedback = 0 rpm"
225959,TX,0x201,3,0x90,0x90,0x00,0x00,,,,,"Set torque = 0"
225985,TX,0x201,3,0x90,0x90,0x00,0x00,,,,,"Set torque = 0"
226011,TX,0x201,3,0x90,0x90,0x00,0x00,,,,,"Set torque = 0"
226037,TX,0x201,3,0x90,0x90,0x00,0x00,,,,,"Set torque = 0"
226046,RX,0x181,6,0x40,0x40,0x11,0x43,0x80,0x00,0x0B,,"Status word = 0x4311"
226053,RX,0x181,4,0x30,0x30,0x00,0x00,0x01,,,,"Speed feedback = 0 rpm"
226063,TX,0x201,3,0x90,0x90,0x00,0x00,,,,,"Set torque = 0"
226089,TX,0x201,3,0x90,0x90,0x00,0x00,,,,,"Set torque = 0"
226115,TX,0x201,3,0x90,0x90,0x00,0x00,,,,,"Set torque = 0"
226212,RX,0x181,6,0x40,0x40,0x11,0x43,0x80,0x00,0x0B,,"Status word = 0x4311"
226219,RX,0x181,4,0x30,0x30,0x00,0x00,0x01,,,,"Speed feedback = 0 rpm"
226232,TX,0x201,3,0x90,0x90,0x00,0x00,,,,,"Set torque = 0"
226246,RX,0x181,6,0x40,0x40,0x11,0x43,0x80,0x00,0x0B,,"Status word = 0x4311"
226253,RX,0x181,4,0x30,0x30,0x00,0x00,0x01,,,,"Speed feedback = 0 rpm"
226260,TX,0x201,3,0x90,0x90,0x00,0x00,,,,,"Set torque = 0"
226287,TX,0x201,3,0x90,0x90,0x00,0x00,,,,,"Set torque = 0"
226313,TX,0x201,3,0x90,0x90,0x00,0x00,,,,,"Set torque = 0"
226339,TX,0x201,3,0x90,0x90,0x00,0x00,,,,,"Set torque = 0"
226346,RX,0x181,6,0x40,0x40,0x11,0x43,0x80,0x00,0x0B,,"Status word = 0x4311"
226353,RX,0x181,4,0x30,0x30,0x00,0x00,0x01,,,,"Speed feedback = 0 rpm"
226365,TX,0x201,3,0x90,0x90,0x00,0x00,,,,,"Set torque = 0"
226391,TX,0x201,3,0x90,0x90,0x00,0x00,,,,,"Set torque = 0"
226417,TX,0x201,3,0x90,0x90,0x00,0x00,,,,,"Set torque = 0"
226443,TX,0x201,3,0x90,0x90,0x00,0x00,,,,,"Set torque = 0"
226450,RX,0x181,6,0x40,0x40,0x11,0x43,0x80,0x00,0x0B,,"Status word = 0x4311"
226456,RX,0x181,4,0x30,0x30,0x00,0x00,0x01,,,,"Speed feedback = 0 rpm"
226470,TX,0x201,3,0x90,0x90,0x00,0x00,,,,,"Set torque = 0"
226496,TX,0x201,3,0x90,0x90,0x00,0x00,,,,,"Set torque = 0"
226522,TX,0x201,3,0x90,0x90,0x50,0x01,,,,,"Set torque = 336"
226545,RX,0x181,6,0x40,0x40,0x11,0x43,0x80,0x00,0x0B,,"Status word = 0x4311"
226552,TX,0x201,3,0x90,0x90,0x59,0x03,,,,,"Set torque = 857"
226560,RX,0x181,4,0x30,0x30,0x00,0x00,0x01,,,,"Speed feedback = 0 rpm"
226580,TX,0x201,3,0x90,0x90,0xFD,0x02,,,,,"Set torque = 765"
226679,RX,0x181,6,0x40,0x40,0x11,0x41,0x80,0x00,0x0B,,"Status word = 0x4111"
226685,RX,0x181,4,0x30,0x30,0x8F,0x01,0x01,,,,"Speed feedback = 399 rpm"
226699,TX,0x201,3,0x90,0x90,0xA1,0x02,,,,,"Set torque = 673"
226725,TX,0x201,3,0x90,0x90,0x45,0x02,,,,,"Set torque = 581"
226745,RX,0x181,6,0x40,0x40,0x11,0x41,0x80,0x02,0x0B,,"Status word = 0x4111"
226752,TX,0x201,3,0x90,0x90,0x78,0x03,,,,,"Set torque = 888"
226759,RX,0x181,4,0x30,0x30,0x46,0x03,0x01,,,,"Speed feedback = 838 rpm"
226779,TX,0x201,3,0x90,0x90,0x83,0x02,,,,,"Set torque = 643"
226805,TX,0x201,3,0x90,0x90,0x6D,0x04,,,,,"Set torque = 1133"
226832,TX,0x201,3,0x90,0x90,0x6F,0x01,,,,,"Set torque = 367"
226845,RX,0x181,6,0x40,0x40,0x11,0x41,0x80,0x02,0x0B,,"Status word = 0x4111"
226852,RX,0x181,4,0x30,0x30,0x25,0x05,0x01,,,,"Speed feedback = 1317 rpm"
226859,TX,0x201,3,0x90,0x90,0xB7,0x00,,,,,"Set torque = 183"
226885,TX,0x201,3,0x90,0x90,0x00,0x00,,,,,"Set torque = 0"
226911,TX,0x201,3,0x90,0x90,0x00,0x00,,,,,"Set torque = 0"
226937,TX,0x201,3,0x90,0x90,0x00,0x00,,,,,"Set torque = 0"
226945,RX,0x181,6,0x40,0x40,0x11,0x41,0x80,0x02,0x0B,,"Status word = 0x4111"
226952,RX,0x181,4,0x30,0x30,0xD6,0x04,0x01,,,,"Speed feedback = 1238 rpm"
226963,TX,0x201,3,0x90,0x90,0x00,0x00,,,,,"Set torque = 0"
226989,TX,0x201,3,0x90,0x90,0x00,0x00,,,,,"Set torque = 0"
227015,TX,0x201,3,0x90,0x90,0x00,0x00,,,,,"Set torque = 0"
227041,TX,0x201,3,0x90,0x90,0x00,0x00,,,,,"Set torque = 0"
227047,RX,0x181,6,0x40,0x40,0x11,0x41,0x80,0x02,0x0B,,"Status word = 0x4111"
227054,RX,0x181,4,0x30,0x30,0x6E,0x03,0x01,,,,"Speed feedback = 878 rpm"
227144,TX,0x201,3,0x90,0x90,0x00,0x00,,,,,"Set torque = 0"
227151,RX,0x181,6,0x40,0x40,0x11,0x41,0x80,0x00,0x0B,,"Status word = 0x4111"
227157,RX,0x181,4,0x30,0x30,0x2F,0x02,0x01,,,,"Speed feedback = 559 rpm"
227171,TX,0x201,3,0x90,0x90,0x00,0x00,,,,,"Set torque = 0"
227197,TX,0x201,3,0x90,0x90,0x00,0x00,,,,,"Set torque = 0"
227223,TX,0x201,3,0x90,0x90,0x00,0x00,,,,,"Set torque = 0"
227244,RX,0x181,6,0x40,0x40,0x11,0x41,0x80,0x00,0x0B,,"Status word = 0x4111"
227251,TX,0x201,3,0x90,0x90,0x00,0x00,,,,,"Set torque = 0"
227258,RX,0x181,4,0x30,0x30,0xEF,0x00,0x01,,,,"Speed feedback = 239 rpm"
227278,TX,0x201,3,0x90,0x90,0x00,0x00,,,,,"Set torque = 0"
227304,TX,0x201,3,0x90,0x90,0x00,0x00,,,,,"Set torque = 0"
227330,TX,0x201,3,0x90,0x90,0x00,0x00,,,,,"Set torque = 0"
227344,RX,0x181,6,0x40,0x40,0x11,0x41,0x80,0x00,0x0B,,"Status word = 0x4111"
227351,RX,0x181,4,0x30,0x30,0x4F,0x00,0x01,,,,"Speed feedback = 79 rpm"
227358,TX,0x201,3,0x90,0x90,0x00,0x00,,,,,"Set torque = 0"
227385,TX,0x201,3,0x90,0x90,0x00,0x00,,,,,"Set torque = 0"
227411,TX,0x201,3,0x90,0x90,0x00,0x00,,,,,"Set torque = 0"
227437,TX,0x201,3,0x90,0x90,0x00,0x00,,,,,"Set torque = 0"
227444,RX,0x181,6,0x40,0x40,0x11,0x43,0x80,0x00,0x0B,,"Status word = 0x4311"
227451,RX,0x181,4,0x30,0x30,0x00,0x00,0x01,,,,"Speed feedback = 0 rpm"
227463,TX,0x201,3,0x90,0x90,0x32,0x01,,,,,"Set torque = 306"
227490,TX,0x201,3,0x90,0x90,0x00,0x00,,,,,"Set torque = 0"
227516,TX,0x201,3,0x90,0x90,0x00,0x00,,,,,"Set torque = 0"
227542,TX,0x201,3,0x90,0x90,0xF4,0x00,,,,,"Set torque = 244"
227634,RX,0x181,6,0x40,0x40,0x11,0x43,0x80,0x00,0x0B,,"Status word = 0x4311"
227641,RX,0x181,4,0x30,0x30,0x00,0x00,0x01,,,,"Speed feedback = 0 rpm"
227647,RX,0x181,6,0x40,0x40,0x11,0x43,0x80,0x00,0x0B,,"Status word = 0x4311"
227654,RX,0x181,4,0x30,0x30,0x00,0x00,0x01,,,,"Speed feedback = 0 rpm"
227661,TX,0x201,3,0x90,0x90,0x45,0x02,,,,,"Set torque = 581"
227688,TX,0x201,3,0x90,0x90,0x50,0x01,,,,,"Set torque = 336"
227715,TX,0x201,3,0x90,0x90,0xCB,0x01,,,,,"Set torque = 459"
227741,TX,0x201,3,0x90,0x90,0xF4,0x00,,,,,"Set torque = 244"
227747,RX,0x181,6,0x40,0x40,0x11,0x41,0x80,0x00,0x0B,,"Status word = 0x4111"
227754,RX,0x181,4,0x30,0x30,0xEF,0x00,0x01,,,,"Speed feedback = 239 rpm"
227767,TX,0x201,3,0x90,0x90,0xB7,0x00,,,,,"Set torque = 183"
227796,TX,0x201,3,0x90,0x90,0x5B,0x00,,,,,"Set torque = 91"
227822,TX,0x201,3,0x90,0x90,0x7A,0x00,,,,,"Set torque = 122"
227843,RX,0x181,6,0x40,0x40,0x11,0x41,0x80,0x00,0x0B,,"Status word = 0x4111"
227850,RX,0x181,4,0x30,0x30,0x9F,0x00,0x01,,,,"Speed feedback = 159 rpm"
227857,TX,0x201,3,0x90,0x90,0x08,0x02,,,,,"Set torque = 520"
227884,TX,0x201,3,0x90,0x90,0x3D,0x00,,,,,"Set torque = 61"
227910,TX,0x201,3,0x90,0x90,0x00,0x00,,,,,"Set torque = 0"
227936,TX,0x201,3,0x90,0x90,0x00,0x00,,,,,"Set torque = 0"
227943,RX,0x181,6,0x40,0x40,0x11,0x41,0x80,0x00,0x0B,,"Status word = 0x4111"
227950,RX,0x181,4,0x30,0x30,0x9F,0x00,0x01,,,,"Speed feedback = 159 rpm"
227962,TX,0x201,3,0x90,0x90,0x00,0x00,,,,,"Set torque = 0"
227988,TX,0x201,3,0x90,0x90,0x00,0x00,,,,,"Set torque = 0"
228081,RX,0x181,6,0x40,0x40,0x11,0x41,0x80,0x00,0x0B,,"Status word = 0x4111"
228088,RX,0x181,4,0x30,0x30,0x00,0x00,0x01,,,,"Speed feedback = 0 rpm"
228101,TX,0x201,3,0x90,0x90,0x00,0x00,,,,,"Set torque = 0"
228127,TX,0x201,3,0x90,0x90,0x00,0x00,,,,,"Set torque = 0"
228143,RX,0x181,6,0x40,0x40,0x11,0x43,0x80,0x00,0x0B,,"Status word = 0x4311"
228150,RX,0x181,4,0x30,0x30,0xD8,0xFF,0x01,,,,"Speed feedback = 65496 rpm"
228157,TX,0x201,3,0x90,0x90,0x00,0x00,,,,,"Set torque = 0"
228183,TX,0x201,3,0x90,0x90,0x00,0x00,,,,,"Set torque = 0"
228209,TX,0x201,3,0x90,0x90,0x00,0x00,,,,,"Set torque = 0"
228236,TX,0x201,3,0x90,0x90,0x00,0x00,,,,,"Set torque = 0"
228243,RX,0x181,6,0x40,0x40,0x11,0x43,0x80,0x00,0x0B,,"Status word = 0x4311"
228250,RX,0x181,4,0x30,0x30,0x00,0x00,0x01,,,,"Speed feedback = 0 rpm"
228262,TX,0x201,3,0x90,0x90,0x00,0x00,,,,,"Set torque = 0"
228288,TX,0x201,3,0x90,0x90,0x00,0x00,,,,,"Set torque = 0"
228314,TX,0x201,3,0x90,0x90,0x00,0x00,,,,,"Set torque = 0"
228340,TX,0x201,3,0x90,0x90,0x00,0x00,,,,,"Set torque = 0"
228346,RX,0x181,6,0x40,0x40,0x11,0x43,0x80,0x00,0x0B,,"Status word = 0x4311"
228353,RX,0x181,4,0x30,0x30,0x00,0x00,0x01,,,,"Speed feedback = 0 rpm"
228366,TX,0x201,3,0x90,0x90,0x8B,0x04,,,,,"Set torque = 1163"
228392,TX,0x201,3,0x90,0x90,0x00,0x00,,,,,"Set torque = 0"
228418,TX,0x201,3,0x90,0x90,0x00,0x00,,,,,"Set torque = 0"
228442,RX,0x181,6,0x40,0x40,0x11,0x43,0x80,0x00,0x0B,,"Status word = 0x4311"
228449,TX,0x201,3,0x90,0x90,0x00,0x00,,,,,"Set torque = 0"
228456,RX,0x181,4,0x30,0x30,0x00,0x00,0x01,,,,"Speed feedback = 0 rpm"
228550,RX,0x181,4,0x30,0x30,0x00,0x00,0x01,,,,"Speed feedback = 0 rpm"
228557,RX,0x181,6,0x40,0x40,0x11,0x43,0x80,0x00,0x0B,,"Status word = 0x4311"
228564,TX,0x201,3,0x90,0x90,0x00,0x00,,,,,"Set torque = 0"
228591,TX,0x201,3,0x90,0x90,0x00,0x00,,,,,"Set torque = 0"
228617,TX,0x201,3,0x90,0x90,0x00,0x00,,,,,"Set torque = 0"
228642,RX,0x181,6,0x40,0x40,0x11,0x43,0x80,0x00,0x0B,,"Status word = 0x4311"
228649,TX,0x201,3,0x90,0x90,0x00,0x00,,,,,"Set torque = 0"
228656,RX,0x181,4,0x30,0x30,0x00,0x00,0x01,,,,"Speed feedback = 0 rpm"
228676,TX,0x201,3,0x90,0x90,0x00,0x00,,,,,"Set torque = 0"
228702,TX,0x201,3,0x90,0x90,0x00,0x00,,,,,"Set torque = 0"
228728,TX,0x201,3,0x90,0x90,0x00,0x00,,,,,"Set torque = 0"
228742,RX,0x181,6,0x40,0x40,0x11,0x43,0x80,0x00,0x0B,,"Status word = 0x4311"
228749,RX,0x181,4,0x30,0x30,0x00,0x00,0x01,,,,"Speed feedback = 0 rpm"
228756,TX,0x201,3,0x90,0x90,0x00,0x00,,,,,"Set torque = 0"
228783,TX,0x201,3,0x90,0x90,0x00,0x00,,,,,"Set torque = 0"
228809,TX,0x201,3,0x90,0x90,0x00,0x00,,,,,"Set torque = 0"
228835,TX,0x201,3,0x90,0x90,0x00,0x00,,,,,"Set torque = 0"
228842,RX,0x181,6,0x40,0x40,0x11,0x43,0x80,0x00,0x0B,,"Status word = 0x4311"
228849,RX,0x181,4,0x30,0x30,0x00,0x00,0x01,,,,"Speed feedback = 0 rpm"
228861,TX,0x201,3,0x90,0x90,0x00,0x00,,,,,"Set torque = 0"
228887,TX,0x201,3,0x90,0x90,0x00,0x00,,,,,"Set torque = 0"
228914,TX,0x201,3,0x90,0x90,0x00,0x00,,,,,"Set torque = 0"
228940,TX,0x201,3,0x90,0x90,0x00,0x00,,,,,"Set torque = 0"
228946,RX,0x181,6,0x40,0x40,0x11,0x43,0x80,0x00,0x0B,,"Status word = 0x4311"
229043,RX,0x181,6,0x40,0x40,0x11,0x43,0x80,0x00,0x0B,,"Status word = 0x4311"
229050,RX,0x181,4,0x30,0x30,0x00,0x00,0x01,,,,"Speed feedback = 0 rpm"
229056,RX,0x181,4,0x30,0x30,0x00,0x00,0x01,,,,"Speed feedback = 0 rpm"
229063,TX,0x201,3,0x90,0x90,0x00,0x00,,,,,"Set torque = 0"
229090,TX,0x201,3,0x90,0x90,0x00,0x00,,,,,"Set torque = 0"
229116,TX,0x201,3,0x90,0x90,0x00,0x00,,,,,"Set torque = 0"
229141,RX,0x181,6,0x40,0x40,0x11,0x43,0x80,0x00,0x0B,,"Status word = 0x4311"
229148,TX,0x201,3,0x90,0x90,0x00,0x00,,,,,"Set torque = 0"
229155,RX,0x181,4,0x30,0x30,0x00,0x00,0x01,,,,"Speed feedback = 0 rpm"
229175,TX,0x201,3,0x90,0x90,0x00,0x00,,,,,"Set torque = 0"
229201,TX,0x201,3,0x90,0x90,0x00,0x00,,,,,"Set torque = 0"
229227,TX,0x201,3,0x90,0x90,0x00,0x00,,,,,"Set torque = 0"
229241,RX,0x181,6,0x40,0x40,0x11,0x43,0x80,0x00,0x0B,,"Status word = 0x4311"
229248,RX,0x181,4,0x30,0x30,0x00,0x00,0x01,,,,"Speed feedback = 0 rpm"
229255,TX,0x201,3,0x90,0x90,0x00,0x00,,,,,"Set torque = 0"
229282,TX,0x201,3,0x90,0x90,0x00,0x00,,,,,"Set torque = 0"
229308,TX,0x201,3,0x90,0x90,0x00,0x00,,,,,"Set torque = 0"
229334,TX,0x201,3,0x90,0x90,0x00,0x00,,,,,"Set torque = 0"
229341,RX,0x181,6,0x40,0x40,0x11,0x43,0x80,0x00,0x0B,,"Status word = 0x4311"
229348,RX,0x181,4,0x30,0x30,0x00,0x00,0x01,,,,"Speed feedback = 0 rpm"
229360,TX,0x201,3,0x90,0x90,0x00,0x00,,,,,"Set torque = 0"
229386,TX,0x201,3,0x90,0x90,0x00,0x00,,,,,"Set torque = 0"
229412,TX,0x201,3,0x90,0x90,0x00,0x00,,,,,"Set torque = 0"
229438,TX,0x201,3,0x90,0x90,0x00,0x00,,,,,"Set torque = 0"
229534,RX,0x181,6,0x40,0x40,0x11,0x43,0x80,0x00,0x0B,,"Status word = 0x4311"
229541,RX,0x181,6,0x40,0x40,0x11,0x43,0x80,0x00,0x0B,,"Status word = 0x4311"
229548,RX,0x181,4,0x30,0x30,0x00,0x00,0x01,,,,"Speed feedback = 0 rpm"
229554,RX,0x181,4,0x30,0x30,0x00,0x00,0x01,,,,"Speed feedback = 0 rpm"
229561,TX,0x201,3,0x90,0x90,0x00,0x00,,,,,"Set torque = 0"
229588,TX,0x201,3,0x90,0x90,0x00,0x00,,,,,"Set torque = 0"
229614,TX,0x201,3,0x90,0x90,0x00,0x00,,,,,"Set torque = 0"
229640,TX,0x201,3,0x90,0x90,0x00,0x00,,,,,"Set torque = 0"
229646,RX,0x181,6,0x40,0x40,0x11,0x43,0x80,0x00,0x0B,,"Status word = 0x4311"
229653,RX,0x181,4,0x30,0x30,0x00,0x00,0x01,,,,"Speed feedback = 0 rpm"
229666,TX,0x201,3,0x90,0x90,0x00,0x00,,,,,"Set torque = 0"
229692,TX,0x201,3,0x90,0x90,0x00,0x00,,,,,"Set torque = 0"
229718,TX,0x201,3,0x90,0x90,0x00,0x00,,,,,"Set torque = 0"
229740,RX,0x181,6,0x40,0x40,0x11,0x43,0x80,0x00,0x0B,,"Status word = 0x4311"
229747,TX,0x201,3,0x90,0x90,0x00,0x00,,,,,"Set torque = 0"
229754,RX,0x181,4,0x30,0x30,0x00,0x00,0x01,,,,"Speed feedback = 0 rpm"
229774,TX,0x201,3,0x90,0x90,0x00,0x00,,,,,"Set torque = 0"
229800,TX,0x201,3,0x90,0x90,0x00,0x00,,,,,"Set torque = 0"
229827,TX,0x201,3,0x90,0x90,0x00,0x00,,,,,"Set torque = 0"
229840,RX,0x181,6,0x40,0x40,0x11,0x43,0x80,0x00,0x0B,,"Status word = 0x4311"
229847,RX,0x181,4,0x30,0x30,0x00,0x00,0x01,,,,"Speed feedback = 0 rpm"
229854,TX,0x201,3,0x90,0x90,0x00,0x00,,,,,"Set torque = 0"
229881,TX,0x201,3,0x90,0x90,0x00,0x00,,,,,"Set torque = 0"
229907,TX,0x201,3,0x90,0x90,0x00,0x00,,,,,"Set torque = 0"
229999,RX,0x181,6,0x40,0x40,0x11,0x43,0x80,0x00,0x0B,,"Status word = 0x4311"
230006,RX,0x181,4,0x30,0x30,0x00,0x00,0x01,,,,"Speed feedback = 0 rpm"
230019,TX,0x201,3,0x90,0x90,0x00,0x00,,,,,"Set torque = 0"
230040,RX,0x181,6,0x40,0x40,0x11,0x43,0x80,0x00,0x0B,,"Status word = 0x4311"
230047,TX,0x201,3,0x90,0x90,0x00,0x00,,,,,"Set torque = 0"
230053,RX,0x181,4,0x30,0x30,0x00,0x00,0x01,,,,"Speed feedback = 0 rpm"
230073,TX,0x201,3,0x90,0x90,0x00,0x00,,,,,"Set torque = 0"
230099,TX,0x201,3,0x90,0x90,0x00,0x00,,,,,"Set torque = 0"
230125,TX,0x201,3,0x90,0x90,0x00,0x00,,,,,"Set torque = 0"
230140,RX,0x181,6,0x40,0x40,0x11,0x43,0x80,0x00,0x0B,,"Status word = 0x4311"
230147,RX,0x181,4,0x30,0x30,0x00,0x00,0x01,,,,"Speed feedback = 0 rpm"
230153,TX,0x201,3,0x90,0x90,0x00,0x00,,,,,"Set torque = 0"
230181,TX,0x201,3,0x90,0x90,0x00,0x00,,,,,"Set torque = 0"
230207,TX,0x201,3,0x90,0x90,0x7A,0x00,,,,,"Set torque = 122"
230233,TX,0x201,3,0x90,0x90,0x3D,0x00,,,,,"Set torque = 61"
230240,RX,0x181,6,0x40,0x40,0x11,0x43,0x80,0x00,0x0B,,"Status word = 0x4311"
230247,RX,0x181,4,0x30,0x30,0x00,0x00,0x01,,,,"Speed feedback = 0 rpm"
230259,TX,0x201,3,0x90,0x90,0x00,0x00,,,,,"Set torque = 0"
230285,TX,0x201,3,0x90,0x90,0x99,0x00,,,,,"Set torque = 153"
230311,TX,0x201,3,0x90,0x90,0xB7,0x00,,,,,"Set torque = 183"
230337,TX,0x201,3,0x90,0x90,0x27,0x02,,,,,"Set torque = 551"
230344,RX,0x181,6,0x40,0x40,0x11,0x43,0x80,0x00,0x0B,,"Status word = 0x4311"
230350,RX,0x181,4,0x30,0x30,0x00,0x00,0x01,,,,"Speed feedback = 0 rpm"
230364,TX,0x201,3,0x90,0x90,0xAC,0x01,,,,,"Set torque = 428"
230452,RX,0x181,6,0x40,0x40,0x11,0x41,0x80,0x00,0x0B,,"Status word = 0x4111"
230459,RX,0x181,4,0x30,0x30,0xC7,0x00,0x01,,,,"Speed feedback = 199 rpm"
230472,TX,0x201,3,0x90,0x90,0xF4,0x00,,,,,"Set torque = 244"
230498,TX,0x201,3,0x90,0x90,0x00,0x00,,,,,"Set torque = 0"
230524,TX,0x201,3,0x90,0x90,0x6F,0x01,,,,,"Set torque = 367"
230539,RX,0x181,6,0x40,0x40,0x11,0x41,0x80,0x00,0x0B,,"Status word = 0x4111"
230546,RX,0x181,4,0x30,0x30,0x17,0x01,0x01,,,,"Speed feedback = 279 rpm"
230553,TX,0x201,3,0x90,0x90,0x7A,0x00,,,,,"Set torque = 122"
230580,TX,0x201,3,0x90,0x90,0x83,0x02,,,,,"Set torque = 643"
230606,TX,0x201,3,0x90,0x90,0x32,0x01,,,,,"Set torque = 306"
230632,TX,0x201,3,0x90,0x90,0x5B,0x00,,,,,"Set torque = 91"
230639,RX,0x181,6,0x40,0x40,0x11,0x41,0x80,0x00,0x0B,,"Status word = 0x4111"
230646,RX,0x181,4,0x30,0x30,0x67,0x01,0x01,,,,"Speed feedback = 359 rpm"
230658,TX,0x201,3,0x90,0x90,0x99,0x00,,,,,"Set torque = 153"
230684,TX,0x201,3,0x90,0x90,0x5B,0x00,,,,,"Set torque = 91"
230711,TX,0x201,3,0x90,0x90,0x7A,0x00,,,,,"Set torque = 122"
230737,TX,0x201,3,0x90,0x90,0x00,0x00,,,,,"Set torque = 0"
230743,RX,0x181,6,0x40,0x40,0x11,0x41,0x80,0x00,0x0B,,"Status word = 0x4111"
230750,RX,0x181,4,0x30,0x30,0xC7,0x00,0x01,,,,"Speed feedback = 199 rpm"
230763,TX,0x201,3,0x90,0x90,0x00,0x00,,,,,"Set torque = 0"
230789,TX,0x201,3,0x90,0x90,0xCB,0x01,,,,,"Set torque = 459"
230815,TX,0x201,3,0x90,0x90,0x00,0x00,,,,,"Set torque = 0"
230839,RX,0x181,6,0x40,0x40,0x11,0x41,0x80,0x00,0x0B,,"Status word = 0x4111"
230845,TX,0x201,3,0x90,0x90,0xE9,0x01,,,,,"Set torque = 489"
230935,RX,0x181,4,0x30,0x30,0x77,0x00,0x01,,,,"Speed feedback = 119 rpm"
230942,RX,0x181,6,0x40,0x40,0x11,0x41,0x80,0x00,0x0B,,"Status word = 0x4111"
230949,RX,0x181,4,0x30,0x30,0x67,0x01,0x01,,,,"Speed feedback = 359 rpm"
230956,TX,0x201,3,0x90,0x90,0x8E,0x01,,,,,"Set torque = 398"
230982,TX,0x201,3,0x90,0x90,0xE9,0x01,,,,,"Set torque = 489"
231008,TX,0x201,3,0x90,0x90,0x8E,0x01,,,,,"Set torque = 398"
231034,TX,0x201,3,0x90,0x90,0xD6,0x00,,,,,"Set torque = 214"
231040,RX,0x181,6,0x40,0x40,0x11,0x41,0x80,0x00,0x0B,,"Status word = 0x4111"
231047,RX,0x181,4,0x30,0x30,0x07,0x02,0x01,,,,"Speed feedback = 519 rpm"
231060,TX,0x201,3,0x90,0x90,0x08,0x02,,,,,"Set torque = 520"
231086,TX,0x201,3,0x90,0x90,0xCB,0x01,,,,,"Set torque = 459"
231112,TX,0x201,3,0x90,0x90,0xE9,0x01,,,,,"Set torque = 489"
231138,TX,0x201,3,0x90,0x90,0x1E,0x00,,,,,"Set torque = 30"
231144,RX,0x181,6,0x40,0x40,0x11,0x41,0x80,0x00,0x0B,,"Status word = 0x4111"
231151,RX,0x181,4,0x30,0x30,0x57,0x02,0x01,,,,"Speed feedback = 599 rpm"
231164,TX,0x201,3,0x90,0x90,0x27,0x02,,,,,"Set torque = 551"
231190,TX,0x201,3,0x90,0x90,0x32,0x01,,,,,"Set torque = 306"
231216,TX,0x201,3,0x90,0x90,0x00,0x00,,,,,"Set torque = 0"
231238,RX,0x181,6,0x40,0x40,0x11,0x41,0x80,0x02,0x0B,,"Status word = 0x4111"
231245,TX,0x201,3,0x90,0x90,0x13,0x01,,,,,"Set torque = 275"
231251,RX,0x181,4,0x30,0x30,0x7F,0x02,0x01,,,,"Speed feedback = 639 rpm"
231271,TX,0x201,3,0x90,0x90,0xD6,0x00,,,,,"Set torque = 214"
231297,TX,0x201,3,0x90,0x90,0xCB,0x01,,,,,"Set torque = 459"
231323,TX,0x201,3,0x90,0x90,0xCB,0x01,,,,,"Set torque = 459"
231413,RX,0x181,6,0x40,0x40,0x11,0x41,0x80,0x00,0x0B,,"Status word = 0x4111"
231420,RX,0x181,4,0x30,0x30,0x57,0x02,0x01,,,,"Speed feedback = 599 rpm"
231433,TX,0x201,3,0x90,0x90,0xF4,0x00,,,,,"Set torque = 244"
231440,RX,0x181,6,0x40,0x40,0x11,0x41,0x80,0x02,0x0B,,"Status word = 0x4111"
231446,RX,0x181,4,0x30,0x30,0x6E,0x03,0x01,,,,"Speed feedback = 878 rpm"
231460,TX,0x201,3,0x90,0x90,0xD6,0x00,,,,,"Set torque = 214"
231486,TX,0x201,3,0x90,0x90,0x11,0x04,,,,,"Set torque = 1041"
231512,TX,0x201,3,0x90,0x90,0x64,0x02,,,,,"Set torque = 612"
231538,RX,0x181,6,0x40,0x40,0x11,0x41,0x80,0x02,0x0B,,"Status word = 0x4111"
231544,TX,0x201,3,0x90,0x90,0xC0,0x02,,,,,"Set torque = 704"
231551,RX,0x181,4,0x30,0x30,0x46,0x03,0x01,,,,"Speed feedback = 838 rpm"
231571,TX,0x201,3,0x90,0x90,0xF4,0x00,,,,,"Set torque = 244"
231597,TX,0x201,3,0x90,0x90,0xA1,0x02,,,,,"Set torque = 673"
231623,TX,0x201,3,0x90,0x90,0x8E,0x01,,,,,"Set torque = 398"
231637,RX,0x181,6,0x40,0x40,0x11,0x41,0x80,0x02,0x0B,,"Status word = 0x4111"
231644,RX,0x181,4,0x30,0x30,0xAE,0x04,0x01,,,,"Speed feedback = 1198 rpm"
231651,TX,0x201,3,0x90,0x90,0x78,0x03,,,,,"Set torque = 888"
231678,TX,0x201,3,0x90,0x90,0x8E,0x01,,,,,"Set torque = 398"
231704,TX,0x201,3,0x90,0x90,0x00,0x00,,,,,"Set torque = 0"
231730,TX,0x201,3,0x90,0x90,0xB5,0x03,,,,,"Set torque = 949"
231737,RX,0x181,6,0x40,0x40,0x11,0x41,0x80,0x02,0x0B,,"Status word = 0x4111"
231744,RX,0x181,4,0x30,0x30,0x25,0x05,0x01,,,,"Speed feedback = 1317 rpm"
231757,TX,0x201,3,0x90,0x90,0x7A,0x00,,,,,"Set torque = 122"
231851,RX,0x181,6,0x40,0x40,0x11,0x41,0x80,0x02,0x0B,,"Status word = 0x4111"
231858,RX,0x181,4,0x30,0x30,0x4D,0x05,0x01,,,,"Speed feedback = 1357 rpm"
231871,TX,0x201,3,0x90,0x90,0xB7,0x00,,,,,"Set torque = 183"
231897,TX,0x201,3,0x90,0x90,0xE9,0x01,,,,,"Set torque = 489"
231923,TX,0x201,3,0x90,0x90,0x99,0x00,,,,,"Set torque = 153"
231937,RX,0x181,6,0x40,0x40,0x11,0x41,0x80,0x02,0x0B,,"Status word = 0x4111"
231944,RX,0x181,4,0x30,0x30,0x5E,0x04,0x01,,,,"Speed feedback = 1118 rpm"
231951,TX,0x201,3,0x90,0x90,0xA1,0x02,,,,,"Set torque = 673"
231977,TX,0x201,3,0x90,0x90,0x13,0x01,,,,,"Set torque = 275"
232003,TX,0x201,3,0x90,0x90,0x4E,0x04,,,,,"Set torque = 1102"
232029,TX,0x201,3,0x90,0x90,0xFD,0x02,,,,,"Set torque = 765"
232037,RX,0x181,6,0x40,0x40,0x11,0x41,0x80,0x02,0x0B,,"Status word = 0x4111"
232044,RX,0x181,4,0x30,0x30,0x36,0x04,0x01,,,,"Speed feedback = 1078 rpm"
232055,TX,0x201,3,0x90,0x90,0x83,0x02,,,,,"Set torque = 643"
232081,TX,0x201,3,0x90,0x90,0x3A,0x03,,,,,"Set torque = 826"
232108,TX,0x201,3,0x90,0x90,0x59,0x03,,,,,"Set torque = 857"
232134,TX,0x201,3,0x90,0x90,0x32,0x01,,,,,"Set torque = 306"
232140,RX,0x181,6,0x40,0x40,0x11,0x41,0x80,0x02,0x0B,,"Status word = 0x4111"
232147,RX,0x181,4,0x30,0x30,0xED,0x05,0x01,,,,"Speed feedback = 1517 rpm"
232160,TX,0x201,3,0x90,0x90,0x43,0x05,,,,,"Set torque = 1347"
232186,TX,0x201,3,0x90,0x90,0x64,0x02,,,,,"Set torque = 612"
232212,TX,0x201,3,0x90,0x90,0x6F,0x01,,,,,"Set torque = 367"
232236,RX,0x181,6,0x40,0x40,0x11,0x41,0x80,0x02,0x0B,,"Status word = 0x4111"
232243,TX,0x201,3,0x90,0x90,0xCB,0x01,,,,,"Set torque = 459"
232338,RX,0x181,4,0x30,0x30,0xDD,0x06,0x01,,,,"Speed feedback = 1757 rpm"
232345,RX,0x181,4,0x30,0x30,0x7D,0x07,0x01,,,,"Speed feedback = 1917 rpm"
232352,RX,0x181,6,0x40,0x40,0x11,0x41,0x80,0x02,0x0B,,"Status word = 0x4111"
232359,TX,0x201,3,0x90,0x90,0x27,0x02,,,,,"Set torque = 551"
232385,TX,0x201,3,0x90,0x90,0x83,0x02,,,,,"Set torque = 643"
232411,TX,0x201,3,0x90,0x90,0x64,0x02,,,,,"Set torque = 612"
232436,RX,0x181,6,0x40,0x40,0x11,0x41,0x80,0x02,0x0B,,"Status word = 0x4111"
232443,TX,0x201,3,0x90,0x90,0x64,0x02,,,,,"Set torque = 612"
232450,RX,0x181,4,0x30,0x30,0xCC,0x07,0x01,,,,"Speed feedback = 1996 rpm"
232470,TX,0x201,3,0x90,0x90,0x08,0x02,,,,,"Set torque = 520"
232496,TX,0x201,3,0x90,0x90,0x50,0x01,,,,,"Set torque = 336"
232522,TX,0x201,3,0x90,0x90,0x83,0x02,,,,,"Set torque = 643"
232536,RX,0x181,6,0x40,0x40,0x11,0x41,0x80,0x02,0x0B,,"Status word = 0x4111"
232543,RX,0x181,4,0x30,0x30,0xCC,0x07,0x01,,,,"Speed feedback = 1996 rpm"
232550,TX,0x201,3,0x90,0x90,0xA1,0x02,,,,,"Set torque = 673"
232576,TX,0x201,3,0x90,0x90,0x6F,0x01,,,,,"Set torque = 367"
232602,TX,0x201,3,0x90,0x90,0x1C,0x03,,,,,"Set torque = 796"
232628,TX,0x201,3,0x90,0x90,0x00,0x00,,,,,"Set torque = 0"
232638,RX,0x181,6,0x40,0x40,0x11,0x41,0x80,0x02,0x0B,,"Status word = 0x4111"
232644,RX,0x181,4,0x30,0x30,0x34,0x09,0x01,,,,"Speed feedback = 2356 rpm"
232658,TX,0x201,3,0x90,0x90,0x50,0x01,,,,,"Set torque = 336"
232684,TX,0x201,3,0x90,0x90,0xE9,0x01,,,,,"Set torque = 489"
232710,TX,0x201,3,0x90,0x90,0x00,0x00,,,,,"Set torque = 0"
232806,RX,0x181,6,0x40,0x40,0x11,0x41,0x80,0x02,0x0B,,"Status word = 0x4111"
232813,RX,0x181,4,0x30,0x30,0x6C,0x08,0x01,,,,"Speed feedback = 2156 rpm"
232826,TX,0x201,3,0x90,0x90,0xFD,0x02,,,,,"Set torque = 765"
232835,RX,0x181,6,0x40,0x40,0x11,0x41,0x80,0x02,0x0B,,"Status word = 0x4111"
232842,RX,0x181,4,0x30,0x30,0x05,0x07,0x01,,,,"Speed feedback = 1797 rpm"
232853,TX,0x201,3,0x90,0x90,0xE9,0x01,,,,,"Set torque = 489"
232879,TX,0x201,3,0x90,0x90,0x6F,0x01,,,,,"Set torque = 367"
232905,TX,0x201,3,0x90,0x90,0x00,0x00,,,,,"Set torque = 0"
232931,TX,0x201,3,0x90,0x90,0x5B,0x00,,,,,"Set torque = 91"
232937,RX,0x181,6,0x40,0x40,0x11,0x41,0x80,0x02,0x0B,,"Status word = 0x4111"
232944,RX,0x181,4,0x30,0x30,0x8D,0x06,0x01,,,,"Speed feedback = 1677 rpm"
232957,TX,0x201,3,0x90,0x90,0x7A,0x00,,,,,"Set torque = 122"
232984,TX,0x201,3,0x90,0x90,0x96,0x03,,,,,"Set torque = 918"
233010,TX,0x201,3,0x90,0x90,0xDE,0x02,,,,,"Set torque = 734"
233035,RX,0x181,6,0x40,0x40,0x11,0x41,0x80,0x02,0x0B,,"Status word = 0x4111"
233042,TX,0x201,3,0x90,0x90,0x64,0x02,,,,,"Set torque = 612"
233049,RX,0x181,4,0x30,0x30,0xC5,0x05,0x01,,,,"Speed feedback = 1477 rpm"
233069,TX,0x201,3,0x90,0x90,0x5B,0x00,,,,,"Set torque = 91"
233095,TX,0x201,3,0x90,0x90,0x1C,0x03,,,,,"Set torque = 796"
233121,TX,0x201,3,0x90,0x90,0x32,0x01,,,,,"Set torque = 306"
233135,RX,0x181,6,0x40,0x40,0x11,0x41,0x80,0x02,0x0B,,"Status word = 0x4111"
233142,RX,0x181,4,0x30,0x30,0x65,0x06,0x01,,,,"Speed feedback = 1637 rpm"
233149,TX,0x201,3,0x90,0x90,0xCB,0x01,,,,,"Set torque = 459"
233176,TX,0x201,3,0x90,0x90,0xCB,0x01,,,,,"Set torque = 459"
233267,RX,0x181,6,0x40,0x40,0x11,0x41,0x80,0x02,0x0B,,"Status word = 0x4111"
233274,RX,0x181,4,0x30,0x30,0x15,0x06,0x01,,,,"Speed feedback = 1557 rpm"
233287,TX,0x201,3,0x90,0x90,0x08,0x02,,,,,"Set torque = 520"
233313,TX,0x201,3,0x90,0x90,0x3D,0x00,,,,,"Set torque = 61"
233335,RX,0x181,6,0x40,0x40,0x11,0x41,0x80,0x02,0x0B,,"Status word = 0x4111"
233341,TX,0x201,3,0x90,0x90,0xF4,0x00,,,,,"Set torque = 244"
233349,RX,0x181,4,0x30,0x30,0xDD,0x06,0x01,,,,"Speed feedback = 1757 rpm"
233369,TX,0x201,3,0x90,0x90,0x45,0x02,,,,,"Set torque = 581"
233395,TX,0x201,3,0x90,0x90,0x50,0x01,,,,,"Set torque = 336"
233421,TX,0x201,3,0x90,0x90,0xD6,0x00,,,,,"Set torque = 214"
233434,RX,0x181,6,0x40,0x40,0x11,0x41,0x80,0x02,0x0B,,"Status word = 0x4111"
233441,RX,0x181,4,0x30,0x30,0x65,0x06,0x01,,,,"Speed feedback = 1637 rpm"
233448,TX,0x201,3,0x90,0x90,0x13,0x01,,,,,"Set torque = 275"
233475,TX,0x201,3,0x90,0x90,0x50,0x01,,,,,"Set torque = 336"
233501,TX,0x201,3,0x90,0x90,0x8E,0x01,,,,,"Set torque = 398"
233528,TX,0x201,3,0x90,0x90,0xCB,0x01,,,,,"Set torque = 459"
233534,RX,0x181,6,0x40,0x40,0x11,0x41,0x80,0x02,0x0B,,"Status word = 0x4111"
233541,RX,0x181,4,0x30,0x30,0x15,0x06,0x01,,,,"Speed feedback = 1557 rpm"
233554,TX,0x201,3,0x90,0x90,0x8E,0x01,,,,,"Set torque = 398"
233580,TX,0x201,3,0x90,0x90,0x64,0x02,,,,,"Set torque = 612"
233606,TX,0x201,3,0x90,0x90,0x45,0x02,,,,,"Set torque = 581"
233632,TX,0x201,3,0x90,0x90,0x83,0x02,,,,,"Set torque = 643"
233638,RX,0x181,6,0x40,0x40,0x11,0x41,0x80,0x02,0x0B,,"Status word = 0x4111"
233645,RX,0x181,4,0x30,0x30,0x3D,0x06,0x01,,,,"Speed feedback = 1597 rpm"
233735,RX,0x181,6,0x40,0x40,0x11,0x41,0x80,0x02,0x0B,,"Status word = 0x4111"
233742,RX,0x181,4,0x30,0x30,0x55,0x07,0x01,,,,"Speed feedback = 1877 rpm"
233749,TX,0x201,3,0x90,0x90,0x83,0x02,,,,,"Set torque = 643"
233776,TX,0x201,3,0x90,0x90,0xD6,0x00,,,,,"Set torque = 214"
233802,TX,0x201,3,0x90,0x90,0xAC,0x01,,,,,"Set torque = 428"
233828,TX,0x201,3,0x90,0x90,0xAC,0x01,,,,,"Set torque = 428"
233834,RX,0x181,6,0x40,0x40,0x11,0x41,0x80,0x02,0x0B,,"Status word = 0x4111"
233841,RX,0x181,4,0x30,0x30,0x1C,0x08,0x01,,,,"Speed feedback = 2076 rpm"
233854,TX,0x201,3,0x90,0x90,0x00,0x00,,,,,"Set torque = 0"
233881,TX,0x201,3,0x90,0x90,0x99,0x00,,,,,"Set torque = 153"
233907,TX,0x201,3,0x90,0x90,0xF4,0x00,,,,,"Set torque = 244"
233933,TX,0x201,3,0x90,0x90,0x99,0x00,,,,,"Set torque = 153"
233939,RX,0x181,6,0x40,0x40,0x11,0x41,0x80,0x02,0x0B,,"Status word = 0x4111"
233946,RX,0x181,4,0x30,0x30,0xCC,0x07,0x01,,,,"Speed feedback = 1996 rpm"
233959,TX,0x201,3,0x90,0x90,0x64,0x02,,,,,"Set torque = 612"
233985,TX,0x201,3,0x90,0x90,0x08,0x02,,,,,"Set torque = 520"
234011,TX,0x201,3,0x90,0x90,0x45,0x02,,,,,"Set torque = 581"
234034,RX,0x181,6,0x40,0x40,0x11,0x41,0x80,0x02,0x0B,,"Status word = 0x4111"
234041,RX,0x181,4,0x30,0x30,0x55,0x07,0x01,,,,"Speed feedback = 1877 rpm"
234047,TX,0x201,3,0x90,0x90,0x6F,0x01,,,,,"Set torque = 367"
234074,TX,0x201,3,0x90,0x90,0xCB,0x01,,,,,"Set torque = 459"
234100,TX,0x201,3,0x90,0x90,0x32,0x01,,,,,"Set torque = 306"
234126,TX,0x201,3,0x90,0x90,0x00,0x00,,,,,"Set torque = 0"
234133,RX,0x181,6,0x40,0x40,0x11,0x41,0x80,0x02,0x0B,,"Status word = 0x4111"
234223,RX,0x181,4,0x30,0x30,0xDD,0x06,0x01,,,,"Speed feedback = 1757 rpm"
234230,TX,0x201,3,0x90,0x90,0x7A,0x00,,,,,"Set torque = 122"
234237,RX,0x181,6,0x40,0x40,0x11,0x41,0x80,0x02,0x0B,,"Status word = 0x4111"
234244,RX,0x181,4,0x30,0x30,0xED,0x05,0x01,,,,"Speed feedback = 1517 rpm"
234257,TX,0x201,3,0x90,0x90,0x13,0x01,,,,,"Set torque = 275"
234283,TX,0x201,3,0x90,0x90,0x99,0x00,,,,,"Set torque = 153"
234309,TX,0x201,3,0x90,0x90,0xAC,0x01,,,,,"Set torque = 428"
234333,TX,0x201,3,0x90,0x90,0xE9,0x01,,,,,"Set torque = 489"
234339,RX,0x181,6,0x40,0x40,0x11,0x41,0x80,0x02,0x0B,,"Status word = 0x4111"
234346,RX,0x181,4,0x30,0x30,0xFE,0x04,0x01,,,,"Speed feedback = 1278 rpm"
234359,TX,0x201,3,0x90,0x90,0x83,0x02,,,,,"Set torque = 643"
234385,TX,0x201,3,0x90,0x90,0x45,0x02,,,,,"Set torque = 581"
234412,TX,0x201,3,0x90,0x90,0x3A,0x03,,,,,"Set torque = 826"
234433,RX,0x181,6,0x40,0x40,0x11,0x41,0x80,0x02,0x0B,,"Status word = 0x4111"
234440,TX,0x201,3,0x90,0x90,0x32,0x01,,,,,"Set torque = 306"
234446,RX,0x181,4,0x30,0x30,0xC5,0x05,0x01,,,,"Speed feedback = 1477 rpm"
234466,TX,0x201,3,0x90,0x90,0x8E,0x01,,,,,"Set torque = 398"
234492,TX,0x201,3,0x90,0x90,0xA1,0x02,,,,,"Set torque = 673"
234518,TX,0x201,3,0x90,0x90,0x99,0x00,,,,,"Set torque = 153"
234533,RX,0x181,6,0x40,0x40,0x11,0x41,0x80,0x02,0x0B,,"Status word = 0x4111"
234540,RX,0x181,4,0x30,0x30,0xDD,0x06,0x01,,,,"Speed feedback = 1757 rpm"
234547,TX,0x201,3,0x90,0x90,0xB7,0x00,,,,,"Set torque = 183"
234574,TX,0x201,3,0x90,0x90,0x32,0x01,,,,,"Set torque = 306"
234600,TX,0x201,3,0x90,0x90,0xB7,0x00,,,,,"Set torque = 183"
234689,RX,0x181,6,0x40,0x40,0x11,0x41,0x80,0x02,0x0B,,"Status word = 0x4111"
234696,RX,0x181,4,0x30,0x30,0x15,0x06,0x01,,,,"Speed feedback = 1557 rpm"
234709,TX,0x201,3,0x90,0x90,0xFD,0x02,,,,,"Set torque = 765"
234732,RX,0x181,6,0x40,0x40,0x11,0x41,0x80,0x02,0x0B,,"Status word = 0x4111"
234739,TX,0x201,3,0x90,0x90,0x8E,0x01,,,,,"Set torque = 398"
234746,RX,0x181,4,0x30,0x30,0x25,0x05,0x01,,,,"Speed feedback = 1317 rpm"
234766,TX,0x201,3,0x90,0x90,0xD6,0x00,,,,,"Set torque = 214"
234792,TX,0x201,3,0x90,0x90,0xCB,0x01,,,,,"Set torque = 459"
234818,TX,0x201,3,0x90,0x90,0xE9,0x01,,,,,"Set torque = 489"
234832,RX,0x181,6,0x40,0x40,0x11,0x41,0x80,0x02,0x0B,,"Status word = 0x4111"
234839,RX,0x181,4,0x30,0x30,0x4D,0x05,0x01,,,,"Speed feedback = 1357 rpm"
234846,TX,0x201,3,0x90,0x90,0x27,0x02,,,,,"Set torque = 551"
234873,TX,0x201,3,0x90,0x90,0x59,0x03,,,,,"Set torque = 857"
234899,TX,0x201,3,0x90,0x90,0x32,0x01,,,,,"Set torque = 306"
234925,TX,0x201,3,0x90,0x90,0x59,0x03,,,,,"Set torque = 857"
234932,RX,0x181,6,0x40,0x40,0x11,0x41,0x80,0x02,0x0B,,"Status word = 0x4111"
234939,RX,0x181,4,0x30,0x30,0x3D,0x06,0x01,,,,"Speed feedback = 1597 rpm"
234952,TX,0x201,3,0x90,0x90,0xC0,0x02,,,,,"Set torque = 704"
234978,TX,0x201,3,0x90,0x90,0xA1,0x02,,,,,"Set torque = 673"
235004,TX,0x201,3,0x90,0x90,0xC0,0x02,,,,,"Set torque = 704"
235030,TX,0x201,3,0x90,0x90,0xDE,0x02,,,,,"Set torque = 734"
235036,RX,0x181,6,0x40,0x40,0x11,0x41,0x80,0x02,0x0B,,"Status word = 0x4111"
235043,RX,0x181,4,0x30,0x30,0x05,0x07,0x01,,,,"Speed feedback = 1797 rpm"
235056,TX,0x201,3,0x90,0x90,0x8E,0x01,,,,,"Set torque = 398"
235146,RX,0x181,6,0x40,0x40,0x11,0x41,0x80,0x02,0x0B,,"Status word = 0x4111"
235153,RX,0x181,4,0x30,0x30,0xF4,0x07,0x01,,,,"Speed feedback = 2036 rpm"
235166,TX,0x201,3,0x90,0x90,0x45,0x02,,,,,"Set torque = 581"
235192,TX,0x201,3,0x90,0x90,0xFD,0x02,,,,,"Set torque = 765"
235218,TX,0x201,3,0x90,0x90,0xE9,0x01,,,,,"Set torque = 489"
235232,RX,0x181,6,0x40,0x40,0x11,0x41,0x80,0x02,0x0B,,"Status word = 0x4111"
235239,RX,0x181,4,0x30,0x30,0x94,0x08,0x01,,,,"Speed feedback = 2196 rpm"
235245,TX,0x201,3,0x90,0x90,0xFD,0x02,,,,,"Set torque = 765"
235272,TX,0x201,3,0x90,0x90,0x11,0x04,,,,,"Set torque = 1041"
235299,TX,0x201,3,0x90,0x90,0xF4,0x00,,,,,"Set torque = 244"
235325,TX,0x201,3,0x90,0x90,0x59,0x03,,,,,"Set torque = 857"
235331,RX,0x181,6,0x40,0x40,0x11,0x41,0x80,0x02,0x0B,,"Status word = 0x4111"
235338,RX,0x181,4,0x30,0x30,0x4B,0x0A,0x01,,,,"Speed feedback = 2635 rpm"
235351,TX,0x201,3,0x90,0x90,0x78,0x03,,,,,"Set torque = 888"
235377,TX,0x201,3,0x90,0x90,0x27,0x02,,,,,"Set torque = 551"
235403,TX,0x201,3,0x90,0x90,0x8E,0x01,,,,,"Set torque = 398"
235429,TX,0x201,3,0x90,0x90,0xAC,0x01,,,,,"Set torque = 428"
235435,RX,0x181,6,0x40,0x40,0x11,0x41,0x80,0x02,0x0B,,"Status word = 0x4111"
235442,RX,0x181,4,0x30,0x30,0x9B,0x0A,0x01,,,,"Speed feedback = 2715 rpm"
235455,TX,0x201,3,0x90,0x90,0x64,0x02,,,,,"Set torque = 612"
235481,TX,0x201,3,0x90,0x90,0xA1,0x02,,,,,"Set torque = 673"
235507,TX,0x201,3,0x90,0x90,0x00,0x00,,,,,"Set torque = 0"
235531,RX,0x181,6,0x40,0x40,0x11,0x41,0x80,0x02,0x0B,,"Status word = 0x4111"
235538,TX,0x201,3,0x90,0x90,0x13,0x01,,,,,"Set torque = 275"
235628,RX,0x181,4,0x30,0x30,0x8B,0x0B,0x01,,,,"Speed feedback = 2955 rpm"
235635,RX,0x181,6,0x40,0x40,0x11,0x41,0x80,0x02,0x0B,,"Status word = 0x4111"
235641,RX,0x181,4,0x30,0x30,0xC3,0x0A,0x01,,,,"Speed feedback = 2755 rpm"
235648,TX,0x201,3,0x90,0x90,0x64,0x02,,,,,"Set torque = 612"
235674,TX,0x201,3,0x90,0x90,0x6F,0x01,,,,,"Set torque = 367"
235700,TX,0x201,3,0x90,0x90,0x13,0x01,,,,,"Set torque = 275"
235726,TX,0x201,3,0x90,0x90,0xE9,0x01,,,,,"Set torque = 489"
235732,RX,0x181,6,0x40,0x40,0x11,0x41,0x80,0x02,0x0B,,"Status word = 0x4111"
235739,RX,0x181,4,0x30,0x30,0xD4,0x09,0x01,,,,"Speed feedback = 2516 rpm"
235752,TX,0x201,3,0x90,0x90,0x6F,0x01,,,,,"Set torque = 367"
235778,TX,0x201,3,0x90,0x90,0x91,0x09,,,,,"Set torque = 2449"
235804,TX,0x201,3,0x90,0x90,0xFB,0x05,,,,,"Set torque = 1531"
235831,TX,0x201,3,0x90,0x90,0xF4,0x00,,,,,"Set torque = 244"
235837,RX,0x181,6,0x40,0x40,0x11,0x41,0x80,0x02,0x0B,,"Status word = 0x4111"
235844,RX,0x181,4,0x30,0x30,0x4B,0x0A,0x01,,,,"Speed feedback = 2635 rpm"
235857,TX,0x201,3,0x90,0x90,0x45,0x02,,,,,"Set torque = 581"
235883,TX,0x201,3,0x90,0x90,0xC0,0x02,,,,,"Set torque = 704"
235909,TX,0x201,3,0x90,0x90,0x08,0x02,,,,,"Set torque = 520"
235931,RX,0x181,6,0x40,0x40,0x11,0x41,0x80,0x02,0x0B,,"Status word = 0x4111"
235937,TX,0x201,3,0x90,0x90,0x8E,0x01,,,,,"Set torque = 398"
235944,RX,0x181,4,0x30,0x30,0xC3,0x0A,0x01,,,,"Speed feedback = 2755 rpm"
235964,TX,0x201,3,0x90,0x90,0x08,0x02,,,,,"Set torque = 520"
235990,TX,0x201,3,0x90,0x90,0xA1,0x02,,,,,"Set torque = 673"
236016,TX,0x201,3,0x90,0x90,0x3D,0x00,,,,,"Set torque = 61"
236108,RX,0x181,6,0x40,0x40,0x11,0x41,0x80,0x02,0x0B,,"Status word = 0x4111"
236115,RX,0x181,4,0x30,0x30,0x13,0x0B,0x01,,,,"Speed feedback = 2835 rpm"
236128,TX,0x201,3,0x90,0x90,0xE9,0x01,,,,,"Set torque = 489"
236134,RX,0x181,6,0x40,0x40,0x11,0x41,0x80,0x02,0x0B,,"Status word = 0x4111"
236141,RX,0x181,4,0x30,0x30,0xFC,0x09,0x01,,,,"Speed feedback = 2556 rpm"
236154,TX,0x201,3,0x90,0x90,0x50,0x01,,,,,"Set torque = 336"
236181,TX,0x201,3,0x90,0x90,0xF4,0x00,,,,,"Set torque = 244"
236207,TX,0x201,3,0x90,0x90,0xDE,0x02,,,,,"Set torque = 734"
236230,RX,0x181,6,0x40,0x40,0x11,0x41,0x80,0x02,0x0B,,"Status word = 0x4111"
236238,RX,0x181,4,0x30,0x30,0xE4,0x08,0x01,,,,"Speed feedback = 2276 rpm"
236245,TX,0x201,3,0x90,0x90,0xB7,0x00,,,,,"Set torque = 183"
236272,TX,0x201,3,0x90,0x90,0x64,0x02,,,,,"Set torque = 612"
236298,TX,0x201,3,0x90,0x90,0xA1,0x02,,,,,"Set torque = 673"
236324,TX,0x201,3,0x90,0x90,0xAC,0x01,,,,,"Set torque = 428"
236330,RX,0x181,6,0x40,0x40,0x11,0x41,0x80,0x02,0x0B,,"Status word = 0x4111"
236337,RX,0x181,4,0x30,0x30,0x34,0x09,0x01,,,,"Speed feedback = 2356 rpm"
236350,TX,0x201,3,0x90,0x90,0x27,0x02,,,,,"Set torque = 551"
236376,TX,0x201,3,0x90,0x90,0x99,0x00,,,,,"Set torque = 153"
236402,TX,0x201,3,0x90,0x90,0xCB,0x01,,,,,"Set torque = 459"
236428,TX,0x201,3,0x90,0x90,0xD3,0x03,,,,,"Set torque = 979"
236434,RX,0x181,6,0x40,0x40,0x11,0x41,0x80,0x02,0x0B,,"Status word = 0x4111"
236441,RX,0x181,4,0x30,0x30,0xE4,0x08,0x01,,,,"Speed feedback = 2276 rpm"
236454,TX,0x201,3,0x90,0x90,0xFD,0x02,,,,,"Set torque = 765"
236480,TX,0x201,3,0x90,0x90,0x59,0x03,,,,,"Set torque = 857"
236583,RX,0x181,6,0x40,0x40,0x11,0x41,0x80,0x02,0x0B,,"Status word = 0x4111"
236590,RX,0x181,4,0x30,0x30,0x3B,0x0B,0x01,,,,"Speed feedback = 2875 rpm"
236603,TX,0x201,3,0x90,0x90,0x59,0x03,,,,,"Set torque = 857"
236629,TX,0x201,3,0x90,0x90,0x50,0x01,,,,,"Set torque = 336"
236635,RX,0x181,6,0x40,0x40,0x11,0x41,0x80,0x02,0x0B,,"Status word = 0x4111"
236642,RX,0x181,4,0x30,0x30,0x1A,0x0D,0x01,,,,"Speed feedback = 3354 rpm"
236655,TX,0x201,3,0x90,0x90,0xA1,0x02,,,,,"Set torque = 673"
236681,TX,0x201,3,0x90,0x90,0x96,0x03,,,,,"Set torque = 918"
236707,TX,0x201,3,0x90,0x90,0x45,0x02,,,,,"Set torque = 581"
236729,RX,0x181,6,0x40,0x40,0x11,0x41,0x80,0x02,0x0B,,"Status word = 0x4111"
236736,TX,0x201,3,0x90,0x90,0xDE,0x02,,,,,"Set torque = 734"
236743,RX,0x181,4,0x30,0x30,0x0A,0x0E,0x01,,,,"Speed feedback = 3594 rpm"
236763,TX,0x201,3,0x90,0x90,0xFD,0x02,,,,,"Set torque = 765"
236789,TX,0x201,3,0x90,0x90,0x83,0x02,,,,,"Set torque = 643"
236815,TX,0x201,3,0x90,0x90,0x13,0x01,,,,,"Set torque = 275"
236829,RX,0x181,6,0x40,0x40,0x11,0x41,0x80,0x02,0x0B,,"Status word = 0x4111"
236836,RX,0x181,4,0x30,0x30,0xFA,0x0E,0x01,,,,"Speed feedback = 3834 rpm"
236843,TX,0x201,3,0x90,0x90,0x50,0x01,,,,,"Set torque = 336"
236870,TX,0x201,3,0x90,0x90,0x08,0x02,,,,,"Set torque = 520"
236896,TX,0x201,3,0x90,0x90,0xD6,0x00,,,,,"Set torque = 214"
236922,TX,0x201,3,0x90,0x90,0x1C,0x03,,,,,"Set torque = 796"
236929,RX,0x181,6,0x40,0x40,0x11,0x41,0x80,0x02,0x0B,,"Status word = 0x4111"
236936,RX,0x181,4,0x30,0x30,0x32,0x0E,0x01,,,,"Speed feedback = 3634 rpm"
236948,TX,0x201,3,0x90,0x90,0x64,0x02,,,,,"Set torque = 612"
237049,RX,0x181,6,0x40,0x40,0x11,0x41,0x80,0x02,0x0B,,"Status word = 0x4111"
237055,RX,0x181,4,0x30,0x30,0x32,0x0E,0x01,,,,"Speed feedback = 3634 rpm"
237069,TX,0x201,3,0x90,0x90,0x1C,0x03,,,,,"Set torque = 796"
237096,TX,0x201,3,0x90,0x90,0x83,0x02,,,,,"Set torque = 643"
237122,TX,0x201,3,0x90,0x90,0xDE,0x02,,,,,"Set torque = 734"
237129,RX,0x181,6,0x40,0x40,0x11,0x41,0x80,0x02,0x0B,,"Status word = 0x4111"
237136,RX,0x181,4,0x30,0x30,0x5A,0x0E,0x01,,,,"Speed feedback = 3674 rpm"
237148,TX,0x201,3,0x90,0x90,0x3A,0x03,,,,,"Set torque = 826"
237174,TX,0x201,3,0x90,0x90,0x08,0x02,,,,,"Set torque = 520"
237200,TX,0x201,3,0x90,0x90,0xE9,0x01,,,,,"Set torque = 489"
237226,TX,0x201,3,0x90,0x90,0xC0,0x02,,,,,"Set torque = 704"
237232,RX,0x181,6,0x40,0x40,0x11,0x41,0x80,0x02,0x0B,,"Status word = 0x4111"
237239,RX,0x181,4,0x30,0x30,0xC1,0x0F,0x01,,,,"Speed feedback = 4033 rpm"
237252,TX,0x201,3,0x90,0x90,0xCB,0x01,,,,,"Set torque = 459"
237278,TX,0x201,3,0x90,0x90,0xAC,0x01,,,,,"Set torque = 428"
237304,TX,0x201,3,0x90,0x90,0xD3,0x03,,,,,"Set torque = 979"
237328,RX,0x181,6,0x40,0x40,0x11,0x41,0x80,0x02,0x0B,,"Status word = 0x4111"
237335,TX,0x201,3,0x90,0x90,0xE9,0x01,,,,,"Set torque = 489"
237342,RX,0x181,4,0x30,0x30,0xC1,0x0F,0x01,,,,"Speed feedback = 4033 rpm"
237362,TX,0x201,3,0x90,0x90,0x08,0x02,,,,,"Set torque = 520"
237388,TX,0x201,3,0x90,0x90,0xA1,0x02,,,,,"Set torque = 673"
237418,TX,0x201,3,0x90,0x90,0x83,0x02,,,,,"Set torque = 643"
237428,RX,0x181,6,0x40,0x40,0x11,0x41,0x80,0x02,0x0B,,"Status word = 0x4111"
237569,RX,0x181,6,0x40,0x40,0x11,0x41,0x80,0x02,0x0B,,"Status word = 0x4111"
237575,RX,0x181,4,0x30,0x30,0x71,0x0F,0x01,,,,"Speed feedback = 3953 rpm"
237582,RX,0x181,4,0x30,0x30,0x71,0x0F,0x01,,,,"Speed feedback = 3953 rpm"
237589,TX,0x201,3,0x90,0x90,0x27,0x02,,,,,"Set torque = 551"
237616,TX,0x201,3,0x90,0x90,0x27,0x02,,,,,"Set torque = 551"
237628,RX,0x181,6,0x40,0x40,0x11,0x41,0x80,0x02,0x0B,,"Status word = 0x4111"
237635,RX,0x181,4,0x30,0x30,0x99,0x0F,0x01,,,,"Speed feedback = 3993 rpm"
237642,TX,0x201,3,0x90,0x90,0xCB,0x01,,,,,"Set torque = 459"
237668,TX,0x201,3,0x90,0x90,0xFD,0x02,,,,,"Set torque = 765"
237694,TX,0x201,3,0x90,0x90,0x00,0x00,,,,,"Set torque = 0"
237720,TX,0x201,3,0x90,0x90,0x27,0x02,,,,,"Set torque = 551"
237728,RX,0x181,6,0x40,0x40,0x11,0x41,0x80,0x02,0x0B,,"Status word = 0x4111"
237735,RX,0x181,4,0x30,0x30,0xE9,0x0F,0x01,,,,"Speed feedback = 4073 rpm"
237746,TX,0x201,3,0x90,0x90,0xA1,0x02,,,,,"Set torque = 673"
237772,TX,0x201,3,0x90,0x90,0x8E,0x01,,,,,"Set torque = 398"
237799,TX,0x201,3,0x90,0x90,0xCB,0x01,,,,,"Set torque = 459"
237825,TX,0x201,3,0x90,0x90,0x50,0x01,,,,,"Set torque = 336"
237831,RX,0x181,6,0x40,0x40,0x11,0x41,0x80,0x02,0x0B,,"Status word = 0x4111"
237838,RX,0x181,4,0x30,0x30,0xE9,0x0F,0x01,,,,"Speed feedback = 4073 rpm"
237851,TX,0x201,3,0x90,0x90,0x45,0x02,,,,,"Set torque = 581"
237877,TX,0x201,3,0x90,0x90,0x00,0x00,,,,,"Set torque = 0"
237903,TX,0x201,3,0x90,0x90,0x3A,0x03,,,,,"Set torque = 826"
237927,RX,0x181,6,0x40,0x40,0x11,0x41,0x80,0x02,0x0B,,"Status word = 0x4111"
237934,TX,0x201,3,0x90,0x90,0xCB,0x01,,,,,"Set torque = 459"
237993,RX,0x181,4,0x30,0x30,0xC1,0x0F,0x01,,,,"Speed feedback = 4033 rpm"
238013,TX,0x201,3,0x90,0x90,0x27,0x02,,,,,"Set torque = 551"
238027,RX,0x181,6,0x40,0x40,0x11,0x41,0x80,0x02,0x0B,,"Status word = 0x4111"
238034,RX,0x181,4,0x30,0x30,0x21,0x0F,0x01,,,,"Speed feedback = 3873 rpm"
238041,TX,0x201,3,0x90,0x90,0x64,0x02,,,,,"Set torque = 612"
238068,TX,0x201,3,0x90,0x90,0xDE,0x02,,,,,"Set torque = 734"
238094,TX,0x201,3,0x90,0x90,0xC0,0x02,,,,,"Set torque = 704"
238120,TX,0x201,3,0x90,0x90,0x99,0x00,,,,,"Set torque = 153"
238127,RX,0x181,6,0x40,0x40,0x11,0x41,0x80,0x02,0x0B,,"Status word = 0x4111"
238134,RX,0x181,4,0x30,0x30,0xFA,0x0E,0x01,,,,"Speed feedback = 3834 rpm"
238146,TX,0x201,3,0x90,0x90,0xE9,0x01,,,,,"Set torque = 489"
238172,TX,0x201,3,0x90,0x90,0x08,0x02,,,,,"Set torque = 520"
238198,TX,0x201,3,0x90,0x90,0x27,0x02,,,,,"Set torque = 551"
238224,TX,0x201,3,0x90,0x90,0x00,0x00,,,,,"Set torque = 0"
238230,RX,0x181,6,0x40,0x40,0x11,0x41,0x80,0x02,0x0B,,"Status word = 0x4111"
238237,RX,0x181,4,0x30,0x30,0x71,0x0F,0x01,,,,"Speed feedback = 3953 rpm"
238250,TX,0x201,3,0x90,0x90,0x50,0x01,,,,,"Set torque = 336"
238276,TX,0x201,3,0x90,0x90,0x8E,0x01,,,,,"Set torque = 398"
238303,TX,0x201,3,0x90,0x90,0x96,0x03,,,,,"Set torque = 918"
238327,RX,0x181,6,0x40,0x40,0x11,0x41,0x80,0x02,0x0B,,"Status word = 0x4111"
238334,TX,0x201,3,0x90,0x90,0x78,0x03,,,,,"Set torque = 888"
238340,RX,0x181,4,0x30,0x30,0xFA,0x0E,0x01,,,,"Speed feedback = 3834 rpm"
238360,TX,0x201,3,0x90,0x90,0x27,0x02,,,,,"Set torque = 551"
238386,TX,0x201,3,0x90,0x90,0x45,0x02,,,,,"Set torque = 581"
238476,RX,0x181,6,0x40,0x40,0x11,0x41,0x80,0x02,0x0B,,"Status word = 0x4111"
238482,RX,0x181,4,0x30,0x30,0x71,0x0F,0x01,,,,"Speed feedback = 3953 rpm"
238496,TX,0x201,3,0x90,0x90,0x08,0x02,,,,,"Set torque = 520"
238523,TX,0x201,3,0x90,0x90,0x27,0x02,,,,,"Set torque = 551"
238529,RX,0x181,6,0x40,0x40,0x11,0x41,0x80,0x02,0x0B,,"Status word = 0x4111"
238536,RX,0x181,4,0x30,0x30,0x11,0x10,0x01,,,,"Speed feedback = 4113 rpm"
238549,TX,0x201,3,0x90,0x90,0x8E,0x01,,,,,"Set torque = 398"
238575,TX,0x201,3,0x90,0x90,0xAC,0x01,,,,,"Set torque = 428"
238601,TX,0x201,3,0x90,0x90,0x8E,0x01,,,,,"Set torque = 398"
238626,RX,0x181,6,0x40,0x40,0x11,0x41,0x80,0x02,0x0B,,"Status word = 0x4111"
238633,TX,0x201,3,0x90,0x90,0xCB,0x01,,,,,"Set torque = 459"
238640,RX,0x181,4,0x30,0x30,0x21,0x0F,0x01,,,,"Speed feedback = 3873 rpm"
238660,TX,0x201,3,0x90,0x90,0x45,0x02,,,,,"Set torque = 581"
238686,TX,0x201,3,0x90,0x90,0xDE,0x02,,,,,"Set torque = 734"
238712,TX,0x201,3,0x90,0x90,0x5B,0x00,,,,,"Set torque = 91"
238726,RX,0x181,6,0x40,0x40,0x11,0x41,0x80,0x02,0x0B,,"Status word = 0x4111"
238733,RX,0x181,4,0x30,0x30,0xFA,0x0E,0x01,,,,"Speed feedback = 3834 rpm"
238740,TX,0x201,3,0x90,0x90,0x8E,0x01,,,,,"Set torque = 398"
238767,TX,0x201,3,0x90,0x90,0x32,0x01,,,,,"Set torque = 306"
238793,TX,0x201,3,0x90,0x90,0x32,0x01,,,,,"Set torque = 306"
238819,TX,0x201,3,0x90,0x90,0xDE,0x02,,,,,"Set torque = 734"
238826,RX,0x181,6,0x40,0x40,0x11,0x41,0x80,0x02,0x0B,,"Status word = 0x4111"
238833,RX,0x181,4,0x30,0x30,0x0A,0x0E,0x01,,,,"Speed feedback = 3594 rpm"
238846,TX,0x201,3,0x90,0x90,0xAC,0x01,,,,,"Set torque = 428"
238936,RX,0x181,6,0x40,0x40,0x11,0x41,0x80,0x02,0x0B,,"Status word = 0x4111"
238943,RX,0x181,4,0x30,0x30,0xBA,0x0D,0x01,,,,"Speed feedback = 3514 rpm"
238956,TX,0x201,3,0x90,0x90,0x50,0x01,,,,,"Set torque = 336"
238982,TX,0x201,3,0x90,0x90,0x8E,0x01,,,,,"Set torque = 398"
239008,TX,0x201,3,0x90,0x90,0x00,0x00,,,,,"Set torque = 0"
239026,RX,0x181,6,0x40,0x40,0x11,0x41,0x80,0x02,0x0B,,"Status word = 0x4111"
239033,RX,0x181,4,0x30,0x30,0x1A,0x0D,0x01,,,,"Speed feedback = 3354 rpm"
239040,TX,0x201,3,0x90,0x90,0x45,0x02,,,,,"Set torque = 581"
239066,TX,0x201,3,0x90,0x90,0x1C,0x03,,,,,"Set torque = 796"
239092,TX,0x201,3,0x90,0x90,0xF4,0x00,,,,,"Set torque = 244"
239118,TX,0x201,3,0x90,0x90,0xDE,0x02,,,,,"Set torque = 734"
239125,RX,0x181,6,0x40,0x40,0x11,0x41,0x80,0x02,0x0B,,"Status word = 0x4111"
239132,RX,0x181,4,0x30,0x30,0xF2,0x0C,0x01,,,,"Speed feedback = 3314 rpm"
239144,TX,0x201,3,0x90,0x90,0x5B,0x00,,,,,"Set torque = 91"
239170,TX,0x201,3,0x90,0x90,0xA1,0x02,,,,,"Set torque = 673"
239197,TX,0x201,3,0x90,0x90,0xDE,0x02,,,,,"Set torque = 734"
239223,TX,0x201,3,0x90,0x90,0x08,0x02,,,,,"Set torque = 520"
239229,RX,0x181,6,0x40,0x40,0x11,0x41,0x80,0x02,0x0B,,"Status word = 0x4111"
239236,RX,0x181,4,0x30,0x30,0x0A,0x0E,0x01,,,,"Speed feedback = 3594 rpm"
239249,TX,0x201,3,0x90,0x90,0x50,0x01,,,,,"Set torque = 336"
239275,TX,0x201,3,0x90,0x90,0x8E,0x01,,,,,"Set torque = 398"
239301,TX,0x201,3,0x90,0x90,0xC0,0x02,,,,,"Set torque = 704"
239325,RX,0x181,6,0x40,0x40,0x11,0x41,0x80,0x02,0x0B,,"Status word = 0x4111"
239332,TX,0x201,3,0x90,0x90,0x64,0x02,,,,,"Set torque = 612"
239417,RX,0x181,4,0x30,0x30,0x0A,0x0E,0x01,,,,"Speed feedback = 3594 rpm"
239425,RX,0x181,6,0x40,0x40,0x11,0x41,0x80,0x02,0x0B,,"Status word = 0x4111"
239432,RX,0x181,4,0x30,0x30,0x0A,0x0E,0x01,,,,"Speed feedback = 3594 rpm"
239439,TX,0x201,3,0x90,0x90,0xD3,0x03,,,,,"Set torque = 979"
239466,TX,0x201,3,0x90,0x90,0x50,0x01,,,,,"Set torque = 336"
239492,TX,0x201,3,0x90,0x90,0x45,0x02,,,,,"Set torque = 581"
239518,TX,0x201,3,0x90,0x90,0xE9,0x01,,,,,"Set torque = 489"
239525,RX,0x181,6,0x40,0x40,0x11,0x41,0x80,0x02,0x0B,,"Status word = 0x4111"
239532,RX,0x181,4,0x30,0x30,0xD2,0x0E,0x01,,,,"Speed feedback = 3794 rpm"
239544,TX,0x201,3,0x90,0x90,0xB7,0x00,,,,,"Set torque = 183"
239570,TX,0x201,3,0x90,0x90,0xAC,0x01,,,,,"Set torque = 428"
239596,TX,0x201,3,0x90,0x90,0x50,0x01,,,,,"Set torque = 336"
239622,TX,0x201,3,0x90,0x90,0xC0,0x02,,,,,"Set torque = 704"
239628,RX,0x181,6,0x40,0x40,0x11,0x41,0x80,0x02,0x0B,,"Status word = 0x4111"
239635,RX,0x181,4,0x30,0x30,0x0A,0x0E,0x01,,,,"Speed feedback = 3594 rpm"
239648,TX,0x201,3,0x90,0x90,0xCB,0x01,,,,,"Set torque = 459"
239674,TX,0x201,3,0x90,0x90,0x83,0x02,,,,,"Set torque = 643"
239700,TX,0x201,3,0x90,0x90,0xCB,0x01,,,,,"Set torque = 459"
239725,RX,0x181,6,0x40,0x40,0x11,0x41,0x80,0x02,0x0B,,"Status word = 0x4111"
239731,TX,0x201,3,0x90,0x90,0xCB,0x01,,,,,"Set torque = 459"
239738,RX,0x181,4,0x30,0x30,0x0A,0x0E,0x01,,,,"Speed feedback = 3594 rpm"
239758,TX,0x201,3,0x90,0x90,0x08,0x02,,,,,"Set torque = 520"
239784,TX,0x201,3,0x90,0x90,0x08,0x02,,,,,"Set torque = 520"
239810,TX,0x201,3,0x90,0x90,0xAC,0x01,,,,,"Set torque = 428"
239893,RX,0x181,6,0x40,0x40,0x11,0x41,0x80,0x02,0x0B,,"Status word = 0x4111"
239900,RX,0x181,4,0x30,0x30,0x42,0x0D,0x01,,,,"Speed feedback = 3394 rpm"
239913,TX,0x201,3,0x90,0x90,0x32,0x01,,,,,"Set torque = 306"
239924,RX,0x181,6,0x40,0x40,0x11,0x41,0x80,0x02,0x0B,,"Status word = 0x4111"
239931,RX,0x181,4,0x30,0x30,0xCA,0x0C,0x01,,,,"Speed feedback = 3274 rpm"
239940,TX,0x201,3,0x90,0x90,0xAC,0x01,,,,,"Set torque = 428"
239966,TX,0x201,3,0x90,0x90,0xD6,0x00,,,,,"Set torque = 214"
239992,TX,0x201,3,0x90,0x90,0x50,0x01,,,,,"Set torque = 336"
240018,TX,0x201,3,0x90,0x90,0x27,0x02,,,,,"Set torque = 551"
240024,RX,0x181,6,0x40,0x40,0x11,0x41,0x80,0x02,0x0B,,"Status word = 0x4111"
240031,RX,0x181,4,0x30,0x30,0x2B,0x0C,0x01,,,,"Speed feedback = 3115 rpm"
240044,TX,0x201,3,0x90,0x90,0x32,0x01,,,,,"Set torque = 306"
240071,TX,0x201,3,0x90,0x90,0x59,0x03,,,,,"Set torque = 857"
240097,TX,0x201,3,0x90,0x90,0x27,0x02,,,,,"Set torque = 551"
240123,TX,0x201,3,0x90,0x90,0x32,0x01,,,,,"Set torque = 306"
240129,RX,0x181,6,0x40,0x40,0x11,0x41,0x80,0x02,0x0B,,"Status word = 0x4111"
240136,RX,0x181,4,0x30,0x30,0x53,0x0C,0x01,,,,"Speed feedback = 3155 rpm"
240149,TX,0x201,3,0x90,0x90,0xA1,0x02,,,,,"Set torque = 673"
240175,TX,0x201,3,0x90,0x90,0xD6,0x00,,,,,"Set torque = 214"
240201,TX,0x201,3,0x90,0x90,0x11,0x04,,,,,"Set torque = 1041"
240224,RX,0x181,6,0x40,0x40,0x11,0x41,0x80,0x02,0x0B,,"Status word = 0x4111"
240231,RX,0x181,4,0x30,0x30,0x63,0x0B,0x01,,,,"Speed feedback = 2915 rpm"
240238,TX,0x201,3,0x90,0x90,0xE9,0x01,,,,,"Set torque = 489"
240264,TX,0x201,3,0x90,0x90,0x64,0x02,,,,,"Set torque = 612"
240349,RX,0x181,6,0x40,0x40,0x11,0x41,0x80,0x02,0x0B,,"Status word = 0x4111"
240356,RX,0x181,4,0x30,0x30,0x53,0x0C,0x01,,,,"Speed feedback = 3155 rpm"
240369,TX,0x201,3,0x90,0x90,0x32,0x01,,,,,"Set torque = 306"
240395,TX,0x201,3,0x90,0x90,0x78,0x03,,,,,"Set torque = 888"
240421,TX,0x201,3,0x90,0x90,0xCB,0x01,,,,,"Set torque = 459"
240427,RX,0x181,6,0x40,0x40,0x11,0x41,0x80,0x02,0x0B,,"Status word = 0x4111"
240434,RX,0x181,4,0x30,0x30,0x7B,0x0C,0x01,,,,"Speed feedback = 3195 rpm"
240447,TX,0x201,3,0x90,0x90,0xE9,0x01,,,,,"Set torque = 489"
240473,TX,0x201,3,0x90,0x90,0xE9,0x01,,,,,"Set torque = 489"
240499,TX,0x201,3,0x90,0x90,0xFD,0x02,,,,,"Set torque = 765"
240523,RX,0x181,6,0x40,0x40,0x11,0x41,0x80,0x02,0x0B,,"Status word = 0x4111"
240530,TX,0x201,3,0x90,0x90,0xCB,0x01,,,,,"Set torque = 459"
240537,RX,0x181,4,0x30,0x30,0x2B,0x0C,0x01,,,,"Speed feedback = 3115 rpm"
240557,TX,0x201,3,0x90,0x90,0x64,0x02,,,,,"Set torque = 612"
240583,TX,0x201,3,0x90,0x90,0x00,0x00,,,,,"Set torque = 0"
240610,TX,0x201,3,0x90,0x90,0x08,0x02,,,,,"Set torque = 520"
240623,RX,0x181,6,0x40,0x40,0x11,0x41,0x80,0x02,0x0B,,"Status word = 0x4111"
240630,RX,0x181,4,0x30,0x30,0xA2,0x0C,0x01,,,,"Speed feedback = 3234 rpm"
240637,TX,0x201,3,0x90,0x90,0x1C,0x03,,,,,"Set torque = 796"
240664,TX,0x201,3,0x90,0x90,0x27,0x02,,,,,"Set torque = 551"
240690,TX,0x201,3,0x90,0x90,0xAC,0x01,,,,,"Set torque = 428"
240716,TX,0x201,3,0x90,0x90,0x83,0x02,,,,,"Set torque = 643"
240723,RX,0x181,6,0x40,0x40,0x11,0x41,0x80,0x02,0x0B,,"Status word = 0x4111"
240730,RX,0x181,4,0x30,0x30,0x42,0x0D,0x01,,,,"Speed feedback = 3394 rpm"
240817,TX,0x201,3,0x90,0x90,0x64,0x02,,,,,"Set torque = 612"
240823,RX,0x181,6,0x40,0x40,0x11,0x41,0x80,0x02,0x0B,,"Status word = 0x4111"
240830,RX,0x181,4,0x30,0x30,0xCA,0x0C,0x01,,,,"Speed feedback = 3274 rpm"
240843,TX,0x201,3,0x90,0x90,0xFD,0x02,,,,,"Set torque = 765"
240869,TX,0x201,3,0x90,0x90,0x83,0x02,,,,,"Set torque = 643"
240895,TX,0x201,3,0x90,0x90,0xB7,0x00,,,,,"Set torque = 183"
240921,TX,0x201,3,0x90,0x90,0x99,0x00,,,,,"Set torque = 153"
240927,RX,0x181,6,0x40,0x40,0x11,0x41,0x80,0x02,0x0B,,"Status word = 0x4111"
240934,RX,0x181,4,0x30,0x30,0x6A,0x0D,0x01,,,,"Speed feedback = 3434 rpm"
240947,TX,0x201,3,0x90,0x90,0xAC,0x01,,,,,"Set torque = 428"
240973,TX,0x201,3,0x90,0x90,0x83,0x02,,,,,"Set torque = 643"
240999,TX,0x201,3,0x90,0x90,0x6F,0x01,,,,,"Set torque = 367"
241022,RX,0x181,6,0x40,0x40,0x11,0x41,0x80,0x02,0x0B,,"Status word = 0x4111"
241029,TX,0x201,3,0x90,0x90,0xD6,0x00,,,,,"Set torque = 214"
241036,RX,0x181,4,0x30,0x30,0x6A,0x0D,0x01,,,,"Speed feedback = 3434 rpm"
241056,TX,0x201,3,0x90,0x90,0x08,0x02,,,,,"Set torque = 520"
241082,TX,0x201,3,0x90,0x90,0x50,0x01,,,,,"Set torque = 336"
241109,TX,0x201,3,0x90,0x90,0xC0,0x02,,,,,"Set torque = 704"
241122,RX,0x181,6,0x40,0x40,0x11,0x41,0x80,0x02,0x0B,,"Status word = 0x4111"
241129,RX,0x181,4,0x30,0x30,0x1A,0x0D,0x01,,,,"Speed feedback = 3354 rpm"
241136,TX,0x201,3,0x90,0x90,0x50,0x01,,,,,"Set torque = 336"
241163,TX,0x201,3,0x90,0x90,0x78,0x03,,,,,"Set torque = 888"
241189,TX,0x201,3,0x90,0x90,0xAC,0x01,,,,,"Set torque = 428"
241276,RX,0x181,6,0x40,0x40,0x11,0x41,0x80,0x02,0x0B,,"Status word = 0x4111"
241283,RX,0x181,4,0x30,0x30,0xCA,0x0C,0x01,,,,"Speed feedback = 3274 rpm"
241296,TX,0x201,3,0x90,0x90,0x1C,0x03,,,,,"Set torque = 796"
241322,RX,0x181,6,0x40,0x40,0x11,0x41,0x80,0x02,0x0B,,"Status word = 0x4111"
241329,TX,0x201,3,0x90,0x90,0xC0,0x02,,,,,"Set torque = 704"
241336,RX,0x181,4,0x30,0x30,0x03,0x0C,0x01,,,,"Speed feedback = 3075 rpm"
241356,TX,0x201,3,0x90,0x90,0x08,0x02,,,,,"Set torque = 520"
241382,TX,0x201,3,0x90,0x90,0x83,0x02,,,,,"Set torque = 643"
241408,TX,0x201,3,0x90,0x90,0xDE,0x02,,,,,"Set torque = 734"
241422,RX,0x181,6,0x40,0x40,0x11,0x41,0x80,0x02,0x0B,,"Status word = 0x4111"
241429,RX,0x181,4,0x30,0x30,0xA2,0x0C,0x01,,,,"Speed feedback = 3234 rpm"
241436,TX,0x201,3,0x90,0x90,0xF4,0x00,,,,,"Set torque = 244"
241463,TX,0x201,3,0x90,0x90,0x50,0x01,,,,,"Set torque = 336"
241489,TX,0x201,3,0x90,0x90,0xDE,0x02,,,,,"Set torque = 734"
241515,TX,0x201,3,0x90,0x90,0x1C,0x03,,,,,"Set torque = 796"
241522,RX,0x181,6,0x40,0x40,0x11,0x41,0x80,0x02,0x0B,,"Status word = 0x4111"
241529,RX,0x181,4,0x30,0x30,0xBA,0x0D,0x01,,,,"Speed feedback = 3514 rpm"
241541,TX,0x201,3,0x90,0x90,0x78,0x03,,,,,"Set torque = 888"
241567,TX,0x201,3,0x90,0x90,0x27,0x02,,,,,"Set torque = 551"
241593,TX,0x201,3,0x90,0x90,0xE9,0x01,,,,,"Set torque = 489"
241619,TX,0x201,3,0x90,0x90,0x00,0x00,,,,,"Set torque = 0"
241626,RX,0x181,6,0x40,0x40,0x11,0x41,0x80,0x02,0x0B,,"Status word = 0x4111"
241632,RX,0x181,4,0x30,0x30,0x5A,0x0E,0x01,,,,"Speed feedback = 3674 rpm"
241646,TX,0x201,3,0x90,0x90,0xA1,0x02,,,,,"Set torque = 673"
241730,RX,0x181,6,0x40,0x40,0x11,0x41,0x80,0x02,0x0B,,"Status word = 0x4111"
241737,RX,0x181,4,0x30,0x30,0xAA,0x0E,0x01,,,,"Speed feedback = 3754 rpm"
241750,TX,0x201,3,0x90,0x90,0xD6,0x00,,,,,"Set torque = 214"
241776,TX,0x201,3,0x90,0x90,0x64,0x02,,,,,"Set torque = 612"
241802,TX,0x201,3,0x90,0x90,0xCB,0x01,,,,,"Set torque = 459"
241821,RX,0x181,6,0x40,0x40,0x11,0x41,0x80,0x02,0x0B,,"Status word = 0x4111"
241828,RX,0x181,4,0x30,0x30,0x82,0x0E,0x01,,,,"Speed feedback = 3714 rpm"
241835,TX,0x201,3,0x90,0x90,0x2F,0x04,,,,,"Set torque = 1071"
241862,TX,0x201,3,0x90,0x90,0xB7,0x00,,,,,"Set torque = 183"
241888,TX,0x201,3,0x90,0x90,0xDE,0x02,,,,,"Set torque = 734"
241914,TX,0x201,3,0x90,0x90,0xA1,0x02,,,,,"Set torque = 673"
241921,RX,0x181,6,0x40,0x40,0x11,0x41,0x80,0x02,0x0B,,"Status word = 0x4111"
241928,RX,0x181,4,0x30,0x30,0xFA,0x0E,0x01,,,,"Speed feedback = 3834 rpm"
241940,TX,0x201,3,0x90,0x90,0xC0,0x02,,,,,"Set torque = 704"
241966,TX,0x201,3,0x90,0x90,0x11,0x04,,,,,"Set torque = 1041"
241993,TX,0x201,3,0x90,0x90,0x6F,0x01,,,,,"Set torque = 367"
242019,TX,0x201,3,0x90,0x90,0xB7,0x00,,,,,"Set torque = 183"
242025,RX,0x181,6,0x40,0x40,0x11,0x41,0x80,0x02,0x0B,,"Status word = 0x4111"
242032,RX,0x181,4,0x30,0x30,0x21,0x0F,0x01,,,,"Speed feedback = 3873 rpm"
242045,TX,0x201,3,0x90,0x90,0x50,0x01,,,,,"Set torque = 336"
242071,TX,0x201,3,0x90,0x90,0xF4,0x00,,,,,"Set torque = 244"
242097,TX,0x201,3,0x90,0x90,0x8E,0x01,,,,,"Set torque = 398"
242121,RX,0x181,6,0x40,0x40,0x11,0x41,0x80,0x02,0x0B,,"Status word = 0x4111"
242127,TX,0x201,3,0x90,0x90,0x7A,0x00,,,,,"Set torque = 122"
242207,RX,0x181,4,0x30,0x30,0x49,0x0F,0x01,,,,"Speed feedback = 3913 rpm"
242221,RX,0x181,6,0x40,0x40,0x11,0x41,0x80,0x02,0x0B,,"Status word = 0x4111"
242227,TX,0x201,3,0x90,0x90,0xCB,0x01,,,,,"Set torque = 459"
242234,RX,0x181,4,0x30,0x30,0x42,0x0D,0x01,,,,"Speed feedback = 3394 rpm"
242254,TX,0x201,3,0x90,0x90,0xCB,0x01,,,,,"Set torque = 459"
242280,TX,0x201,3,0x90,0x90,0x64,0x02,,,,,"Set torque = 612"
242306,TX,0x201,3,0x90,0x90,0xAC,0x01,,,,,"Set torque = 428"
242320,RX,0x181,6,0x40,0x40,0x11,0x41,0x80,0x02,0x0B,,"Status word = 0x4111"
242328,RX,0x181,4,0x30,0x30,0x53,0x0C,0x01,,,,"Speed feedback = 3155 rpm"
242334,TX,0x201,3,0x90,0x90,0x27,0x02,,,,,"Set torque = 551"
242361,TX,0x201,3,0x90,0x90,0xD3,0x03,,,,,"Set torque = 979"
242387,TX,0x201,3,0x90,0x90,0x7A,0x00,,,,,"Set torque = 122"
242413,TX,0x201,3,0x90,0x90,0x1C,0x03,,,,,"Set torque = 796"
242420,RX,0x181,6,0x40,0x40,0x11,0x41,0x80,0x02,0x0B,,"Status word = 0x4111"
242427,RX,0x181,4,0x30,0x30,0xCA,0x0C,0x01,,,,"Speed feedback = 3274 rpm"
242439,TX,0x201,3,0x90,0x90,0x64,0x02,,,,,"Set torque = 612"
242465,TX,0x201,3,0x90,0x90,0x6F,0x01,,,,,"Set torque = 367"
242492,TX,0x201,3,0x90,0x90,0xDE,0x02,,,,,"Set torque = 734"
242518,TX,0x201,3,0x90,0x90,0x08,0x02,,,,,"Set torque = 520"
242524,RX,0x181,6,0x40,0x40,0x11,0x41,0x80,0x02,0x0B,,"Status word = 0x4111"
242531,RX,0x181,4,0x30,0x30,0xE2,0x0D,0x01,,,,"Speed feedback = 3554 rpm"
242544,TX,0x201,3,0x90,0x90,0x7A,0x00,,,,,"Set torque = 122"
242570,TX,0x201,3,0x90,0x90,0xD6,0x00,,,,,"Set torque = 214"
242651,RX,0x181,6,0x40,0x40,0x11,0x41,0x80,0x02,0x0B,,"Status word = 0x4111"
242658,RX,0x181,4,0x30,0x30,0xA2,0x0C,0x01,,,,"Speed feedback = 3234 rpm"
242671,TX,0x201,3,0x90,0x90,0x27,0x02,,,,,"Set torque = 551"
242698,TX,0x201,3,0x90,0x90,0xAC,0x01,,,,,"Set torque = 428"
242720,RX,0x181,6,0x40,0x40,0x11,0x41,0x80,0x02,0x0B,,"Status word = 0x4111"
242727,TX,0x201,3,0x90,0x90,0xDE,0x02,,,,,"Set torque = 734"
242733,RX,0x181,4,0x30,0x30,0x2B,0x0C,0x01,,,,"Speed feedback = 3115 rpm"
242753,TX,0x201,3,0x90,0x90,0x78,0x03,,,,,"Set torque = 888"
242779,TX,0x201,3,0x90,0x90,0x83,0x02,,,,,"Set torque = 643"
242805,TX,0x201,3,0x90,0x90,0x3A,0x03,,,,,"Set torque = 826"
242820,RX,0x181,6,0x40,0x40,0x11,0x41,0x80,0x02,0x0B,,"Status word = 0x4111"
242827,RX,0x181,4,0x30,0x30,0x53,0x0C,0x01,,,,"Speed feedback = 3155 rpm"
242834,TX,0x201,3,0x90,0x90,0x6D,0x04,,,,,"Set torque = 1133"
242860,TX,0x201,3,0x90,0x90,0xF2,0x03,,,,,"Set torque = 1010"
242886,TX,0x201,3,0x90,0x90,0x3A,0x03,,,,,"Set torque = 826"
242912,TX,0x201,3,0x90,0x90,0xB0,0x09,,,,,"Set torque = 2480"
242919,RX,0x181,6,0x40,0x40,0x11,0x41,0x80,0x02,0x0B,,"Status word = 0x4111"
242926,RX,0x181,4,0x30,0x30,0xFA,0x0E,0x01,,,,"Speed feedback = 3834 rpm"
242938,TX,0x201,3,0x90,0x90,0xC8,0x04,,,,,"Set torque = 1224"
242964,TX,0x201,3,0x90,0x90,0x75,0x06,,,,,"Set torque = 1653"
242990,TX,0x201,3,0x90,0x90,0x62,0x05,,,,,"Set torque = 1378"
243017,TX,0x201,3,0x90,0x90,0x6D,0x04,,,,,"Set torque = 1133"
243023,RX,0x181,6,0x40,0x40,0x11,0x41,0x80,0x02,0x0B,,"Status word = 0x4111"
243030,RX,0x181,4,0x30,0x30,0xC8,0x11,0x01,,,,"Speed feedback = 4552 rpm"
243114,TX,0x201,3,0x90,0x90,0x11,0x04,,,,,"Set torque = 1041"
243120,RX,0x181,6,0x40,0x40,0x11,0x41,0x80,0x02,0x0B,,"Status word = 0x4111"
243127,RX,0x181,4,0x30,0x30,0xF8,0x13,0x01,,,,"Speed feedback = 5112 rpm"
243140,TX,0x201,3,0x90,0x90,0x19,0x06,,,,,"Set torque = 1561"
243166,TX,0x201,3,0x90,0x90,0xA1,0x02,,,,,"Set torque = 673"
243192,TX,0x201,3,0x90,0x90,0xE5,0x07,,,,,"Set torque = 2021"
243219,TX,0x201,3,0x90,0x90,0x6D,0x04,,,,,"Set torque = 1133"
243225,RX,0x181,6,0x40,0x40,0x11,0x41,0x80,0x02,0x0B,,"Status word = 0x4111"
243232,RX,0x181,4,0x30,0x30,0x27,0x16,0x01,,,,"Speed feedback = 5671 rpm"
243245,TX,0x201,3,0x90,0x90,0x1C,0x03,,,,,"Set torque = 796"
243271,TX,0x201,3,0x90,0x90,0x78,0x03,,,,,"Set torque = 888"
243297,TX,0x201,3,0x90,0x90,0xB5,0x03,,,,,"Set torque = 949"
243319,RX,0x181,6,0x40,0x40,0x11,0x41,0x80,0x02,0x0B,,"Status word = 0x4111"
243326,TX,0x201,3,0x90,0x90,0xA1,0x02,,,,,"Set torque = 673"
243332,RX,0x181,4,0x30,0x30,0xDE,0x17,0x01,,,,"Speed feedback = 6110 rpm"
243352,TX,0x201,3,0x90,0x90,0xDE,0x02,,,,,"Set torque = 734"
243378,TX,0x201,3,0x90,0x90,0xB5,0x03,,,,,"Set torque = 949"
243404,TX,0x201,3,0x90,0x90,0x8E,0x01,,,,,"Set torque = 398"
243419,RX,0x181,6,0x40,0x40,0x11,0x41,0x80,0x02,0x0B,,"Status word = 0x4111"
243426,RX,0x181,4,0x30,0x30,0x7E,0x18,0x01,,,,"Speed feedback = 6270 rpm"
243432,TX,0x201,3,0x90,0x90,0x83,0x02,,,,,"Set torque = 643"
243459,TX,0x201,3,0x90,0x90,0x1E,0x00,,,,,"Set torque = 30"
243485,TX,0x201,3,0x90,0x90,0x3D,0x00,,,,,"Set torque = 61"
243511,TX,0x201,3,0x90,0x90,0x00,0x00,,,,,"Set torque = 0"
243596,RX,0x181,6,0x40,0x40,0x11,0x41,0x80,0x02,0x0B,,"Status word = 0x4111"
243603,RX,0x181,4,0x30,0x30,0xF6,0x18,0x01,,,,"Speed feedback = 6390 rpm"
243616,TX,0x201,3,0x90,0x90,0x00,0x00,,,,,"Set torque = 0"
243622,RX,0x181,6,0x40,0x40,0x11,0x41,0x80,0x02,0x0B,,"Status word = 0x4111"
243629,RX,0x181,4,0x30,0x30,0x5F,0x15,0x01,,,,"Speed feedback = 5471 rpm"
243642,TX,0x201,3,0x90,0x90,0x00,0x00,,,,,"Set torque = 0"
243668,TX,0x201,3,0x90,0x90,0x00,0x00,,,,,"Set torque = 0"
243694,TX,0x201,3,0x90,0x90,0x00,0x00,,,,,"Set torque = 0"
243718,RX,0x181,6,0x40,0x40,0x11,0x41,0x80,0x02,0x0B,,"Status word = 0x4111"
243725,RX,0x181,4,0x30,0x30,0x58,0x13,0x01,,,,"Speed feedback = 4952 rpm"
243732,TX,0x201,3,0x90,0x90,0x00,0x00,,,,,"Set torque = 0"
243759,TX,0x201,3,0x90,0x90,0x00,0x00,,,,,"Set torque = 0"
243785,TX,0x201,3,0x90,0x90,0x00,0x00,,,,,"Set torque = 0"
243811,TX,0x201,3,0x90,0x90,0x00,0x00,,,,,"Set torque = 0"
243818,RX,0x181,6,0x40,0x40,0x11,0x41,0x80,0x02,0x0B,,"Status word = 0x4111"
243825,RX,0x181,4,0x30,0x30,0x39,0x10,0x01,,,,"Speed feedback = 4153 rpm"
243837,TX,0x201,3,0x90,0x90,0x00,0x00,,,,,"Set torque = 0"
243863,TX,0x201,3,0x90,0x90,0x00,0x00,,,,,"Set torque = 0"
243890,TX,0x201,3,0x90,0x90,0x00,0x00,,,,,"Set torque = 0"
243916,TX,0x201,3,0x90,0x90,0x00,0x00,,,,,"Set torque = 0"
243922,RX,0x181,6,0x40,0x40,0x11,0x41,0x80,0x02,0x0B,,"Status word = 0x4111"
243929,RX,0x181,4,0x30,0x30,0x0A,0x0E,0x01,,,,"Speed feedback = 3594 rpm"
243942,TX,0x201,3,0x90,0x90,0x00,0x00,,,,,"Set torque = 0"
243968,TX,0x201,3,0x90,0x90,0x00,0x00,,,,,"Set torque = 0"
244055,RX,0x181,6,0x40,0x40,0x11,0x41,0x80,0x02,0x0B,,"Status word = 0x4111"
244061,RX,0x181,4,0x30,0x30,0x3B,0x0B,0x01,,,,"Speed feedback = 2875 rpm"
244075,TX,0x201,3,0x90,0x90,0x00,0x00,,,,,"Set torque = 0"
244102,TX,0x201,3,0x90,0x90,0x00,0x00,,,,,"Set torque = 0"
244118,RX,0x181,6,0x40,0x40,0x11,0x41,0x80,0x02,0x0B,,"Status word = 0x4111"
244125,RX,0x181,4,0x30,0x30,0xE4,0x08,0x01,,,,"Speed feedback = 2276 rpm"
244131,TX,0x201,3,0x90,0x90,0x00,0x00,,,,,"Set torque = 0"
244158,TX,0x201,3,0x90,0x90,0x00,0x00,,,,,"Set torque = 0"
244184,TX,0x201,3,0x90,0x90,0x00,0x00,,,,,"Set torque = 0"
244210,TX,0x201,3,0x90,0x90,0x00,0x00,,,,,"Set torque = 0"
244217,RX,0x181,6,0x40,0x40,0x11,0x41,0x80,0x02,0x0B,,"Status word = 0x4111"
244224,RX,0x181,4,0x30,0x30,0xCC,0x07,0x01,,,,"Speed feedback = 1996 rpm"
244236,TX,0x201,3,0x90,0x90,0x00,0x00,,,,,"Set torque = 0"
244262,TX,0x201,3,0x90,0x90,0x00,0x00,,,,,"Set torque = 0"
244288,TX,0x201,3,0x90,0x90,0x00,0x00,,,,,"Set torque = 0"
244314,TX,0x201,3,0x90,0x90,0x00,0x00,,,,,"Set torque = 0"
244320,RX,0x181,6,0x40,0x40,0x11,0x41,0x80,0x02,0x0B,,"Status word = 0x4111"
244327,RX,0x181,4,0x30,0x30,0x75,0x05,0x01,,,,"Speed feedback = 1397 rpm"
244340,TX,0x201,3,0x90,0x90,0x00,0x00,,,,,"Set torque = 0"
244366,TX,0x201,3,0x90,0x90,0x00,0x00,,,,,"Set torque = 0"
244392,TX,0x201,3,0x90,0x90,0x00,0x00,,,,,"Set torque = 0"
244417,RX,0x181,6,0x40,0x40,0x11,0x41,0x80,0x02,0x0B,,"Status word = 0x4111"
244424,TX,0x201,3,0x90,0x90,0x00,0x00,,,,,"Set torque = 0"
244431,RX,0x181,4,0x30,0x30,0xE6,0x03,0x01,,,,"Speed feedback = 998 rpm"
244516,TX,0x201,3,0x90,0x90,0x00,0x00,,,,,"Set torque = 0"
244523,RX,0x181,6,0x40,0x40,0x11,0x41,0x80,0x02,0x0B,,"Status word = 0x4111"
244530,RX,0x181,4,0x30,0x30,0x7F,0x02,0x01,,,,"Speed feedback = 639 rpm"
244543,TX,0x201,3,0x90,0x90,0x00,0x00,,,,,"Set torque = 0"
244569,TX,0x201,3,0x90,0x90,0x00,0x00,,,,,"Set torque = 0"
244595,TX,0x201,3,0x90,0x90,0x00,0x00,,,,,"Set torque = 0"
244617,RX,0x181,6,0x40,0x40,0x11,0x41,0x80,0x00,0x0B,,"Status word = 0x4111"
244624,TX,0x201,3,0x90,0x90,0x00,0x00,,,,,"Set torque = 0"
244630,RX,0x181,4,0x30,0x30,0x67,0x01,0x01,,,,"Speed feedback = 359 rpm"
244650,TX,0x201,3,0x90,0x90,0x00,0x00,,,,,"Set torque = 0"
244676,TX,0x201,3,0x90,0x90,0x00,0x00,,,,,"Set torque = 0"
244702,TX,0x201,3,0x90,0x90,0x00,0x00,,,,,"Set torque = 0"
244717,RX,0x181,6,0x40,0x40,0x11,0x41,0x80,0x00,0x0B,,"Status word = 0x4111"
244724,RX,0x181,4,0x30,0x30,0x9F,0x00,0x01,,,,"Speed feedback = 159 rpm"
244730,TX,0x201,3,0x90,0x90,0x00,0x00,,,,,"Set torque = 0"
244757,TX,0x201,3,0x90,0x90,0x00,0x00,,,,,"Set torque = 0"
244783,TX,0x201,3,0x90,0x90,0x00,0x00,,,,,"Set torque = 0"
244809,TX,0x201,3,0x90,0x90,0x00,0x00,,,,,"Set torque = 0"
244816,RX,0x181,6,0x40,0x40,0x11,0x41,0x80,0x00,0x0B,,"Status word = 0x4111"
244823,RX,0x181,4,0x30,0x30,0x4F,0x00,0x01,,,,"Speed feedback = 79 rpm"
244835,TX,0x201,3,0x90,0x90,0x00,0x00,,,,,"Set torque = 0"
244861,TX,0x201,3,0x90,0x90,0x00,0x00,,,,,"Set torque = 0"
244887,TX,0x201,3,0x90,0x90,0x00,0x00,,,,,"Set torque = 0"
244913,TX,0x201,3,0x90,0x90,0x00,0x00,,,,,"Set torque = 0"
244997,RX,0x181,6,0x40,0x40,0x11,0x43,0x80,0x00,0x0B,,"Status word = 0x4311"
245003,RX,0x181,4,0x30,0x30,0xD8,0xFF,0x01,,,,"Speed feedback = 65496 rpm"
245016,RX,0x181,6,0x40,0x40,0x11,0x43,0x80,0x00,0x0B,,"Status word = 0x4311"
245023,TX,0x201,3,0x90,0x90,0x00,0x00,,,,,"Set torque = 0"
245030,RX,0x181,4,0x30,0x30,0x00,0x00,0x01,,,,"Speed feedback = 0 rpm"
245050,TX,0x201,3,0x90,0x90,0x00,0x00,,,,,"Set torque = 0"
245076,TX,0x201,3,0x90,0x90,0x00,0x00,,,,,"Set torque = 0"
245102,TX,0x201,3,0x90,0x90,0x00,0x00,,,,,"Set torque = 0"
245116,RX,0x181,6,0x40,0x40,0x11,0x43,0x80,0x00,0x0B,,"Status word = 0x4311"
245123,RX,0x181,4,0x30,0x30,0x00,0x00,0x01,,,,"Speed feedback = 0 rpm"
245130,TX,0x201,3,0x90,0x90,0x00,0x00,,,,,"Set torque = 0"
245157,TX,0x201,3,0x90,0x90,0x00,0x00,,,,,"Set torque = 0"
245183,TX,0x201,3,0x90,0x90,0x00,0x00,,,,,"Set torque = 0"
245209,TX,0x201,3,0x90,0x90,0x00,0x00,,,,,"Set torque = 0"
245216,RX,0x181,6,0x40,0x40,0x11,0x43,0x80,0x00,0x0B,,"Status word = 0x4311"
245223,RX,0x181,4,0x30,0x30,0x00,0x00,0x01,,,,"Speed feedback = 0 rpm"
245235,TX,0x201,3,0x90,0x90,0x00,0x00,,,,,"Set torque = 0"
245261,TX,0x201,3,0x90,0x90,0x00,0x00,,,,,"Set torque = 0"
245288,TX,0x201,3,0x90,0x90,0x00,0x00,,,,,"Set torque = 0"
245314,TX,0x201,3,0x90,0x90,0x00,0x00,,,,,"Set torque = 0"
245320,RX,0x181,6,0x40,0x40,0x11,0x43,0x80,0x00,0x0B,,"Status word = 0x4311"
245327,RX,0x181,4,0x30,0x30,0x00,0x00,0x01,,,,"Speed feedback = 0 rpm"
245340,TX,0x201,3,0x90,0x90,0x00,0x00,,,,,"Set torque = 0"
245366,TX,0x201,3,0x90,0x90,0x00,0x00,,,,,"Set torque = 0"
245451,RX,0x181,6,0x40,0x40,0x11,0x43,0x80,0x00,0x0B,,"Status word = 0x4311"
245457,RX,0x181,4,0x30,0x30,0x00,0x00,0x01,,,,"Speed feedback = 0 rpm"
245471,TX,0x201,3,0x90,0x90,0x00,0x00,,,,,"Set torque = 0"
245498,TX,0x201,3,0x90,0x90,0x00,0x00,,,,,"Set torque = 0"
245515,RX,0x181,6,0x40,0x40,0x11,0x43,0x80,0x00,0x0B,,"Status word = 0x4311"
245522,RX,0x181,4,0x30,0x30,0x00,0x00,0x01,,,,"Speed feedback = 0 rpm"
245529,TX,0x201,3,0x90,0x90,0x00,0x00,,,,,"Set torque = 0"
245556,TX,0x201,3,0x90,0x90,0x00,0x00,,,,,"Set torque = 0"
245582,TX,0x201,3,0x90,0x90,0x00,0x00,,,,,"Set torque = 0"
245608,TX,0x201,3,0x90,0x90,0x00,0x00,,,,,"Set torque = 0"
245615,RX,0x181,6,0x40,0x40,0x11,0x43,0x80,0x00,0x0B,,"Status word = 0x4311"
245622,RX,0x181,4,0x30,0x30,0x00,0x00,0x01,,,,"Speed feedback = 0 rpm"
245634,TX,0x201,3,0x90,0x90,0x00,0x00,,,,,"Set torque = 0"
245660,TX,0x201,3,0x90,0x90,0x00,0x00,,,,,"Set torque = 0"
245686,TX,0x201,3,0x90,0x90,0x00,0x00,,,,,"Set torque = 0"
245712,TX,0x201,3,0x90,0x90,0x00,0x00,,,,,"Set torque = 0"
245718,RX,0x181,6,0x40,0x40,0x11,0x43,0x80,0x00,0x0B,,"Status word = 0x4311"
245725,RX,0x181,4,0x30,0x30,0x00,0x00,0x01,,,,"Speed feedback = 0 rpm"
245738,TX,0x201,3,0x90,0x90,0x00,0x00,,,,,"Set torque = 0"
245764,TX,0x201,3,0x90,0x90,0x00,0x00,,,,,"Set torque = 0"
245790,TX,0x201,3,0x90,0x90,0x00,0x00,,,,,"Set torque = 0"
245815,RX,0x181,6,0x40,0x40,0x11,0x43,0x80,0x00,0x0B,,"Status word = 0x4311"
245822,TX,0x201,3,0x90,0x90,0x00,0x00,,,,,"Set torque = 0"
245828,RX,0x181,4,0x30,0x30,0x00,0x00,0x01,,,,"Speed feedback = 0 rpm"
245914,TX,0x201,3,0x90,0x90,0x00,0x00,,,,,"Set torque = 0"
245921,RX,0x181,6,0x40,0x40,0x11,0x43,0x80,0x00,0x0B,,"Status word = 0x4311"
245928,RX,0x181,4,0x30,0x30,0x00,0x00,0x01,,,,"Speed feedback = 0 rpm"
245941,TX,0x201,3,0x90,0x90,0x00,0x00,,,,,"Set torque = 0"
245967,TX,0x201,3,0x90,0x90,0x00,0x00,,,,,"Set torque = 0"
245993,TX,0x201,3,0x90,0x90,0x00,0x00,,,,,"Set torque = 0"
246015,RX,0x181,6,0x40,0x40,0x11,0x43,0x80,0x00,0x0B,,"Status word = 0x4311"
246021,TX,0x201,3,0x90,0x90,0x00,0x00,,,,,"Set torque = 0"
246028,RX,0x181,4,0x30,0x30,0x00,0x00,0x01,,,,"Speed feedback = 0 rpm"
246048,TX,0x201,3,0x90,0x90,0x00,0x00,,,,,"Set torque = 0"
246074,TX,0x201,3,0x90,0x90,0x00,0x00,,,,,"Set torque = 0"
246100,TX,0x201,3,0x90,0x90,0x00,0x00,,,,,"Set torque = 0"
246114,RX,0x181,6,0x40,0x40,0x11,0x43,0x80,0x00,0x0B,,"Status word = 0x4311"
246121,RX,0x181,4,0x30,0x30,0x00,0x00,0x01,,,,"Speed feedback = 0 rpm"
246128,TX,0x201,3,0x90,0x90,0x00,0x00,,,,,"Set torque = 0"
246155,TX,0x201,3,0x90,0x90,0x00,0x00,,,,,"Set torque = 0"
246181,TX,0x201,3,0x90,0x90,0x00,0x00,,,,,"Set torque = 0"
246207,TX,0x201,3,0x90,0x90,0x00,0x00,,,,,"Set torque = 0"
246214,RX,0x181,6,0x40,0x40,0x11,0x43,0x80,0x00,0x0B,,"Status word = 0x4311"
246221,RX,0x181,4,0x30,0x30,0x00,0x00,0x01,,,,"Speed feedback = 0 rpm"
246233,TX,0x201,3,0x90,0x90,0x00,0x00,,,,,"Set torque = 0"
246259,TX,0x201,3,0x90,0x90,0x00,0x00,,,,,"Set torque = 0"
246285,TX,0x201,3,0x90,0x90,0x00,0x00,,,,,"Set torque = 0"
246311,TX,0x201,3,0x90,0x90,0x00,0x00,,,,,"Set torque = 0"
246396,RX,0x181,6,0x40,0x40,0x11,0x43,0x80,0x00,0x0B,,"Status word = 0x4311"
246403,RX,0x181,4,0x30,0x30,0x00,0x00,0x01,,,,"Speed feedback = 0 rpm"
246414,RX,0x181,6,0x40,0x40,0x11,0x43,0x80,0x00,0x0B,,"Status word = 0x4311"
246421,TX,0x201,3,0x90,0x90,0x00,0x00,,,,,"Set torque = 0"
246427,RX,0x181,4,0x30,0x30,0x00,0x00,0x01,,,,"Speed feedback = 0 rpm"
246447,TX,0x201,3,0x90,0x90,0x00,0x00,,,,,"Set torque = 0"
246473,TX,0x201,3,0x90,0x90,0x00,0x00,,,,,"Set torque = 0"
246499,TX,0x201,3,0x90,0x90,0x00,0x00,,,,,"Set torque = 0"
246514,RX,0x181,6,0x40,0x40,0x11,0x43,0x80,0x00,0x0B,,"Status word = 0x4311"
246521,RX,0x181,4,0x30,0x30,0x00,0x00,0x01,,,,"Speed feedback = 0 rpm"
246528,TX,0x201,3,0x90,0x90,0x00,0x00,,,,,"Set torque = 0"
246554,TX,0x201,3,0x90,0x90,0x00,0x00,,,,,"Set torque = 0"
246580,TX,0x201,3,0x90,0x90,0x00,0x00,,,,,"Set torque = 0"
246606,TX,0x201,3,0x90,0x90,0x00,0x00,,,,,"Set torque = 0"
246614,RX,0x181,6,0x40,0x40,0x11,0x43,0x80,0x00,0x0B,,"Status word = 0x4311"
246621,RX,0x181,4,0x30,0x30,0x00,0x00,0x01,,,,"Speed feedback = 0 rpm"
246632,TX,0x201,3,0x90,0x90,0x00,0x00,,,,,"Set torque = 0"
246658,TX,0x201,3,0x90,0x90,0x00,0x00,,,,,"Set torque = 0"
246685,TX,0x201,3,0x90,0x90,0x00,0x00,,,,,"Set torque = 0"
246711,TX,0x201,3,0x90,0x90,0x00,0x00,,,,,"Set torque = 0"
246717,RX,0x181,6,0x40,0x40,0x11,0x43,0x80,0x00,0x0B,,"Status word = 0x4311"
246724,RX,0x181,4,0x30,0x30,0x00,0x00,0x01,,,,"Speed feedback = 0 rpm"
246737,TX,0x201,3,0x90,0x90,0x00,0x00,,,,,"Set torque = 0"
246763,TX,0x201,3,0x90,0x90,0x00,0x00,,,,,"Set torque = 0"
246847,RX,0x181,6,0x40,0x40,0x11,0x43,0x80,0x00,0x0B,,"Status word = 0x4311"
246854,RX,0x181,4,0x30,0x30,0x00,0x00,0x01,,,,"Speed feedback = 0 rpm"
246867,TX,0x201,3,0x90,0x90,0x00,0x00,,,,,"Set torque = 0"
246894,TX,0x201,3,0x90,0x90,0x00,0x00,,,,,"Set torque = 0"
246913,RX,0x181,6,0x40,0x40,0x11,0x43,0x80,0x00,0x0B,,"Status word = 0x4311"
246920,TX,0x201,3,0x90,0x90,0x00,0x00,,,,,"Set torque = 0"
246927,RX,0x181,4,0x30,0x30,0x00,0x00,0x01,,,,"Speed feedback = 0 rpm"
246947,TX,0x201,3,0x90,0x90,0x00,0x00,,,,,"Set torque = 0"
246973,TX,0x201,3,0x90,0x90,0x00,0x00,,,,,"Set torque = 0"
247002,TX,0x201,3,0x90,0x90,0x00,0x00,,,,,"Set torque = 0"
247013,RX,0x181,6,0x40,0x40,0x11,0x43,0x80,0x00,0x0B,,"Status word = 0x4311"
247020,RX,0x181,4,0x30,0x30,0x00,0x00,0x01,,,,"Speed feedback = 0 rpm"
247028,TX,0x201,3,0x90,0x90,0x00,0x00,,,,,"Set torque = 0"
247054,TX,0x201,3,0x90,0x90,0x00,0x00,,,,,"Set torque = 0"
247080,TX,0x201,3,0x90,0x90,0x00,0x00,,,,,"Set torque = 0"
247106,TX,0x201,3,0x90,0x90,0x00,0x00,,,,,"Set torque = 0"
247113,RX,0x181,6,0x40,0x40,0x11,0x43,0x80,0x00,0x0B,,"Status word = 0x4311"
247120,RX,0x181,4,0x30,0x30,0x00,0x00,0x01,,,,"Speed feedback = 0 rpm"
247132,TX,0x201,3,0x90,0x90,0x00,0x00,,,,,"Set torque = 0"
247158,TX,0x201,3,0x90,0x90,0x00,0x00,,,,,"Set torque = 0"
247185,TX,0x201,3,0x90,0x90,0x00,0x00,,,,,"Set torque = 0"
247211,TX,0x201,3,0x90,0x90,0x00,0x00,,,,,"Set torque = 0"
247217,RX,0x181,6,0x40,0x40,0x11,0x43,0x80,0x00,0x0B,,"Status word = 0x4311"
247305,RX,0x181,4,0x30,0x30,0x00,0x00,0x01,,,,"Speed feedback = 0 rpm"
247312,TX,0x201,3,0x90,0x90,0x00,0x00,,,,,"Set torque = 0"
247319,RX,0x181,6,0x40,0x40,0x11,0x43,0x80,0x00,0x0B,,"Status word = 0x4311"
247325,RX,0x181,4,0x30,0x30,0x00,0x00,0x01,,,,"Speed feedback = 0 rpm"
247339,TX,0x201,3,0x90,0x90,0x00,0x00,,,,,"Set torque = 0"
247365,TX,0x201,3,0x90,0x90,0x00,0x00,,,,,"Set torque = 0"
247392,TX,0x201,3,0x90,0x90,0x00,0x00,,,,,"Set torque = 0"
247412,RX,0x181,6,0x40,0x40,0x11,0x43,0x80,0x00,0x0B,,"Status word = 0x4311"
247419,TX,0x201,3,0x90,0x90,0x00,0x00,,,,,"Set torque = 0"
247426,RX,0x181,4,0x30,0x30,0x00,0x00,0x01,,,,"Speed feedback = 0 rpm"
247446,TX,0x201,3,0x90,0x90,0x00,0x00,,,,,"Set torque = 0"
247472,TX,0x201,3,0x90,0x90,0x00,0x00,,,,,"Set torque = 0"
247498,TX,0x201,3,0x90,0x90,0x00,0x00,,,,,"Set torque = 0"
247512,RX,0x181,6,0x40,0x40,0x11,0x43,0x80,0x00,0x0B,,"Status word = 0x4311"
247519,RX,0x181,4,0x30,0x30,0x00,0x00,0x01,,,,"Speed feedback = 0 rpm"
247526,TX,0x201,3,0x90,0x90,0x00,0x00,,,,,"Set torque = 0"
247553,TX,0x201,3,0x90,0x90,0x00,0x00,,,,,"Set torque = 0"
247579,TX,0x201,3,0x90,0x90,0x00,0x00,,,,,"Set torque = 0"
247605,TX,0x201,3,0x90,0x90,0x00,0x00,,,,,"Set torque = 0"
247612,RX,0x181,6,0x40,0x40,0x11,0x43,0x80,0x00,0x0B,,"Status word = 0x4311"
247619,RX,0x181,4,0x30,0x30,0x00,0x00,0x01,,,,"Speed feedback = 0 rpm"
247631,TX,0x201,3,0x90,0x90,0x00,0x00,,,,,"Set torque = 0"
247657,TX,0x201,3,0x90,0x90,0x00,0x00,,,,,"Set torque = 0"
247683,TX,0x201,3,0x90,0x90,0x00,0x00,,,,,"Set torque = 0"
247776,RX,0x181,6,0x40,0x40,0x11,0x43,0x80,0x00,0x0B,,"Status word = 0x4311"
247783,RX,0x181,4,0x30,0x30,0x00,0x00,0x01,,,,"Speed feedback = 0 rpm"
247796,TX,0x201,3,0x90,0x90,0x00,0x00,,,,,"Set torque = 0"
247812,RX,0x181,6,0x40,0x40,0x11,0x43,0x80,0x00,0x0B,,"Status word = 0x4311"
247819,RX,0x181,4,0x30,0x30,0x00,0x00,0x01,,,,"Speed feedback = 0 rpm"
247825,TX,0x201,3,0x90,0x90,0x00,0x00,,,,,"Set torque = 0"
247852,TX,0x201,3,0x90,0x90,0x00,0x00,,,,,"Set torque = 0"
247878,TX,0x201,3,0x90,0x90,0x00,0x00,,,,,"Set torque = 0"
247904,TX,0x201,3,0x90,0x90,0x00,0x00,,,,,"Set torque = 0"
247912,RX,0x181,6,0x40,0x40,0x11,0x43,0x80,0x00,0x0B,,"Status word = 0x4311"
247918,RX,0x181,4,0x30,0x30,0x00,0x00,0x01,,,,"Speed feedback = 0 rpm"
247931,TX,0x201,3,0x90,0x90,0x00,0x00,,,,,"Set torque = 0"
247957,TX,0x201,3,0x90,0x90,0x00,0x00,,,,,"Set torque = 0"
247983,TX,0x201,3,0x90,0x90,0x00,0x00,,,,,"Set torque = 0"
248009,TX,0x201,3,0x90,0x90,0x00,0x00,,,,,"Set torque = 0"
248015,RX,0x181,6,0x40,0x40,0x11,0x43,0x80,0x00,0x0B,,"Status word = 0x4311"
248022,RX,0x181,4,0x30,0x30,0x00,0x00,0x01,,,,"Speed feedback = 0 rpm"
248035,TX,0x201,3,0x90,0x90,0x00,0x00,,,,,"Set torque = 0"
248062,TX,0x201,3,0x90,0x90,0x00,0x00,,,,,"Set torque = 0"
248088,TX,0x201,3,0x90,0x90,0x00,0x00,,,,,"Set torque = 0"
248111,RX,0x181,6,0x40,0x40,0x11,0x43,0x80,0x00,0x0B,,"Status word = 0x4311"
248118,TX,0x201,3,0x90,0x90,0x00,0x00,,,,,"Set torque = 0"
248125,RX,0x181,4,0x30,0x30,0x00,0x00,0x01,,,,"Speed feedback = 0 rpm"
248145,TX,0x201,3,0x90,0x90,0x00,0x00,,,,,"Set torque = 0"
248236,RX,0x181,6,0x40,0x40,0x11,0x43,0x80,0x00,0x0B,,"Status word = 0x4311"
248243,RX,0x181,4,0x30,0x30,0x00,0x00,0x01,,,,"Speed feedback = 0 rpm"
248256,TX,0x201,3,0x90,0x90,0x00,0x00,,,,,"Set torque = 0"
248283,TX,0x201,3,0x90,0x90,0x00,0x00,,,,,"Set torque = 0"
248309,TX,0x201,3,0x90,0x90,0x00,0x00,,,,,"Set torque = 0"
248315,RX,0x181,6,0x40,0x40,0x11,0x43,0x80,0x00,0x0B,,"Status word = 0x4311"
248322,RX,0x181,4,0x30,0x30,0x00,0x00,0x01,,,,"Speed feedback = 0 rpm"
248335,TX,0x201,3,0x90,0x90,0x00,0x00,,,,,"Set torque = 0"
248361,TX,0x201,3,0x90,0x90,0x00,0x00,,,,,"Set torque = 0"
248387,TX,0x201,3,0x90,0x90,0x00,0x00,,,,,"Set torque = 0"
248411,RX,0x181,6,0x40,0x40,0x11,0x43,0x80,0x00,0x0B,,"Status word = 0x4311"
248418,TX,0x201,3,0x90,0x90,0x00,0x00,,,,,"Set torque = 0"
248425,RX,0x181,4,0x30,0x30,0x00,0x00,0x01,,,,"Speed feedback = 0 rpm"
248445,TX,0x201,3,0x90,0x90,0x00,0x00,,,,,"Set torque = 0"
248471,TX,0x201,3,0x90,0x90,0x00,0x00,,,,,"Set torque = 0"
248497,TX,0x201,3,0x90,0x90,0x00,0x00,,,,,"Set torque = 0"
248511,RX,0x181,6,0x40,0x40,0x11,0x43,0x80,0x00,0x0B,,"Status word = 0x4311"
248518,RX,0x181,4,0x30,0x30,0x00,0x00,0x01,,,,"Speed feedback = 0 rpm"
248524,TX,0x201,3,0x90,0x90,0x00,0x00,,,,,"Set torque = 0"
248551,TX,0x201,3,0x90,0x90,0x00,0x00,,,,,"Set torque = 0"
248577,TX,0x201,3,0x90,0x90,0x00,0x00,,,,,"Set torque = 0"
248604,TX,0x201,3,0x90,0x90,0x00,0x00,,,,,"Set torque = 0"
248610,RX,0x181,6,0x40,0x40,0x11,0x43,0x80,0x00,0x0B,,"Status word = 0x4311"
248617,RX,0x181,4,0x30,0x30,0x00,0x00,0x01,,,,"Speed feedback = 0 rpm"
248710,TX,0x201,3,0x90,0x90,0x00,0x00,,,,,"Set torque = 0"
248716,RX,0x181,6,0x40,0x40,0x11,0x43,0x80,0x00,0x0B,,"Status word = 0x4311"
248723,RX,0x181,4,0x30,0x30,0x00,0x00,0x01,,,,"Speed feedback = 0 rpm"
248736,TX,0x201,3,0x90,0x90,0x00,0x00,,,,,"Set torque = 0"
248762,TX,0x201,3,0x90,0x90,0x00,0x00,,,,,"Set torque = 0"
248788,TX,0x201,3,0x90,0x90,0x00,0x00,,,,,"Set torque = 0"
248810,RX,0x181,6,0x40,0x40,0x11,0x43,0x80,0x00,0x0B,,"Status word = 0x4311"
248817,TX,0x201,3,0x90,0x90,0x00,0x00,,,,,"Set torque = 0"
248824,RX,0x181,4,0x30,0x30,0x00,0x00,0x01,,,,"Speed feedback = 0 rpm"
248844,TX,0x201,3,0x90,0x90,0x00,0x00,,,,,"Set torque = 0"
248870,TX,0x201,3,0x90,0x90,0x00,0x00,,,,,"Set torque = 0"
248896,TX,0x201,3,0x90,0x90,0x00,0x00,,,,,"Set torque = 0"
248910,RX,0x181,6,0x40,0x40,0x11,0x43,0x80,0x00,0x0B,,"Status word = 0x4311"
248917,RX,0x181,4,0x30,0x30,0x00,0x00,0x01,,,,"Speed feedback = 0 rpm"
248924,TX,0x201,3,0x90,0x90,0x00,0x00,,,,,"Set torque = 0"
248949,TX,0x201,3,0x90,0x90,0x00,0x00,,,,,"Set torque = 0"
248975,TX,0x201,3,0x90,0x90,0x00,0x00,,,,,"Set torque = 0"
249001,TX,0x201,3,0x90,0x90,0x00,0x00,,,,,"Set torque = 0"
249010,RX,0x181,6,0x40,0x40,0x11,0x43,0x80,0x00,0x0B,,"Status word = 0x4311"
249017,RX,0x181,4,0x30,0x30,0x00,0x00,0x01,,,,"Speed feedback = 0 rpm"
249027,TX,0x201,3,0x90,0x90,0x00,0x00,,,,,"Set torque = 0"
249053,TX,0x201,3,0x90,0x90,0x00,0x00,,,,,"Set torque = 0"
249079,TX,0x201,3,0x90,0x90,0x00,0x00,,,,,"Set torque = 0"
249105,TX,0x201,3,0x90,0x90,0x00,0x00,,,,,"Set torque = 0"
249198,RX,0x181,6,0x40,0x40,0x11,0x43,0x80,0x00,0x0B,,"Status word = 0x4311"
249205,RX,0x181,4,0x30,0x30,0x00,0x00,0x01,,,,"Speed feedback = 0 rpm"
249211,RX,0x181,6,0x40,0x40,0x11,0x43,0x80,0x00,0x0B,,"Status word = 0x4311"
249218,RX,0x181,4,0x30,0x30,0x00,0x00,0x01,,,,"Speed feedback = 0 rpm"
249225,TX,0x201,3,0x90,0x90,0x00,0x00,,,,,"Set torque = 0"
249252,TX,0x201,3,0x90,0x90,0x00,0x00,,,,,"Set torque = 0"
249278,TX,0x201,3,0x90,0x90,0x00,0x00,,,,,"Set torque = 0"
249304,TX,0x201,3,0x90,0x90,0x00,0x00,,,,,"Set torque = 0"
249310,RX,0x181,6,0x40,0x40,0x11,0x43,0x80,0x00,0x0B,,"Status word = 0x4311"
249317,RX,0x181,4,0x30,0x30,0x00,0x00,0x01,,,,"Speed feedback = 0 rpm"
249330,TX,0x201,3,0x90,0x90,0x00,0x00,,,,,"Set torque = 0"
249356,TX,0x201,3,0x90,0x90,0x00,0x00,,,,,"Set torque = 0"
249382,TX,0x201,3,0x90,0x90,0x00,0x00,,,,,"Set torque = 0"
249408,TX,0x201,3,0x90,0x90,0x00,0x00,,,,,"Set torque = 0"
249414,RX,0x181,6,0x40,0x40,0x11,0x43,0x80,0x00,0x0B,,"Status word = 0x4311"
249421,RX,0x181,4,0x30,0x30,0x00,0x00,0x01,,,,"Speed feedback = 0 rpm"
249434,TX,0x201,3,0x90,0x90,0x00,0x00,,,,,"Set torque = 0"
249460,TX,0x201,3,0x90,0x90,0x00,0x00,,,,,"Set torque = 0"
249487,TX,0x201,3,0x90,0x90,0x00,0x00,,,,,"Set torque = 0"
249509,RX,0x181,6,0x40,0x40,0x11,0x43,0x80,0x00,0x0B,,"Status word = 0x4311"
249516,TX,0x201,3,0x90,0x90,0x00,0x00,,,,,"Set torque = 0"
249523,RX,0x181,4,0x30,0x30,0x00,0x00,0x01,,,,"Speed feedback = 0 rpm"
249543,TX,0x201,3,0x90,0x90,0x00,0x00,,,,,"Set torque = 0"
249569,TX,0x201,3,0x90,0x90,0x00,0x00,,,,,"Set torque = 0"
249664,RX,0x181,6,0x40,0x40,0x11,0x43,0x80,0x00,0x0B,,"Status word = 0x4311"
249671,RX,0x181,4,0x30,0x30,0x00,0x00,0x01,,,,"Speed feedback = 0 rpm"
249684,TX,0x201,3,0x90,0x90,0x00,0x00,,,,,"Set torque = 0"
249709,RX,0x181,6,0x40,0x40,0x11,0x43,0x80,0x00,0x0B,,"Status word = 0x4311"
249715,TX,0x201,3,0x90,0x90,0x00,0x00,,,,,"Set torque = 0"
249722,RX,0x181,4,0x30,0x30,0x00,0x00,0x01,,,,"Speed feedback = 0 rpm"
249742,TX,0x201,3,0x90,0x90,0x00,0x00,,,,,"Set torque = 0"
249768,TX,0x201,3,0x90,0x90,0x00,0x00,,,,,"Set torque = 0"
249794,TX,0x201,3,0x90,0x90,0x00,0x00,,,,,"Set torque = 0"
249809,RX,0x181,6,0x40,0x40,0x11,0x43,0x80,0x00,0x0B,,"Status word = 0x4311"
249815,RX,0x181,4,0x30,0x30,0x00,0x00,0x01,,,,"Speed feedback = 0 rpm"
249822,TX,0x201,3,0x90,0x90,0x00,0x00,,,,,"Set torque = 0"
249849,TX,0x201,3,0x90,0x90,0x00,0x00,,,,,"Set torque = 0"
249875,TX,0x201,3,0x90,0x90,0x00,0x00,,,,,"Set torque = 0"
249901,TX,0x201,3,0x90,0x90,0x00,0x00,,,,,"Set torque = 0"
249908,RX,0x181,6,0x40,0x40,0x11,0x43,0x80,0x00,0x0B,,"Status word = 0x4311"
249915,RX,0x181,4,0x30,0x30,0x00,0x00,0x01,,,,"Speed feedback = 0 rpm"
249927,TX,0x201,3,0x90,0x90,0x00,0x00,,,,,"Set torque = 0"
249953,TX,0x201,3,0x90,0x90,0x00,0x00,,,,,"Set torque = 0"
249979,TX,0x201,3,0x90,0x90,0x00,0x00,,,,,"Set torque = 0"
250005,TX,0x201,3,0x90,0x90,0x00,0x00,,,,,"Set torque = 0"
250012,RX,0x181,6,0x40,0x40,0x11,0x43,0x80,0x00,0x0B,,"Status word = 0x4311"
250018,RX,0x181,4,0x30,0x30,0x00,0x00,0x01,,,,"Speed feedback = 0 rpm"
250032,TX,0x201,3,0x90,0x90,0x00,0x00,,,,,"Set torque = 0"
250122,RX,0x181,6,0x40,0x40,0x11,0x43,0x80,0x00,0x0B,,"Status word = 0x4311"
250129,RX,0x181,4,0x30,0x30,0x00,0x00,0x01,,,,"Speed feedback = 0 rpm"
250142,TX,0x201,3,0x90,0x90,0x00,0x00,,,,,"Set torque = 0"
250168,TX,0x201,3,0x90,0x90,0x00,0x00,,,,,"Set torque = 0"
250194,TX,0x201,3,0x90,0x90,0x00,0x00,,,,,"Set torque = 0"
250208,RX,0x181,6,0x40,0x40,0x11,0x43,0x80,0x00,0x0B,,"Status word = 0x4311"
250215,RX,0x181,4,0x30,0x30,0x00,0x00,0x01,,,,"Speed feedback = 0 rpm"
250222,TX,0x201,3,0x90,0x90,0x00,0x00,,,,,"Set torque = 0"
250249,TX,0x201,3,0x90,0x90,0x00,0x00,,,,,"Set torque = 0"
250275,TX,0x201,3,0x90,0x90,0x00,0x00,,,,,"Set torque = 0"
250301,TX,0x201,3,0x90,0x90,0x00,0x00,,,,,"Set torque = 0"
250308,RX,0x181,6,0x40,0x40,0x11,0x43,0x80,0x00,0x0B,,"Status word = 0x4311"
250315,RX,0x181,4,0x30,0x30,0x00,0x00,0x01,,,,"Speed feedback = 0 rpm"
250327,TX,0x201,3,0x90,0x90,0x00,0x00,,,,,"Set torque = 0"
250353,TX,0x201,3,0x90,0x90,0x00,0x00,,,,,"Set torque = 0"
250380,TX,0x201,3,0x90,0x90,0x00,0x00,,,,,"Set torque = 0"
250406,TX,0x201,3,0x90,0x90,0x00,0x00,,,,,"Set torque = 0"
250412,RX,0x181,6,0x40,0x40,0x11,0x43,0x80,0x00,0x0B,,"Status word = 0x4311"
250419,RX,0x181,4,0x30,0x30,0x00,0x00,0x01,,,,"Speed feedback = 0 rpm"
250432,TX,0x201,3,0x90,0x90,0x00,0x00,,,,,"Set torque = 0"
250458,TX,0x201,3,0x90,0x90,0x00,0x00,,,,,"Set torque = 0"
250484,TX,0x201,3,0x90,0x90,0x00,0x00,,,,,"Set torque = 0"
250507,RX,0x181,6,0x40,0x40,0x11,0x43,0x80,0x00,0x0B,,"Status word = 0x4311"
250514,TX,0x201,3,0x90,0x90,0x00,0x00,,,,,"Set torque = 0"
250521,RX,0x181,4,0x30,0x30,0x00,0x00,0x01,,,,"Speed feedback = 0 rpm"
250541,TX,0x201,3,0x90,0x90,0x50,0x01,,,,,"Set torque = 336"
250567,TX,0x201,3,0x90,0x90,0x00,0x00,,,,,"Set torque = 0"
250593,TX,0x201,3,0x90,0x90,0x00,0x00,,,,,"Set torque = 0"
250607,RX,0x181,6,0x40,0x40,0x11,0x43,0x80,0x00,0x0B,,"Status word = 0x4311"
250614,RX,0x181,4,0x30,0x30,0x00,0x00,0x01,,,,"Speed feedback = 0 rpm"
250621,TX,0x201,3,0x90,0x90,0x1E,0x00,,,,,"Set torque = 30"
250648,TX,0x201,3,0x90,0x90,0xB7,0x00,,,,,"Set torque = 183"
250675,TX,0x201,3,0x90,0x90,0xD6,0x00,,,,,"Set torque = 214"
250701,TX,0x201,3,0x90,0x90,0x00,0x00,,,,,"Set torque = 0"
250707,RX,0x181,6,0x40,0x40,0x11,0x43,0x80,0x00,0x0B,,"Status word = 0x4311"
250714,RX,0x181,4,0x30,0x30,0x00,0x00,0x01,,,,"Speed feedback = 0 rpm"
250727,TX,0x201,3,0x90,0x90,0x00,0x00,,,,,"Set torque = 0"
250753,TX,0x201,3,0x90,0x90,0x00,0x00,,,,,"Set torque = 0"
250779,TX,0x201,3,0x90,0x90,0x00,0x00,,,,,"Set torque = 0"
250805,TX,0x201,3,0x90,0x90,0xCB,0x01,,,,,"Set torque = 459"
250811,RX,0x181,6,0x40,0x40,0x11,0x43,0x80,0x00,0x0B,,"Status word = 0x4311"
250818,RX,0x181,4,0x30,0x30,0x00,0x00,0x01,,,,"Speed feedback = 0 rpm"
250831,TX,0x201,3,0x90,0x90,0xD6,0x00,,,,,"Set torque = 214"
250857,TX,0x201,3,0x90,0x90,0x00,0x00,,,,,"Set torque = 0"
250883,TX,0x201,3,0x90,0x90,0xB7,0x00,,,,,"Set torque = 183"
250907,RX,0x181,6,0x40,0x40,0x11,0x43,0x80,0x00,0x0B,,"Status word = 0x4311"
250914,TX,0x201,3,0x90,0x90,0x00,0x00,,,,,"Set torque = 0"
250920,RX,0x181,4,0x30,0x30,0x00,0x00,0x01,,,,"Speed feedback = 0 rpm"
250940,TX,0x201,3,0x90,0x90,0x8E,0x01,,,,,"Set torque = 398"
250966,TX,0x201,3,0x90,0x90,0xD6,0x00,,,,,"Set torque = 214"
250993,TX,0x201,3,0x90,0x90,0xD6,0x00,,,,,"Set torque = 214"
251007,RX,0x181,6,0x40,0x40,0x11,0x43,0x80,0x00,0x0B,,"Status word = 0x4311"
251014,RX,0x181,4,0x30,0x30,0x00,0x00,0x01,,,,"Speed feedback = 0 rpm"
251020,TX,0x201,3,0x90,0x90,0xE9,0x01,,,,,"Set torque = 489"
251047,TX,0x201,3,0x90,0x90,0xF4,0x00,,,,,"Set torque = 244"
251073,TX,0x201,3,0x90,0x90,0x32,0x01,,,,,"Set torque = 306"
251099,TX,0x201,3,0x90,0x90,0xD6,0x00,,,,,"Set torque = 214"
251106,RX,0x181,6,0x40,0x40,0x11,0x41,0x80,0x00,0x0B,,"Status word = 0x4111"
251113,RX,0x181,4,0x30,0x30,0x27,0x00,0x01,,,,"Speed feedback = 39 rpm"
251125,TX,0x201,3,0x90,0x90,0x45,0x02,,,,,"Set torque = 581"
251151,TX,0x201,3,0x90,0x90,0x7A,0x00,,,,,"Set torque = 122"
251177,TX,0x201,3,0x90,0x90,0x00,0x00,,,,,"Set torque = 0"
251203,TX,0x201,3,0x90,0x90,0x3D,0x00,,,,,"Set torque = 61"
251209,RX,0x181,6,0x40,0x40,0x11,0x41,0x80,0x00,0x0B,,"Status word = 0x4111"
251216,RX,0x181,4,0x30,0x30,0x4F,0x00,0x01,,,,"Speed feedback = 79 rpm"
251229,TX,0x201,3,0x90,0x90,0x3D,0x00,,,,,"Set torque = 61"
251255,TX,0x201,3,0x90,0x90,0x3D,0x00,,,,,"Set torque = 61"
251281,TX,0x201,3,0x90,0x90,0xAC,0x01,,,,,"Set torque = 428"
251306,RX,0x181,6,0x40,0x40,0x11,0x43,0x80,0x00,0x0B,,"Status word = 0x4311"
251313,TX,0x201,3,0x90,0x90,0x99,0x00,,,,,"Set torque = 153"
251320,RX,0x181,4,0x30,0x30,0x27,0x00,0x01,,,,"Speed feedback = 39 rpm"
251340,TX,0x201,3,0x90,0x90,0x6F,0x01,,,,,"Set torque = 367"
251366,TX,0x201,3,0x90,0x90,0xE9,0x01,,,,,"Set torque = 489"
251392,TX,0x201,3,0x90,0x90,0xD3,0x03,,,,,"Set torque = 979"
251406,RX,0x181,6,0x40,0x40,0x11,0x41,0x80,0x00,0x0B,,"Status word = 0x4111"
251413,RX,0x181,4,0x30,0x30,0xEF,0x00,0x01,,,,"Speed feedback = 239 rpm"
251420,TX,0x201,3,0x90,0x90,0xC8,0x04,,,,,"Set torque = 1224"
251447,TX,0x201,3,0x90,0x90,0x3A,0x03,,,,,"Set torque = 826"
251473,TX,0x201,3,0x90,0x90,0x45,0x02,,,,,"Set torque = 581"
251499,TX,0x201,3,0x90,0x90,0xFD,0x02,,,,,"Set torque = 765"
251506,RX,0x181,6,0x40,0x40,0x11,0x41,0x80,0x02,0x0B,,"Status word = 0x4111"
251513,RX,0x181,4,0x30,0x30,0x1E,0x03,0x01,,,,"Speed feedback = 798 rpm"
251525,TX,0x201,3,0x90,0x90,0x4E,0x04,,,,,"Set torque = 1102"
251551,TX,0x201,3,0x90,0x90,0x3A,0x03,,,,,"Set torque = 826"
251577,TX,0x201,3,0x90,0x90,0xFD,0x02,,,,,"Set torque = 765"
251603,TX,0x201,3,0x90,0x90,0xE9,0x01,,,,,"Set torque = 489"
251610,RX,0x181,6,0x40,0x40,0x11,0x41,0x80,0x02,0x0B,,"Status word = 0x4111"
251616,RX,0x181,4,0x30,0x30,0x4D,0x05,0x01,,,,"Speed feedback = 1357 rpm"
251630,TX,0x201,3,0x90,0x90,0x83,0x02,,,,,"Set torque = 643"
251656,TX,0x201,3,0x90,0x90,0x08,0x02,,,,,"Set torque = 520"
251685,TX,0x201,3,0x90,0x90,0x27,0x02,,,,,"Set torque = 551"
251706,RX,0x181,6,0x40,0x40,0x11,0x41,0x80,0x02,0x0B,,"Status word = 0x4111"
251712,TX,0x201,3,0x90,0x90,0x3A,0x03,,,,,"Set torque = 826"
251719,RX,0x181,4,0x30,0x30,0xED,0x05,0x01,,,,"Speed feedback = 1517 rpm"
251739,TX,0x201,3,0x90,0x90,0x83,0x02,,,,,"Set torque = 643"
251765,TX,0x201,3,0x90,0x90,0x96,0x03,,,,,"Set torque = 918"
251791,TX,0x201,3,0x90,0x90,0xF0,0x06,,,,,"Set torque = 1776"
251805,RX,0x181,6,0x40,0x40,0x11,0x41,0x80,0x02,0x0B,,"Status word = 0x4111"
251812,RX,0x181,4,0x30,0x30,0xCC,0x07,0x01,,,,"Speed feedback = 1996 rpm"
251819,TX,0x201,3,0x90,0x90,0x45,0x02,,,,,"Set torque = 581"
251846,TX,0x201,3,0x90,0x90,0x00,0x00,,,,,"Set torque = 0"
251872,TX,0x201,3,0x90,0x90,0x4E,0x04,,,,,"Set torque = 1102"
251898,TX,0x201,3,0x90,0x90,0x59,0x03,,,,,"Set torque = 857"
251905,RX,0x181,6,0x40,0x40,0x11,0x41,0x80,0x02,0x0B,,"Status word = 0x4111"
251912,RX,0x181,4,0x30,0x30,0x23,0x0A,0x01,,,,"Speed feedback = 2595 rpm"
251925,TX,0x201,3,0x90,0x90,0xDE,0x02,,,,,"Set torque = 734"
251951,TX,0x201,3,0x90,0x90,0x45,0x02,,,,,"Set torque = 581"
251977,TX,0x201,3,0x90,0x90,0xC0,0x02,,,,,"Set torque = 704"
252003,TX,0x201,3,0x90,0x90,0x96,0x03,,,,,"Set torque = 918"
252009,RX,0x181,6,0x40,0x40,0x11,0x41,0x80,0x02,0x0B,,"Status word = 0x4111"
252016,RX,0x181,4,0x30,0x30,0x3B,0x0B,0x01,,,,"Speed feedback = 2875 rpm"
252029,TX,0x201,3,0x90,0x90,0x83,0x02,,,,,"Set torque = 643"
252056,TX,0x201,3,0x90,0x90,0x59,0x03,,,,,"Set torque = 857"
252082,TX,0x201,3,0x90,0x90,0xC0,0x02,,,,,"Set torque = 704"
252105,RX,0x181,6,0x40,0x40,0x11,0x41,0x80,0x02,0x0B,,"Status word = 0x4111"
252112,TX,0x201,3,0x90,0x90,0xFD,0x02,,,,,"Set torque = 765"
252118,RX,0x181,4,0x30,0x30,0x7B,0x0C,0x01,,,,"Speed feedback = 3195 rpm"
252138,TX,0x201,3,0x90,0x90,0xDE,0x02,,,,,"Set torque = 734"
252164,TX,0x201,3,0x90,0x90,0x64,0x02,,,,,"Set torque = 612"
252190,TX,0x201,3,0x90,0x90,0x13,0x01,,,,,"Set torque = 275"
252205,RX,0x181,6,0x40,0x40,0x11,0x41,0x80,0x02,0x0B,,"Status word = 0x4111"
252212,RX,0x181,4,0x30,0x30,0x6A,0x0D,0x01,,,,"Speed feedback = 3434 rpm"
252219,TX,0x201,3,0x90,0x90,0x3A,0x03,,,,,"Set torque = 826"
252245,TX,0x201,3,0x90,0x90,0x59,0x03,,,,,"Set torque = 857"
252271,TX,0x201,3,0x90,0x90,0x59,0x03,,,,,"Set torque = 857"
252297,TX,0x201,3,0x90,0x90,0xDE,0x02,,,,,"Set torque = 734"
252305,RX,0x181,6,0x40,0x40,0x11,0x41,0x80,0x02,0x0B,,"Status word = 0x4111"
252312,RX,0x181,4,0x30,0x30,0x1A,0x0D,0x01,,,,"Speed feedback = 3354 rpm"
252323,TX,0x201,3,0x90,0x90,0x83,0x02,,,,,"Set torque = 643"
252349,TX,0x201,3,0x90,0x90,0x59,0x03,,,,,"Set torque = 857"
252376,TX,0x201,3,0x90,0x90,0x78,0x03,,,,,"Set torque = 888"
252402,TX,0x201,3,0x90,0x90,0xD3,0x03,,,,,"Set torque = 979"
252408,RX,0x181,6,0x40,0x40,0x11,0x41,0x80,0x02,0x0B,,"Status word = 0x4111"
252415,RX,0x181,4,0x30,0x30,0xFA,0x0E,0x01,,,,"Speed feedback = 3834 rpm"
252428,TX,0x201,3,0x90,0x90,0xF4,0x00,,,,,"Set torque = 244"
252454,TX,0x201,3,0x90,0x90,0x6D,0x04,,,,,"Set torque = 1133"
252480,TX,0x201,3,0x90,0x90,0x83,0x02,,,,,"Set torque = 643"
252504,RX,0x181,6,0x40,0x40,0x11,0x41,0x80,0x02,0x0B,,"Status word = 0x4111"
252511,TX,0x201,3,0x90,0x90,0x8E,0x01,,,,,"Set torque = 398"
252518,RX,0x181,4,0x30,0x30,0x39,0x10,0x01,,,,"Speed feedback = 4153 rpm"
252538,TX,0x201,3,0x90,0x90,0xA1,0x02,,,,,"Set torque = 673"
252564,TX,0x201,3,0x90,0x90,0xD6,0x00,,,,,"Set torque = 214"
252590,TX,0x201,3,0x90,0x90,0x50,0x01,,,,,"Set torque = 336"
252604,RX,0x181,6,0x40,0x40,0x11,0x41,0x80,0x02,0x0B,,"Status word = 0x4111"
252611,RX,0x181,4,0x30,0x30,0x89,0x10,0x01,,,,"Speed feedback = 4233 rpm"
252618,TX,0x201,3,0x90,0x90,0x8E,0x01,,,,,"Set torque = 398"
252645,TX,0x201,3,0x90,0x90,0xB7,0x00,,,,,"Set torque = 183"
252671,TX,0x201,3,0x90,0x90,0x8E,0x01,,,,,"Set torque = 398"
252698,TX,0x201,3,0x90,0x90,0x59,0x03,,,,,"Set torque = 857"
252704,RX,0x181,6,0x40,0x40,0x11,0x41,0x80,0x02,0x0B,,"Status word = 0x4111"
252711,RX,0x181,4,0x30,0x30,0xAA,0x0E,0x01,,,,"Speed feedback = 3754 rpm"
252724,TX,0x201,3,0x90,0x90,0x13,0x01,,,,,"Set torque = 275"
252750,TX,0x201,3,0x90,0x90,0xC0,0x02,,,,,"Set torque = 704"
252776,TX,0x201,3,0x90,0x90,0x3A,0x03,,,,,"Set torque = 826"
252802,TX,0x201,3,0x90,0x90,0x8E,0x01,,,,,"Set torque = 398"
252808,RX,0x181,6,0x40,0x40,0x11,0x41,0x80,0x02,0x0B,,"Status word = 0x4111"
252815,RX,0x181,4,0x30,0x30,0xE9,0x0F,0x01,,,,"Speed feedback = 4073 rpm"
252828,TX,0x201,3,0x90,0x90,0xB7,0x00,,,,,"Set torque = 183"
252854,TX,0x201,3,0x90,0x90,0xDE,0x02,,,,,"Set torque = 734"
252880,TX,0x201,3,0x90,0x90,0x32,0x01,,,,,"Set torque = 306"
252904,RX,0x181,6,0x40,0x40,0x11,0x41,0x80,0x02,0x0B,,"Status word = 0x4111"
252910,TX,0x201,3,0x90,0x90,0xC0,0x02,,,,,"Set torque = 704"
252917,RX,0x181,4,0x30,0x30,0x71,0x0F,0x01,,,,"Speed feedback = 3953 rpm"
252937,TX,0x201,3,0x90,0x90,0x00,0x00,,,,,"Set torque = 0"
252963,TX,0x201,3,0x90,0x90,0xF4,0x00,,,,,"Set torque = 244"
252989,TX,0x201,3,0x90,0x90,0x45,0x02,,,,,"Set torque = 581"
253003,RX,0x181,6,0x40,0x40,0x11,0x41,0x80,0x02,0x0B,,"Status word = 0x4111"
253010,RX,0x181,4,0x30,0x30,0xAA,0x0E,0x01,,,,"Speed feedback = 3754 rpm"
253017,TX,0x201,3,0x90,0x90,0x5B,0x00,,,,,"Set torque = 91"
253044,TX,0x201,3,0x90,0x90,0x00,0x00,,,,,"Set torque = 0"
253070,TX,0x201,3,0x90,0x90,0x6F,0x01,,,,,"Set torque = 367"
253096,TX,0x201,3,0x90,0x90,0xC0,0x02,,,,,"Set torque = 704"
253103,RX,0x181,6,0x40,0x40,0x11,0x41,0x80,0x02,0x0B,,"Status word = 0x4111"
253110,RX,0x181,4,0x30,0x30,0xAA,0x0E,0x01,,,,"Speed feedback = 3754 rpm"
253122,TX,0x201,3,0x90,0x90,0x00,0x00,,,,,"Set torque = 0"
253149,TX,0x201,3,0x90,0x90,0x45,0x02,,,,,"Set torque = 581"
253175,TX,0x201,3,0x90,0x90,0x13,0x01,,,,,"Set torque = 275"
253201,TX,0x201,3,0x90,0x90,0x8E,0x01,,,,,"Set torque = 398"
253207,RX,0x181,6,0x40,0x40,0x11,0x41,0x80,0x02,0x0B,,"Status word = 0x4111"
253214,RX,0x181,4,0x30,0x30,0x1A,0x0D,0x01,,,,"Speed feedback = 3354 rpm"
253227,TX,0x201,3,0x90,0x90,0xB7,0x00,,,,,"Set torque = 183"
253253,TX,0x201,3,0x90,0x90,0x32,0x01,,,,,"Set torque = 306"
253279,TX,0x201,3,0x90,0x90,0xFD,0x02,,,,,"Set torque = 765"
253303,RX,0x181,6,0x40,0x40,0x11,0x41,0x80,0x02,0x0B,,"Status word = 0x4111"
253310,RX,0x181,4,0x30,0x30,0x53,0x0C,0x01,,,,"Speed feedback = 3155 rpm"
253317,TX,0x201,3,0x90,0x90,0xDE,0x02,,,,,"Set torque = 734"
253344,TX,0x201,3,0x90,0x90,0xB5,0x03,,,,,"Set torque = 949"
253370,TX,0x201,3,0x90,0x90,0x27,0x02,,,,,"Set torque = 551"
253396,TX,0x201,3,0x90,0x90,0x78,0x03,,,,,"Set torque = 888"
253403,RX,0x181,6,0x40,0x40,0x11,0x41,0x80,0x02,0x0B,,"Status word = 0x4111"
253410,RX,0x181,4,0x30,0x30,0xBA,0x0D,0x01,,,,"Speed feedback = 3514 rpm"
253422,TX,0x201,3,0x90,0x90,0xF2,0x03,,,,,"Set torque = 1010"
253448,TX,0x201,3,0x90,0x90,0xFD,0x02,,,,,"Set torque = 765"
253475,TX,0x201,3,0x90,0x90,0xB5,0x03,,,,,"Set torque = 949"
253501,TX,0x201,3,0x90,0x90,0x1C,0x03,,,,,"Set torque = 796"
253507,RX,0x181,6,0x40,0x40,0x11,0x41,0x80,0x02,0x0B,,"Status word = 0x4111"
253514,RX,0x181,4,0x30,0x30,0xAA,0x0E,0x01,,,,"Speed feedback = 3754 rpm"
253527,TX,0x201,3,0x90,0x90,0xA1,0x02,,,,,"Set torque = 673"
253553,TX,0x201,3,0x90,0x90,0xF2,0x03,,,,,"Set torque = 1010"
253579,TX,0x201,3,0x90,0x90,0xC8,0x04,,,,,"Set torque = 1224"
253603,RX,0x181,6,0x40,0x40,0x11,0x41,0x80,0x02,0x0B,,"Status word = 0x4111"
253609,TX,0x201,3,0x90,0x90,0xB5,0x03,,,,,"Set torque = 949"
253616,RX,0x181,4,0x30,0x30,0x51,0x11,0x01,,,,"Speed feedback = 4433 rpm"
253636,TX,0x201,3,0x90,0x90,0x45,0x02,,,,,"Set torque = 581"
253662,TX,0x201,3,0x90,0x90,0xC8,0x04,,,,,"Set torque = 1224"
253688,TX,0x201,3,0x90,0x90,0x2D,0x07,,,,,"Set torque = 1837"
253702,RX,0x181,6,0x40,0x40,0x11,0x41,0x80,0x02,0x0B,,"Status word = 0x4111"
253709,RX,0x181,4,0x30,0x30,0x08,0x13,0x01,,,,"Speed feedback = 4872 rpm"
253716,TX,0x201,3,0x90,0x90,0xAA,0x04,,,,,"Set torque = 1194"
253743,TX,0x201,3,0x90,0x90,0xC0,0x02,,,,,"Set torque = 704"
253769,TX,0x201,3,0x90,0x90,0x2F,0x04,,,,,"Set torque = 1071"
253796,TX,0x201,3,0x90,0x90,0xFB,0x05,,,,,"Set torque = 1531"
253802,RX,0x181,6,0x40,0x40,0x11,0x41,0x80,0x02,0x0B,,"Status word = 0x4111"
253809,RX,0x181,4,0x30,0x30,0x47,0x14,0x01,,,,"Speed feedback = 5191 rpm"
253822,TX,0x201,3,0x90,0x90,0xDC,0x05,,,,,"Set torque = 1500"
253848,TX,0x201,3,0x90,0x90,0x62,0x05,,,,,"Set torque = 1378"
253874,TX,0x201,3,0x90,0x90,0xF8,0x08,,,,,"Set torque = 2296"
253900,TX,0x201,3,0x90,0x90,0xB2,0x06,,,,,"Set torque = 1714"
253906,RX,0x181,6,0x40,0x40,0x11,0x41,0xA0,0x02,0x0B,,"Status word = 0x4111"
253913,RX,0x181,4,0x30,0x30,0x56,0x18,0x01,,,,"Speed feedback = 6230 rpm"
253926,TX,0x201,3,0x90,0x90,0x6A,0x07,,,,,"Set torque = 1898"
253952,TX,0x201,3,0x90,0x90,0xF8,0x08,,,,,"Set torque = 2296"
253978,TX,0x201,3,0x90,0x90,0x19,0x06,,,,,"Set torque = 1561"
254002,RX,0x181,6,0x40,0x40,0x11,0x41,0xA0,0x02,0x0B,,"Status word = 0x4111"
254009,TX,0x201,3,0x90,0x90,0xB2,0x06,,,,,"Set torque = 1714"
254015,RX,0x181,4,0x30,0x30,0x4D,0x1B,0x01,,,,"Speed feedback = 6989 rpm"
254035,TX,0x201,3,0x90,0x90,0x73,0x09,,,,,"Set torque = 2419"
254061,TX,0x201,3,0x90,0x90,0x7E,0x08,,,,,"Set torque = 2174"
254087,TX,0x201,3,0x90,0x90,0xB2,0x06,,,,,"Set torque = 1714"
254102,RX,0x181,6,0x40,0x40,0x11,0x41,0x80,0x02,0x0B,,"Status word = 0x4111"
254109,RX,0x181,4,0x30,0x30,0xFB,0x1F,0x01,,,,"Speed feedback = 8187 rpm"
254115,TX,0x201,3,0x90,0x90,0x0E,0x07,,,,,"Set torque = 1806"
254142,TX,0x201,3,0x90,0x90,0xF0,0x06,,,,,"Set torque = 1776"
254168,TX,0x201,3,0x90,0x90,0x9F,0x05,,,,,"Set torque = 1439"
254194,TX,0x201,3,0x90,0x90,0x89,0x07,,,,,"Set torque = 1929"
254202,RX,0x181,6,0x40,0x40,0x11,0x41,0xA0,0x02,0x0B,,"Status word = 0x4111"
254209,RX,0x181,4,0x30,0x30,0xB9,0x23,0x01,,,,"Speed feedback = 9145 rpm"
254220,TX,0x201,3,0x90,0x90,0xE7,0x04,,,,,"Set torque = 1255"
254247,TX,0x201,3,0x90,0x90,0xE5,0x07,,,,,"Set torque = 2021"
254273,TX,0x201,3,0x90,0x90,0xD1,0x06,,,,,"Set torque = 1745"
254299,TX,0x201,3,0x90,0x90,0x17,0x09,,,,,"Set torque = 2327"
254305,RX,0x181,6,0x40,0x40,0x11,0x41,0xA0,0x02,0x0B,,"Status word = 0x4111"
254312,RX,0x181,4,0x30,0x30,0xE8,0x25,0x01,,,,"Speed feedback = 9704 rpm"
254325,TX,0x201,3,0x90,0x90,0x19,0x06,,,,,"Set torque = 1561"
254351,TX,0x201,3,0x90,0x90,0x57,0x06,,,,,"Set torque = 1623"
254377,TX,0x201,3,0x90,0x90,0xF0,0x06,,,,,"Set torque = 1776"
254401,RX,0x181,6,0x40,0x40,0x11,0x41,0x80,0x02,0x0B,,"Status word = 0x4111"
254408,RX,0x181,4,0x30,0x30,0x38,0x26,0x01,,,,"Speed feedback = 9784 rpm"
254415,TX,0x201,3,0x90,0x90,0x0C,0x0A,,,,,"Set torque = 2572"
254442,TX,0x201,3,0x90,0x90,0x08,0x02,,,,,"Set torque = 520"
254468,TX,0x201,3,0x90,0x90,0x00,0x00,,,,,"Set torque = 0"
254494,TX,0x201,3,0x90,0x90,0x00,0x00,,,,,"Set torque = 0"
254501,RX,0x181,6,0x40,0x40,0x11,0x41,0xA0,0x02,0x0B,,"Status word = 0x4111"
254508,RX,0x181,4,0x30,0x30,0xE8,0x25,0x01,,,,"Speed feedback = 9704 rpm"
254520,TX,0x201,3,0x90,0x90,0x00,0x00,,,,,"Set torque = 0"
254546,TX,0x201,3,0x90,0x90,0x00,0x00,,,,,"Set torque = 0"
254573,TX,0x201,3,0x90,0x90,0x00,0x00,,,,,"Set torque = 0"
254599,TX,0x201,3,0x90,0x90,0x00,0x00,,,,,"Set torque = 0"
254605,RX,0x181,6,0x40,0x40,0x11,0x41,0x80,0x02,0x0B,,"Status word = 0x4111"
254612,RX,0x181,4,0x30,0x30,0xB9,0x23,0x01,,,,"Speed feedback = 9145 rpm"
254625,TX,0x201,3,0x90,0x90,0x00,0x00,,,,,"Set torque = 0"
254651,TX,0x201,3,0x90,0x90,0x00,0x00,,,,,"Set torque = 0"
254679,TX,0x201,3,0x90,0x90,0x00,0x00,,,,,"Set torque = 0"
254701,RX,0x181,6,0x40,0x40,0x11,0x41,0x80,0x02,0x0B,,"Status word = 0x4111"
254708,TX,0x201,3,0x90,0x90,0x00,0x00,,,,,"Set torque = 0"
254715,RX,0x181,4,0x30,0x30,0xEA,0x20,0x01,,,,"Speed feedback = 8426 rpm"
254735,TX,0x201,3,0x90,0x90,0x00,0x00,,,,,"Set torque = 0"
254761,TX,0x201,3,0x90,0x90,0x00,0x00,,,,,"Set torque = 0"
254787,TX,0x201,3,0x90,0x90,0x00,0x00,,,,,"Set torque = 0"
254801,RX,0x181,6,0x40,0x40,0x11,0x41,0xA0,0x02,0x0B,,"Status word = 0x4111"
254808,RX,0x181,4,0x30,0x30,0xB4,0x1C,0x01,,,,"Speed feedback = 7348 rpm"
254814,TX,0x201,3,0x90,0x90,0x00,0x00,,,,,"Set torque = 0"
254841,TX,0x201,3,0x90,0x90,0x00,0x00,,,,,"Set torque = 0"
254869,TX,0x201,3,0x90,0x90,0x00,0x00,,,,,"Set torque = 0"
254896,TX,0x201,3,0x90,0x90,0x00,0x00,,,,,"Set torque = 0"
254902,RX,0x181,6,0x40,0x40,0x11,0x41,0x80,0x02,0x0B,,"Status word = 0x4111"
254909,RX,0x181,4,0x30,0x30,0x1D,0x19,0x01,,,,"Speed feedback = 6429 rpm"
254922,TX,0x201,3,0x90,0x90,0x00,0x00,,,,,"Set torque = 0"
254949,TX,0x201,3,0x90,0x90,0x00,0x00,,,,,"Set torque = 0"
254975,TX,0x201,3,0x90,0x90,0x00,0x00,,,,,"Set torque = 0"
255000,RX,0x181,6,0x40,0x40,0x11,0x41,0x80,0x02,0x0B,,"Status word = 0x4111"
255007,TX,0x201,3,0x90,0x90,0x00,0x00,,,,,"Set torque = 0"
255014,RX,0x181,4,0x30,0x30,0xAF,0x15,0x01,,,,"Speed feedback = 5551 rpm"
255034,TX,0x201,3,0x90,0x90,0x00,0x00,,,,,"Set torque = 0"
255060,TX,0x201,3,0x90,0x90,0x00,0x00,,,,,"Set torque = 0"
255086,TX,0x201,3,0x90,0x90,0x00,0x00,,,,,"Set torque = 0"
255100,RX,0x181,6,0x40,0x40,0x11,0x41,0x80,0x02,0x0B,,"Status word = 0x4111"
255107,RX,0x181,4,0x30,0x30,0xA8,0x13,0x01,,,,"Speed feedback = 5032 rpm"
255114,TX,0x201,3,0x90,0x90,0x00,0x00,,,,,"Set torque = 0"
255141,TX,0x201,3,0x90,0x90,0x00,0x00,,,,,"Set torque = 0"
255167,TX,0x201,3,0x90,0x90,0x00,0x00,,,,,"Set torque = 0"
255193,TX,0x201,3,0x90,0x90,0x00,0x00,,,,,"Set torque = 0"
255200,RX,0x181,6,0x40,0x40,0x11,0x41,0x80,0x02,0x0B,,"Status word = 0x4111"
255207,RX,0x181,4,0x30,0x30,0xD9,0x10,0x01,,,,"Speed feedback = 4313 rpm"
255220,TX,0x201,3,0x90,0x90,0x00,0x00,,,,,"Set torque = 0"
255246,TX,0x201,3,0x90,0x90,0x00,0x00,,,,,"Set torque = 0"
255272,TX,0x201,3,0x90,0x90,0x00,0x00,,,,,"Set torque = 0"
255298,TX,0x201,3,0x90,0x90,0x00,0x00,,,,,"Set torque = 0"
255304,RX,0x181,6,0x40,0x40,0x11,0x41,0x80,0x02,0x0B,,"Status word = 0x4111"
255311,RX,0x181,4,0x30,0x30,0xE2,0x0D,0x01,,,,"Speed feedback = 3554 rpm"
255324,TX,0x201,3,0x90,0x90,0x00,0x00,,,,,"Set torque = 0"
255351,TX,0x201,3,0x90,0x90,0x00,0x00,,,,,"Set torque = 0"
255377,TX,0x201,3,0x90,0x90,0x00,0x00,,,,,"Set torque = 0"
255400,RX,0x181,6,0x40,0x40,0x11,0x41,0x80,0x02,0x0B,,"Status word = 0x4111"
255406,TX,0x201,3,0x90,0x90,0x00,0x00,,,,,"Set torque = 0"
255413,RX,0x181,4,0x30,0x30,0xDB,0x0B,0x01,,,,"Speed feedback = 3035 rpm"
255433,TX,0x201,3,0x90,0x90,0x00,0x00,,,,,"Set torque = 0"
255459,TX,0x201,3,0x90,0x90,0x00,0x00,,,,,"Set torque = 0"
255485,TX,0x201,3,0x90,0x90,0x00,0x00,,,,,"Set torque = 0"
255500,RX,0x181,6,0x40,0x40,0x11,0x41,0x80,0x02,0x0B,,"Status word = 0x4111"
255507,RX,0x181,4,0x30,0x30,0xFC,0x09,0x01,,,,"Speed feedback = 2556 rpm"
255513,TX,0x201,3,0x90,0x90,0x00,0x00,,,,,"Set torque = 0"
255540,TX,0x201,3,0x90,0x90,0x00,0x00,,,,,"Set torque = 0"
255566,TX,0x201,3,0x90,0x90,0x00,0x00,,,,,"Set torque = 0"
255592,TX,0x201,3,0x90,0x90,0x00,0x00,,,,,"Set torque = 0"
255599,RX,0x181,6,0x40,0x40,0x11,0x41,0x80,0x02,0x0B,,"Status word = 0x4111"
255606,RX,0x181,4,0x30,0x30,0x7D,0x07,0x01,,,,"Speed feedback = 1917 rpm"
255618,TX,0x201,3,0x90,0x90,0x00,0x00,,,,,"Set torque = 0"
255644,TX,0x201,3,0x90,0x90,0x00,0x00,,,,,"Set torque = 0"
255671,TX,0x201,3,0x90,0x90,0x00,0x00,,,,,"Set torque = 0"
255697,TX,0x201,3,0x90,0x90,0x00,0x00,,,,,"Set torque = 0"
255703,RX,0x181,6,0x40,0x40,0x11,0x41,0x80,0x02,0x0B,,"Status word = 0x4111"
255710,RX,0x181,4,0x30,0x30,0x9D,0x05,0x01,,,,"Speed feedback = 1437 rpm"
255723,TX,0x201,3,0x90,0x90,0x00,0x00,,,,,"Set torque = 0"
255749,TX,0x201,3,0x90,0x90,0x00,0x00,,,,,"Set torque = 0"
255775,TX,0x201,3,0x90,0x90,0x00,0x00,,,,,"Set torque = 0"
255799,RX,0x181,6,0x40,0x40,0x11,0x41,0x80,0x02,0x0B,,"Status word = 0x4111"
255806,TX,0x201,3,0x90,0x90,0x00,0x00,,,,,"Set torque = 0"
255813,RX,0x181,4,0x30,0x30,0x0E,0x04,0x01,,,,"Speed feedback = 1038 rpm"
255833,TX,0x201,3,0x90,0x90,0x00,0x00,,,,,"Set torque = 0"
255859,TX,0x201,3,0x90,0x90,0x00,0x00,,,,,"Set torque = 0"
255885,TX,0x201,3,0x90,0x90,0x00,0x00,,,,,"Set torque = 0"
255899,RX,0x181,6,0x40,0x40,0x11,0x41,0x80,0x02,0x0B,,"Status word = 0x4111"
255906,RX,0x181,4,0x30,0x30,0xA6,0x02,0x01,,,,"Speed feedback = 678 rpm"
255913,TX,0x201,3,0x90,0x90,0x00,0x00,,,,,"Set torque = 0"
255942,TX,0x201,3,0x90,0x90,0x00,0x00,,,,,"Set torque = 0"
255969,TX,0x201,3,0x90,0x90,0x00,0x00,,,,,"Set torque = 0"
255995,TX,0x201,3,0x90,0x90,0x00,0x00,,,,,"Set torque = 0"
256001,RX,0x181,6,0x40,0x40,0x11,0x41,0x80,0x00,0x0B,,"Status word = 0x4111"
256008,RX,0x181,4,0x30,0x30,0x8F,0x01,0x01,,,,"Speed feedback = 399 rpm"
256021,TX,0x201,3,0x90,0x90,0x00,0x00,,,,,"Set torque = 0"
256047,TX,0x201,3,0x90,0x90,0x00,0x00,,,,,"Set torque = 0"
256073,TX,0x201,3,0x90,0x90,0x00,0x00,,,,,"Set torque = 0"
256099,TX,0x201,3,0x90,0x90,0x00,0x00,,,,,"Set torque = 0"
256105,RX,0x181,6,0x40,0x40,0x11,0x41,0x80,0x00,0x0B,,"Status word = 0x4111"
256112,RX,0x181,4,0x30,0x30,0xC7,0x00,0x01,,,,"Speed feedback = 199 rpm"
256125,TX,0x201,3,0x90,0x90,0x00,0x00,,,,,"Set torque = 0"
256151,TX,0x201,3,0x90,0x90,0x00,0x00,,,,,"Set torque = 0"
256177,TX,0x201,3,0x90,0x90,0x00,0x00,,,,,"Set torque = 0"
256198,RX,0x181,6,0x40,0x40,0x11,0x41,0x80,0x00,0x0B,,"Status word = 0x4111"
256205,TX,0x201,3,0x90,0x90,0x00,0x00,,,,,"Set torque = 0"
256212,RX,0x181,4,0x30,0x30,0x00,0x00,0x01,,,,"Speed feedback = 0 rpm"
256232,TX,0x201,3,0x90,0x90,0x00,0x00,,,,,"Set torque = 0"
256258,TX,0x201,3,0x90,0x90,0x00,0x00,,,,,"Set torque = 0"
256285,TX,0x201,3,0x90,0x90,0x00,0x00,,,,,"Set torque = 0"
256298,RX,0x181,6,0x40,0x40,0x11,0x43,0x80,0x00,0x0B,,"Status word = 0x4311"
256305,RX,0x181,4,0x30,0x30,0xD8,0xFF,0x01,,,,"Speed feedback = 65496 rpm"
256312,TX,0x201,3,0x90,0x90,0x00,0x00,,,,,"Set torque = 0"
256339,TX,0x201,3,0x90,0x90,0x00,0x00,,,,,"Set torque = 0"
256365,TX,0x201,3,0x90,0x90,0x00,0x00,,,,,"Set torque = 0"
256391,TX,0x201,3,0x90,0x90,0x00,0x00,,,,,"Set torque = 0"
256398,RX,0x181,6,0x40,0x40,0x11,0x43,0x80,0x00,0x0B,,"Status word = 0x4311"
256405,RX,0x181,4,0x30,0x30,0xD8,0xFF,0x01,,,,"Speed feedback = 65496 rpm"
256417,TX,0x201,3,0x90,0x90,0x00,0x00,,,,,"Set torque = 0"
256443,TX,0x201,3,0x90,0x90,0x00,0x00,,,,,"Set torque = 0"
256469,TX,0x201,3,0x90,0x90,0x00,0x00,,,,,"Set torque = 0"
256495,TX,0x201,3,0x90,0x90,0x7A,0x00,,,,,"Set torque = 122"
256501,RX,0x181,6,0x40,0x40,0x11,0x43,0x80,0x00,0x0B,,"Status word = 0x4311"
256508,RX,0x181,4,0x30,0x30,0x00,0x00,0x01,,,,"Speed feedback = 0 rpm"
256521,TX,0x201,3,0x90,0x90,0xD3,0x03,,,,,"Set torque = 979"
256547,TX,0x201,3,0x90,0x90,0x73,0x09,,,,,"Set torque = 2419"
256573,TX,0x201,3,0x90,0x90,0xAE,0x0C,,,,,"Set torque = 3246"
256598,RX,0x181,6,0x40,0x40,0x11,0x43,0x80,0x00,0x0B,,"Status word = 0x4311"
256605,TX,0x201,3,0x90,0x90,0x58,0x11,,,,,"Set torque = 4440"
256611,RX,0x181,4,0x30,0x30,0x77,0x00,0x01,,,,"Speed feedback = 119 rpm"
256631,TX,0x201,3,0x90,0x90,0xBA,0x16,,,,,"Set torque = 5818"
256657,TX,0x201,3,0x90,0x90,0x13,0x1A,,,,,"Set torque = 6675"
256683,TX,0x201,3,0x90,0x90,0xB5,0x1C,,,,,"Set torque = 7349"
256698,RX,0x181,6,0x40,0x40,0x11,0x41,0x80,0x02,0x0B,,"Status word = 0x4111"
256705,RX,0x181,4,0x30,0x30,0x86,0x04,0x01,,,,"Speed feedback = 1158 rpm"
256711,TX,0x201,3,0x90,0x90,0xC4,0x23,,,,,"Set torque = 9156"
256738,TX,0x201,3,0x90,0x90,0x66,0x26,,,,,"Set torque = 9830"
256764,TX,0x201,3,0x90,0x90,0xAB,0x28,,,,,"Set torque = 10411"
256790,TX,0x201,3,0x90,0x90,0x56,0x2D,,,,,"Set torque = 11606"
256797,RX,0x181,6,0x40,0x40,0x11,0x41,0x80,0x02,0x0B,,"Status word = 0x4111"
256804,RX,0x181,4,0x30,0x30,0x4B,0x0A,0x01,,,,"Speed feedback = 2635 rpm"
256816,TX,0x201,3,0x90,0x90,0xFC,0x29,,,,,"Set torque = 10748"
256842,TX,0x201,3,0x90,0x90,0xAB,0x28,,,,,"Set torque = 10411"
256868,TX,0x201,3,0x90,0x90,0x84,0x26,,,,,"Set torque = 9860"
256894,TX,0x201,3,0x90,0x90,0x41,0x21,,,,,"Set torque = 8513"
256901,RX,0x181,6,0x40,0x40,0x11,0x41,0x80,0x02,0x0B,,"Status word = 0x4111"
256907,RX,0x181,4,0x30,0x30,0xC1,0x0F,0x01,,,,"Speed feedback = 4033 rpm"
256921,TX,0x201,3,0x90,0x90,0x13,0x1A,,,,,"Set torque = 6675"
256947,TX,0x201,3,0x90,0x90,0xD9,0x16,,,,,"Set torque = 5849"
256973,TX,0x201,3,0x90,0x90,0x18,0x14,,,,,"Set torque = 5144"
256997,RX,0x181,6,0x40,0x40,0x11,0x41,0x80,0x02,0x0B,,"Status word = 0x4111"
257004,TX,0x201,3,0x90,0x90,0xDD,0x10,,,,,"Set torque = 4317"
257011,RX,0x181,4,0x30,0x30,0x6F,0x14,0x01,,,,"Speed feedback = 5231 rpm"
257031,TX,0x201,3,0x90,0x90,0x14,0x0C,,,,,"Set torque = 3092"
257058,TX,0x201,3,0x90,0x90,0xE5,0x07,,,,,"Set torque = 2021"
257084,TX,0x201,3,0x90,0x90,0xF0,0x06,,,,,"Set torque = 1776"
257097,RX,0x181,6,0x40,0x40,0x11,0x41,0x80,0x02,0x0B,,"Status word = 0x4111"
257104,RX,0x181,4,0x30,0x30,0xDE,0x17,0x01,,,,"Speed feedback = 6110 rpm"
257111,TX,0x201,3,0x90,0x90,0xE9,0x01,,,,,"Set torque = 489"
257138,TX,0x201,3,0x90,0x90,0x00,0x00,,,,,"Set torque = 0"
257164,TX,0x201,3,0x90,0x90,0x00,0x00,,,,,"Set torque = 0"
257190,TX,0x201,3,0x90,0x90,0x00,0x00,,,,,"Set torque = 0"
257197,RX,0x181,6,0x40,0x40,0x11,0x41,0x80,0x02,0x0B,,"Status word = 0x4111"
257204,RX,0x181,4,0x30,0x30,0x25,0x1B,0x01,,,,"Speed feedback = 6949 rpm"
257216,TX,0x201,3,0x90,0x90,0x00,0x00,,,,,"Set torque = 0"
257242,TX,0x201,3,0x90,0x90,0x00,0x00,,,,,"Set torque = 0"
257268,TX,0x201,3,0x90,0x90,0x00,0x00,,,,,"Set torque = 0"
257294,TX,0x201,3,0x90,0x90,0x00,0x00,,,,,"Set torque = 0"
257298,RX,0x181,6,0x40,0x40,0x11,0x41,0x80,0x02,0x0B,,"Status word = 0x4111"
257305,RX,0x181,4,0x30,0x30,0xB6,0x17,0x01,,,,"Speed feedback = 6070 rpm"
257318,TX,0x201,3,0x90,0x90,0x00,0x00,,,,,"Set torque = 0"
257344,TX,0x201,3,0x90,0x90,0x00,0x00,,,,,"Set torque = 0"
257371,TX,0x201,3,0x90,0x90,0x00,0x00,,,,,"Set torque = 0"
257397,TX,0x201,3,0x90,0x90,0x00,0x00,,,,,"Set torque = 0"
257403,RX,0x181,6,0x40,0x40,0x11,0x41,0x80,0x02,0x0B,,"Status word = 0x4111"
257410,RX,0x181,4,0x30,0x30,0x77,0x16,0x01,,,,"Speed feedback = 5751 rpm"
257423,TX,0x201,3,0x90,0x90,0x00,0x00,,,,,"Set torque = 0"
257449,TX,0x201,3,0x90,0x90,0x00,0x00,,,,,"Set torque = 0"
257475,TX,0x201,3,0x90,0x90,0x00,0x00,,,,,"Set torque = 0"
257496,RX,0x181,6,0x40,0x40,0x11,0x41,0x80,0x02,0x0B,,"Status word = 0x4111"
257503,TX,0x201,3,0x90,0x90,0x00,0x00,,,,,"Set torque = 0"
257510,RX,0x181,4,0x30,0x30,0xB8,0x12,0x01,,,,"Speed feedback = 4792 rpm"
257530,TX,0x201,3,0x90,0x90,0x00,0x00,,,,,"Set torque = 0"
257556,TX,0x201,3,0x90,0x90,0x00,0x00,,,,,"Set torque = 0"
257582,TX,0x201,3,0x90,0x90,0x00,0x00,,,,,"Set torque = 0"
257596,RX,0x181,6,0x40,0x40,0x11,0x41,0x80,0x02,0x0B,,"Status word = 0x4111"
257603,RX,0x181,4,0x30,0x30,0x61,0x10,0x01,,,,"Speed feedback = 4193 rpm"
257610,TX,0x201,3,0x90,0x90,0x00,0x00,,,,,"Set torque = 0"
257637,TX,0x201,3,0x90,0x90,0x00,0x00,,,,,"Set torque = 0"
257663,TX,0x201,3,0x90,0x90,0x00,0x00,,,,,"Set torque = 0"
257690,TX,0x201,3,0x90,0x90,0x00,0x00,,,,,"Set torque = 0"
257696,RX,0x181,6,0x40,0x40,0x11,0x41,0x80,0x02,0x0B,,"Status word = 0x4111"
257703,RX,0x181,4,0x30,0x30,0x1A,0x0D,0x01,,,,"Speed feedback = 3354 rpm"
257716,TX,0x201,3,0x90,0x90,0x00,0x00,,,,,"Set torque = 0"
257742,TX,0x201,3,0x90,0x90,0x00,0x00,,,,,"Set torque = 0"
257768,TX,0x201,3,0x90,0x90,0x00,0x00,,,,,"Set torque = 0"
257794,TX,0x201,3,0x90,0x90,0x00,0x00,,,,,"Set torque = 0"
257800,RX,0x181,6,0x40,0x40,0x11,0x41,0x80,0x02,0x0B,,"Status word = 0x4111"
257807,RX,0x181,4,0x30,0x30,0xEB,0x0A,0x01,,,,"Speed feedback = 2795 rpm"
257820,TX,0x201,3,0x90,0x90,0x00,0x00,,,,,"Set torque = 0"
257846,TX,0x201,3,0x90,0x90,0x00,0x00,,,,,"Set torque = 0"
257872,TX,0x201,3,0x90,0x90,0x00,0x00,,,,,"Set torque = 0"
257896,RX,0x181,6,0x40,0x40,0x11,0x41,0x80,0x02,0x0B,,"Status word = 0x4111"
257903,TX,0x201,3,0x90,0x90,0x00,0x00,,,,,"Set torque = 0"
257909,RX,0x181,4,0x30,0x30,0x84,0x09,0x01,,,,"Speed feedback = 2436 rpm"
257929,TX,0x201,3,0x90,0x90,0x00,0x00,,,,,"Set torque = 0"
257955,TX,0x201,3,0x90,0x90,0x00,0x00,,,,,"Set torque = 0"
257981,TX,0x201,3,0x90,0x90,0x00,0x00,,,,,"Set torque = 0"
257996,RX,0x181,6,0x40,0x40,0x11,0x41,0x80,0x02,0x0B,,"Status word = 0x4111"
258003,RX,0x181,4,0x30,0x30,0xCC,0x07,0x01,,,,"Speed feedback = 1996 rpm"
258009,TX,0x201,3,0x90,0x90,0x00,0x00,,,,,"Set torque = 0"
258036,TX,0x201,3,0x90,0x90,0x00,0x00,,,,,"Set torque = 0"
258062,TX,0x201,3,0x90,0x90,0x00,0x00,,,,,"Set torque = 0"
258088,TX,0x201,3,0x90,0x90,0x00,0x00,,,,,"Set torque = 0"
258095,RX,0x181,6,0x40,0x40,0x11,0x41,0x80,0x02,0x0B,,"Status word = 0x4111"
258102,RX,0x181,4,0x30,0x30,0x75,0x05,0x01,,,,"Speed feedback = 1397 rpm"
258114,TX,0x201,3,0x90,0x90,0x00,0x00,,,,,"Set torque = 0"
258141,TX,0x201,3,0x90,0x90,0x00,0x00,,,,,"Set torque = 0"
258167,TX,0x201,3,0x90,0x90,0x00,0x00,,,,,"Set torque = 0"
258193,TX,0x201,3,0x90,0x90,0x00,0x00,,,,,"Set torque = 0"
258199,RX,0x181,6,0x40,0x40,0x11,0x41,0x80,0x02,0x0B,,"Status word = 0x4111"
258206,RX,0x181,4,0x30,0x30,0x0E,0x04,0x01,,,,"Speed feedback = 1038 rpm"
258219,TX,0x201,3,0x90,0x90,0x00,0x00,,,,,"Set torque = 0"
258245,TX,0x201,3,0x90,0x90,0x00,0x00,,,,,"Set torque = 0"
258271,TX,0x201,3,0x90,0x90,0x00,0x00,,,,,"Set torque = 0"
258295,RX,0x181,6,0x40,0x40,0x11,0x41,0x80,0x02,0x0B,,"Status word = 0x4111"
258302,RX,0x181,4,0x30,0x30,0xA6,0x02,0x01,,,,"Speed feedback = 678 rpm"
258309,TX,0x201,3,0x90,0x90,0x00,0x00,,,,,"Set torque = 0"
258336,TX,0x201,3,0x90,0x90,0x00,0x00,,,,,"Set torque = 0"
258362,TX,0x201,3,0x90,0x90,0x00,0x00,,,,,"Set torque = 0"
258388,TX,0x201,3,0x90,0x90,0x00,0x00,,,,,"Set torque = 0"
258395,RX,0x181,6,0x40,0x40,0x11,0x41,0x80,0x00,0x0B,,"Status word = 0x4111"
258402,RX,0x181,4,0x30,0x30,0x3F,0x01,0x01,,,,"Speed feedback = 319 rpm"
258414,TX,0x201,3,0x90,0x90,0x00,0x00,,,,,"Set torque = 0"
258440,TX,0x201,3,0x90,0x90,0x00,0x00,,,,,"Set torque = 0"
258467,TX,0x201,3,0x90,0x90,0x00,0x00,,,,,"Set torque = 0"
258493,TX,0x201,3,0x90,0x90,0x00,0x00,,,,,"Set torque = 0"
258499,RX,0x181,6,0x40,0x40,0x11,0x41,0x80,0x00,0x0B,,"Status word = 0x4111"
258506,RX,0x181,4,0x30,0x30,0x77,0x00,0x01,,,,"Speed feedback = 119 rpm"
258519,TX,0x201,3,0x90,0x90,0x00,0x00,,,,,"Set torque = 0"
258545,TX,0x201,3,0x90,0x90,0x00,0x00,,,,,"Set torque = 0"
258571,TX,0x201,3,0x90,0x90,0x00,0x00,,,,,"Set torque = 0"
258595,RX,0x181,6,0x40,0x40,0x11,0x43,0x80,0x00,0x0B,,"Status word = 0x4311"
258601,TX,0x201,3,0x90,0x90,0x00,0x00,,,,,"Set torque = 0"
258609,RX,0x181,4,0x30,0x30,0x00,0x00,0x01,,,,"Speed feedback = 0 rpm"
258629,TX,0x201,3,0x90,0x90,0x00,0x00,,,,,"Set torque = 0"
258655,TX,0x201,3,0x90,0x90,0x00,0x00,,,,,"Set torque = 0"
258681,TX,0x201,3,0x90,0x90,0x00,0x00,,,,,"Set torque = 0"
258694,RX,0x181,6,0x40,0x40,0x11,0x43,0x80,0x00,0x0B,,"Status word = 0x4311"
258701,RX,0x181,4,0x30,0x30,0x00,0x00,0x01,,,,"Speed feedback = 0 rpm"
258708,TX,0x201,3,0x90,0x90,0x00,0x00,,,,,"Set torque = 0"
258735,TX,0x201,3,0x90,0x90,0x00,0x00,,,,,"Set torque = 0"
258761,TX,0x201,3,0x90,0x90,0x00,0x00,,,,,"Set torque = 0"
258788,TX,0x201,3,0x90,0x90,0x00,0x00,,,,,"Set torque = 0"
258794,RX,0x181,6,0x40,0x40,0x11,0x43,0x80,0x00,0x0B,,"Status word = 0x4311"
258801,RX,0x181,4,0x30,0x30,0x00,0x00,0x01,,,,"Speed feedback = 0 rpm"
258814,TX,0x201,3,0x90,0x90,0x00,0x00,,,,,"Set torque = 0"
258840,TX,0x201,3,0x90,0x90,0x00,0x00,,,,,"Set torque = 0"
258866,TX,0x201,3,0x90,0x90,0x00,0x00,,,,,"Set torque = 0"
258892,TX,0x201,3,0x90,0x90,0x00,0x00,,,,,"Set torque = 0"
258898,RX,0x181,6,0x40,0x40,0x11,0x43,0x80,0x00,0x0B,,"Status word = 0x4311"
258905,RX,0x181,4,0x30,0x30,0x00,0x00,0x01,,,,"Speed feedback = 0 rpm"
258918,TX,0x201,3,0x90,0x90,0x00,0x00,,,,,"Set torque = 0"
258944,TX,0x201,3,0x90,0x90,0x00,0x00,,,,,"Set torque = 0"
258970,TX,0x201,3,0x90,0x90,0x00,0x00,,,,,"Set torque = 0"
258994,RX,0x181,6,0x40,0x40,0x11,0x43,0x80,0x00,0x0B,,"Status word = 0x4311"
259001,TX,0x201,3,0x90,0x90,0x00,0x00,,,,,"Set torque = 0"
259008,RX,0x181,4,0x30,0x30,0x00,0x00,0x01,,,,"Speed feedback = 0 rpm"
259028,TX,0x201,3,0x90,0x90,0x00,0x00,,,,,"Set torque = 0"
259054,TX,0x201,3,0x90,0x90,0x00,0x00,,,,,"Set torque = 0"
259080,TX,0x201,3,0x90,0x90,0x00,0x00,,,,,"Set torque = 0"
259094,RX,0x181,6,0x40,0x40,0x11,0x43,0x80,0x00,0x0B,,"Status word = 0x4311"
259101,RX,0x181,4,0x30,0x30,0x00,0x00,0x01,,,,"Speed feedback = 0 rpm"
259108,TX,0x201,3,0x90,0x90,0x00,0x00,,,,,"Set torque = 0"
259134,TX,0x201,3,0x90,0x90,0x00,0x00,,,,,"Set torque = 0"
259160,TX,0x201,3,0x90,0x90,0x00,0x00,,,,,"Set torque = 0"
259186,TX,0x201,3,0x90,0x90,0x00,0x00,,,,,"Set torque = 0"
259194,RX,0x181,6,0x40,0x40,0x11,0x43,0x80,0x00,0x0B,,"Status word = 0x4311"
259201,RX,0x181,4,0x30,0x30,0x00,0x00,0x01,,,,"Speed feedback = 0 rpm"
259214,TX,0x201,3,0x90,0x90,0x00,0x00,,,,,"Set torque = 0"
259240,TX,0x201,3,0x90,0x90,0x00,0x00,,,,,"Set torque = 0"
259266,TX,0x201,3,0x90,0x90,0x00,0x00,,,,,"Set torque = 0"
259292,TX,0x201,3,0x90,0x90,0x00,0x00,,,,,"Set torque = 0"
259298,RX,0x181,6,0x40,0x40,0x11,0x43,0x80,0x00,0x0B,,"Status word = 0x4311"
259305,RX,0x181,4,0x30,0x30,0x00,0x00,0x01,,,,"Speed feedback = 0 rpm"
259318,TX,0x201,3,0x90,0x90,0x00,0x00,,,,,"Set torque = 0"
259344,TX,0x201,3,0x90,0x90,0x00,0x00,,,,,"Set torque = 0"
259370,TX,0x201,3,0x90,0x90,0x00,0x00,,,,,"Set torque = 0"
259393,RX,0x181,6,0x40,0x40,0x11,0x43,0x80,0x00,0x0B,,"Status word = 0x4311"
259400,TX,0x201,3,0x90,0x90,0x00,0x00,,,,,"Set torque = 0"
259407,RX,0x181,4,0x30,0x30,0x00,0x00,0x01,,,,"Speed feedback = 0 rpm"
259427,TX,0x201,3,0x90,0x90,0x00,0x00,,,,,"Set torque = 0"
259453,TX,0x201,3,0x90,0x90,0x00,0x00,,,,,"Set torque = 0"
259479,TX,0x201,3,0x90,0x90,0x00,0x00,,,,,"Set torque = 0"
259493,RX,0x181,6,0x40,0x40,0x11,0x43,0x80,0x00,0x0B,,"Status word = 0x4311"
259500,RX,0x181,4,0x30,0x30,0x00,0x00,0x01,,,,"Speed feedback = 0 rpm"
259507,TX,0x201,3,0x90,0x90,0x00,0x00,,,,,"Set torque = 0"
259534,TX,0x201,3,0x90,0x90,0x00,0x00,,,,,"Set torque = 0"
259560,TX,0x201,3,0x90,0x90,0x00,0x00,,,,,"Set torque = 0"
259586,TX,0x201,3,0x90,0x90,0x00,0x00,,,,,"Set torque = 0"
259593,RX,0x181,6,0x40,0x40,0x11,0x43,0x80,0x00,0x0B,,"Status word = 0x4311"
259600,RX,0x181,4,0x30,0x30,0x00,0x00,0x01,,,,"Speed feedback = 0 rpm"
259612,TX,0x201,3,0x90,0x90,0x00,0x00,,,,,"Set torque = 0"
259638,TX,0x201,3,0x90,0x90,0x00,0x00,,,,,"Set torque = 0"
259664,TX,0x201,3,0x90,0x90,0x00,0x00,,,,,"Set torque = 0"
259690,TX,0x201,3,0x90,0x90,0x00,0x00,,,,,"Set torque = 0"
259697,RX,0x181,6,0x40,0x40,0x11,0x43,0x80,0x00,0x0B,,"Status word = 0x4311"
259703,RX,0x181,4,0x30,0x30,0x00,0x00,0x01,,,,"Speed feedback = 0 rpm"
259717,TX,0x201,3,0x90,0x90,0x00,0x00,,,,,"Set torque = 0"
259743,TX,0x201,3,0x90,0x90,0x00,0x00,,,,,"Set torque = 0"
259769,TX,0x201,3,0x90,0x90,0x00,0x00,,,,,"Set torque = 0"
259793,RX,0x181,6,0x40,0x40,0x11,0x43,0x80,0x00,0x0B,,"Status word = 0x4311"
259800,TX,0x201,3,0x90,0x90,0x00,0x00,,,,,"Set torque = 0"
259806,RX,0x181,4,0x30,0x30,0x00,0x00,0x01,,,,"Speed feedback = 0 rpm"
259826,TX,0x201,3,0x90,0x90,0x00,0x00,,,,,"Set torque = 0"
259853,TX,0x201,3,0x90,0x90,0x00,0x00,,,,,"Set torque = 0"
259879,TX,0x201,3,0x90,0x90,0x00,0x00,,,,,"Set torque = 0"
259893,RX,0x181,6,0x40,0x40,0x11,0x43,0x80,0x00,0x0B,,"Status word = 0x4311"
259900,RX,0x181,4,0x30,0x30,0x00,0x00,0x01,,,,"Speed feedback = 0 rpm"
259906,TX,0x201,3,0x90,0x90,0x00,0x00,,,,,"Set torque = 0"
259933,TX,0x201,3,0x90,0x90,0x00,0x00,,,,,"Set torque = 0"
259959,TX,0x201,3,0x90,0x90,0x00,0x00,,,,,"Set torque = 0"
259985,TX,0x201,3,0x90,0x90,0x00,0x00,,,,,"Set torque = 0"
259992,RX,0x181,6,0x40,0x40,0x11,0x43,0x80,0x00,0x0B,,"Status word = 0x4311"
260000,RX,0x181,4,0x30,0x30,0x00,0x00,0x01,,,,"Speed feedback = 0 rpm"
260011,TX,0x201,3,0x90,0x90,0x00,0x00,,,,,"Set torque = 0"
260037,TX,0x201,3,0x90,0x90,0x00,0x00,,,,,"Set torque = 0"
260063,TX,0x201,3,0x90,0x90,0x00,0x00,,,,,"Set torque = 0"
260089,TX,0x201,3,0x90,0x90,0x00,0x00,,,,,"Set torque = 0"
260095,RX,0x181,6,0x40,0x40,0x11,0x43,0x80,0x00,0x0B,,"Status word = 0x4311"
260102,RX,0x181,4,0x30,0x30,0x00,0x00,0x01,,,,"Speed feedback = 0 rpm"
260115,TX,0x201,3,0x90,0x90,0x00,0x00,,,,,"Set torque = 0"
260141,TX,0x201,3,0x90,0x90,0x00,0x00,,,,,"Set torque = 0"
260168,TX,0x201,3,0x90,0x90,0x00,0x00,,,,,"Set torque = 0"
260192,RX,0x181,6,0x40,0x40,0x11,0x43,0x80,0x00,0x0B,,"Status word = 0x4311"
260199,TX,0x201,3,0x90,0x90,0x00,0x00,,,,,"Set torque = 0"
260206,RX,0x181,4,0x30,0x30,0x00,0x00,0x01,,,,"Speed feedback = 0 rpm"
260226,TX,0x201,3,0x90,0x90,0x00,0x00,,,,,"Set torque = 0"
260252,TX,0x201,3,0x90,0x90,0x00,0x00,,,,,"Set torque = 0"
260278,TX,0x201,3,0x90,0x90,0x00,0x00,,,,,"Set torque = 0"
260292,RX,0x181,6,0x40,0x40,0x11,0x43,0x80,0x00,0x0B,,"Status word = 0x4311"
260299,RX,0x181,4,0x30,0x30,0x00,0x00,0x01,,,,"Speed feedback = 0 rpm"
260307,TX,0x201,3,0x90,0x90,0x00,0x00,,,,,"Set torque = 0"
260333,TX,0x201,3,0x90,0x90,0x00,0x00,,,,,"Set torque = 0"
260359,TX,0x201,3,0x90,0x90,0x00,0x00,,,,,"Set torque = 0"
260385,TX,0x201,3,0x90,0x90,0x00,0x00,,,,,"Set torque = 0"
260392,RX,0x181,6,0x40,0x40,0x11,0x43,0x80,0x00,0x0B,,"Status word = 0x4311"
260399,RX,0x181,4,0x30,0x30,0x00,0x00,0x01,,,,"Speed feedback = 0 rpm"
260411,TX,0x201,3,0x90,0x90,0x00,0x00,,,,,"Set torque = 0"
260437,TX,0x201,3,0x90,0x90,0x00,0x00,,,,,"Set torque = 0"
260464,TX,0x201,3,0x90,0x90,0x00,0x00,,,,,"Set torque = 0"
260490,TX,0x201,3,0x90,0x90,0x00,0x00,,,,,"Set torque = 0"
260496,RX,0x181,6,0x40,0x40,0x11,0x43,0x80,0x00,0x0B,,"Status word = 0x4311"
260503,RX,0x181,4,0x30,0x30,0x00,0x00,0x01,,,,"Speed feedback = 0 rpm"
260516,TX,0x201,3,0x90,0x90,0x00,0x00,,,,,"Set torque = 0"
260542,TX,0x201,3,0x90,0x90,0x00,0x00,,,,,"Set torque = 0"
260568,TX,0x201,3,0x90,0x90,0x00,0x00,,,,,"Set torque = 0"
260591,RX,0x181,6,0x40,0x40,0x11,0x43,0x80,0x00,0x0B,,"Status word = 0x4311"
260598,TX,0x201,3,0x90,0x90,0x00,0x00,,,,,"Set torque = 0"
260605,RX,0x181,4,0x30,0x30,0x00,0x00,0x01,,,,"Speed feedback = 0 rpm"
260625,TX,0x201,3,0x90,0x90,0x00,0x00,,,,,"Set torque = 0"
260651,TX,0x201,3,0x90,0x90,0x00,0x00,,,,,"Set torque = 0"
260677,TX,0x201,3,0x90,0x90,0x00,0x00,,,,,"Set torque = 0"
260691,RX,0x181,6,0x40,0x40,0x11,0x43,0x80,0x00,0x0B,,"Status word = 0x4311"
260698,RX,0x181,4,0x30,0x30,0x00,0x00,0x01,,,,"Speed feedback = 0 rpm"
260705,TX,0x201,3,0x90,0x90,0x00,0x00,,,,,"Set torque = 0"
260732,TX,0x201,3,0x90,0x90,0x00,0x00,,,,,"Set torque = 0"
260758,TX,0x201,3,0x90,0x90,0x00,0x00,,,,,"Set torque = 0"
260785,TX,0x201,3,0x90,0x90,0x00,0x00,,,,,"Set torque = 0"
260791,RX,0x181,6,0x40,0x40,0x11,0x43,0x80,0x00,0x0B,,"Status word = 0x4311"
260798,RX,0x181,4,0x30,0x30,0x00,0x00,0x01,,,,"Speed feedback = 0 rpm"
260811,TX,0x201,3,0x90,0x90,0x00,0x00,,,,,"Set torque = 0"
260837,TX,0x201,3,0x90,0x90,0x00,0x00,,,,,"Set torque = 0"
260863,TX,0x201,3,0x90,0x90,0x00,0x00,,,,,"Set torque = 0"
260889,TX,0x201,3,0x90,0x90,0x00,0x00,,,,,"Set torque = 0"
260895,RX,0x181,6,0x40,0x40,0x11,0x43,0x80,0x00,0x0B,,"Status word = 0x4311"
260902,RX,0x181,4,0x30,0x30,0x00,0x00,0x01,,,,"Speed feedback = 0 rpm"
260915,TX,0x201,3,0x90,0x90,0x00,0x00,,,,,"Set torque = 0"
260941,TX,0x201,3,0x90,0x90,0x00,0x00,,,,,"Set torque = 0"
260967,TX,0x201,3,0x90,0x90,0x00,0x00,,,,,"Set torque = 0"
260991,RX,0x181,6,0x40,0x40,0x11,0x43,0x80,0x00,0x0B,,"Status word = 0x4311"
260998,TX,0x201,3,0x90,0x90,0x00,0x00,,,,,"Set torque = 0"
261004,RX,0x181,4,0x30,0x30,0x00,0x00,0x01,,,,"Speed feedback = 0 rpm"
261024,TX,0x201,3,0x90,0x90,0x00,0x00,,,,,"Set torque = 0"
261050,TX,0x201,3,0x90,0x90,0x00,0x00,,,,,"Set torque = 0"
261076,TX,0x201,3,0x90,0x90,0x00,0x00,,,,,"Set torque = 0"
261091,RX,0x181,6,0x40,0x40,0x11,0x43,0x80,0x00,0x0B,,"Status word = 0x4311"
261098,RX,0x181,4,0x30,0x30,0x00,0x00,0x01,,,,"Speed feedback = 0 rpm"
261104,TX,0x201,3,0x90,0x90,0x00,0x00,,,,,"Set torque = 0"
261131,TX,0x201,3,0x90,0x90,0x00,0x00,,,,,"Set torque = 0"
261157,TX,0x201,3,0x90,0x90,0x00,0x00,,,,,"Set torque = 0"
261183,TX,0x201,3,0x90,0x90,0x00,0x00,,,,,"Set torque = 0"
261191,RX,0x181,6,0x40,0x40,0x11,0x43,0x80,0x00,0x0B,,"Status word = 0x4311"
261197,RX,0x181,4,0x30,0x30,0x00,0x00,0x01,,,,"Speed feedback = 0 rpm"
261209,TX,0x201,3,0x90,0x90,0x00,0x00,,,,,"Set torque = 0"
261236,TX,0x201,3,0x90,0x90,0x00,0x00,,,,,"Set torque = 0"
261262,TX,0x201,3,0x90,0x90,0x00,0x00,,,,,"Set torque = 0"
261288,TX,0x201,3,0x90,0x90,0x00,0x00,,,,,"Set torque = 0"
261296,RX,0x181,6,0x40,0x40,0x11,0x43,0x80,0x00,0x0B,,"Status word = 0x4311"
261302,RX,0x181,4,0x30,0x30,0x00,0x00,0x01,,,,"Speed feedback = 0 rpm"
261316,TX,0x201,3,0x90,0x90,0x00,0x00,,,,,"Set torque = 0"
261342,TX,0x201,3,0x90,0x90,0x00,0x00,,,,,"Set torque = 0"
261368,TX,0x201,3,0x90,0x90,0x00,0x00,,,,,"Set torque = 0"
261390,RX,0x181,6,0x40,0x40,0x11,0x43,0x80,0x00,0x0B,,"Status word = 0x4311"
261397,RX,0x181,4,0x30,0x30,0x00,0x00,0x01,,,,"Speed feedback = 0 rpm"
261404,TX,0x201,3,0x90,0x90,0x00,0x00,,,,,"Set torque = 0"
261431,TX,0x201,3,0x90,0x90,0x00,0x00,,,,,"Set torque = 0"
261457,TX,0x201,3,0x90,0x90,0x00,0x00,,,,,"Set torque = 0"
261483,TX,0x201,3,0x90,0x90,0x00,0x00,,,,,"Set torque = 0"
261490,RX,0x181,6,0x40,0x40,0x11,0x43,0x80,0x00,0x0B,,"Status word = 0x4311"
261497,RX,0x181,4,0x30,0x30,0x00,0x00,0x01,,,,"Speed feedback = 0 rpm"
261509,TX,0x201,3,0x90,0x90,0x00,0x00,,,,,"Set torque = 0"
261535,TX,0x201,3,0x90,0x90,0x00,0x00,,,,,"Set torque = 0"
261562,TX,0x201,3,0x90,0x90,0x00,0x00,,,,,"Set torque = 0"
261588,TX,0x201,3,0x90,0x90,0x00,0x00,,,,,"Set torque = 0"
261594,RX,0x181,6,0x40,0x40,0x11,0x43,0x80,0x00,0x0B,,"Status word = 0x4311"
261601,RX,0x181,4,0x30,0x30,0x00,0x00,0x01,,,,"Speed feedback = 0 rpm"
261614,TX,0x201,3,0x90,0x90,0x00,0x00,,,,,"Set torque = 0"
261640,TX,0x201,3,0x90,0x90,0x00,0x00,,,,,"Set torque = 0"
261666,TX,0x201,3,0x90,0x90,0x00,0x00,,,,,"Set torque = 0"
261690,RX,0x181,6,0x40,0x40,0x11,0x43,0x80,0x00,0x0B,,"Status word = 0x4311"
261696,TX,0x201,3,0x90,0x90,0x00,0x00,,,,,"Set torque = 0"
261704,RX,0x181,4,0x30,0x30,0x00,0x00,0x01,,,,"Speed feedback = 0 rpm"
261724,TX,0x201,3,0x90,0x90,0x00,0x00,,,,,"Set torque = 0"
261750,TX,0x201,3,0x90,0x90,0x00,0x00,,,,,"Set torque = 0"
261776,TX,0x201,3,0x90,0x90,0x00,0x00,,,,,"Set torque = 0"
261790,RX,0x181,6,0x40,0x40,0x11,0x43,0x80,0x00,0x0B,,"Status word = 0x4311"
261797,RX,0x181,4,0x30,0x30,0x00,0x00,0x01,,,,"Speed feedback = 0 rpm"
261803,TX,0x201,3,0x90,0x90,0x00,0x00,,,,,"Set torque = 0"
261830,TX,0x201,3,0x90,0x90,0x00,0x00,,,,,"Set torque = 0"
261856,TX,0x201,3,0x90,0x90,0x00,0x00,,,,,"Set torque = 0"
261883,TX,0x201,3,0x90,0x90,0x00,0x00,,,,,"Set torque = 0"
261889,RX,0x181,6,0x40,0x40,0x11,0x43,0x80,0x00,0x0B,,"Status word = 0x4311"
261896,RX,0x181,4,0x30,0x30,0x00,0x00,0x01,,,,"Speed feedback = 0 rpm"
261909,TX,0x201,3,0x90,0x90,0x00,0x00,,,,,"Set torque = 0"
261935,TX,0x201,3,0x90,0x90,0x00,0x00,,,,,"Set torque = 0"
261961,TX,0x201,3,0x90,0x90,0x00,0x00,,,,,"Set torque = 0"
261987,TX,0x201,3,0x90,0x90,0x00,0x00,,,,,"Set torque = 0"
261993,RX,0x181,6,0x40,0x40,0x11,0x43,0x80,0x00,0x0B,,"Status word = 0x4311"
262000,RX,0x181,4,0x30,0x30,0x00,0x00,0x01,,,,"Speed feedback = 0 rpm"
262013,TX,0x201,3,0x90,0x90,0x00,0x00,,,,,"Set torque = 0"
262039,TX,0x201,3,0x90,0x90,0x00,0x00,,,,,"Set torque = 0"
262065,TX,0x201,3,0x90,0x90,0x00,0x00,,,,,"Set torque = 0"
262089,RX,0x181,6,0x40,0x40,0x11,0x43,0x80,0x00,0x0B,,"Status word = 0x4311"
262096,TX,0x201,3,0x90,0x90,0x00,0x00,,,,,"Set torque = 0"
262103,RX,0x181,4,0x30,0x30,0x00,0x00,0x01,,,,"Speed feedback = 0 rpm"
262123,TX,0x201,3,0x90,0x90,0x00,0x00,,,,,"Set torque = 0"
262149,TX,0x201,3,0x90,0x90,0x00,0x00,,,,,"Set torque = 0"
262175,TX,0x201,3,0x90,0x90,0x00,0x00,,,,,"Set torque = 0"
262189,RX,0x181,6,0x40,0x40,0x11,0x43,0x80,0x00,0x0B,,"Status word = 0x4311"
262196,RX,0x181,4,0x30,0x30,0x00,0x00,0x01,,,,"Speed feedback = 0 rpm"
262203,TX,0x201,3,0x90,0x90,0x00,0x00,,,,,"Set torque = 0"
262229,TX,0x201,3,0x90,0x90,0x00,0x00,,,,,"Set torque = 0"
262255,TX,0x201,3,0x90,0x90,0x00,0x00,,,,,"Set torque = 0"
262281,TX,0x201,3,0x90,0x90,0x00,0x00,,,,,"Set torque = 0"
262289,RX,0x181,6,0x40,0x40,0x11,0x43,0x80,0x00,0x0B,,"Status word = 0x4311"
262296,RX,0x181,4,0x30,0x30,0x00,0x00,0x01,,,,"Speed feedback = 0 rpm"
262307,TX,0x201,3,0x90,0x90,0x00,0x00,,,,,"Set torque = 0"
262334,TX,0x201,3,0x90,0x90,0x00,0x00,,,,,"Set torque = 0"
262360,TX,0x201,3,0x90,0x90,0x00,0x00,,,,,"Set torque = 0"
262386,TX,0x201,3,0x90,0x90,0x00,0x00,,,,,"Set torque = 0"
262392,RX,0x181,6,0x40,0x40,0x11,0x43,0x80,0x00,0x0B,,"Status word = 0x4311"
262399,RX,0x181,4,0x30,0x30,0x00,0x00,0x01,,,,"Speed feedback = 0 rpm"
262412,TX,0x201,3,0x90,0x90,0x00,0x00,,,,,"Set torque = 0"
262438,TX,0x201,3,0x90,0x90,0x00,0x00,,,,,"Set torque = 0"
262464,TX,0x201,3,0x90,0x90,0x00,0x00,,,,,"Set torque = 0"
262488,RX,0x181,6,0x40,0x40,0x11,0x43,0x80,0x00,0x0B,,"Status word = 0x4311"
262496,RX,0x181,4,0x30,0x30,0x00,0x00,0x01,,,,"Speed feedback = 0 rpm"
262502,TX,0x201,3,0x90,0x90,0x00,0x00,,,,,"Set torque = 0"
262529,TX,0x201,3,0x90,0x90,0x00,0x00,,,,,"Set torque = 0"
262555,TX,0x201,3,0x90,0x90,0x00,0x00,,,,,"Set torque = 0"
262581,TX,0x201,3,0x90,0x90,0x00,0x00,,,,,"Set torque = 0"
262588,RX,0x181,6,0x40,0x40,0x11,0x43,0x80,0x00,0x0B,,"Status word = 0x4311"
262595,RX,0x181,4,0x30,0x30,0x00,0x00,0x01,,,,"Speed feedback = 0 rpm"
262607,TX,0x201,3,0x90,0x90,0x00,0x00,,,,,"Set torque = 0"
262633,TX,0x201,3,0x90,0x90,0x00,0x00,,,,,"Set torque = 0"
262660,TX,0x201,3,0x90,0x90,0x00,0x00,,,,,"Set torque = 0"
262686,TX,0x201,3,0x90,0x90,0x00,0x00,,,,,"Set torque = 0"
262692,RX,0x181,6,0x40,0x40,0x11,0x43,0x80,0x00,0x0B,,"Status word = 0x4311"
262699,RX,0x181,4,0x30,0x30,0x00,0x00,0x01,,,,"Speed feedback = 0 rpm"
262712,TX,0x201,3,0x90,0x90,0x00,0x00,,,,,"Set torque = 0"
262738,TX,0x201,3,0x90,0x90,0x00,0x00,,,,,"Set torque = 0"
262764,TX,0x201,3,0x90,0x90,0x00,0x00,,,,,"Set torque = 0"
262788,RX,0x181,6,0x40,0x40,0x11,0x43,0x80,0x00,0x0B,,"Status word = 0x4311"
262795,TX,0x201,3,0x90,0x90,0x00,0x00,,,,,"Set torque = 0"
262802,RX,0x181,4,0x30,0x30,0x00,0x00,0x01,,,,"Speed feedback = 0 rpm"
262822,TX,0x201,3,0x90,0x90,0x00,0x00,,,,,"Set torque = 0"
262848,TX,0x201,3,0x90,0x90,0x00,0x00,,,,,"Set torque = 0"
262874,TX,0x201,3,0x90,0x90,0x00,0x00,,,,,"Set torque = 0"
262888,RX,0x181,6,0x40,0x40,0x11,0x43,0x80,0x00,0x0B,,"Status word = 0x4311"
262895,RX,0x181,4,0x30,0x30,0x00,0x00,0x01,,,,"Speed feedback = 0 rpm"
262902,TX,0x201,3,0x90,0x90,0x00,0x00,,,,,"Set torque = 0"
262928,TX,0x201,3,0x90,0x90,0x00,0x00,,,,,"Set torque = 0"
262954,TX,0x201,3,0x90,0x90,0x00,0x00,,,,,"Set torque = 0"
262981,TX,0x201,3,0x90,0x90,0x00,0x00,,,,,"Set torque = 0"
262988,RX,0x181,6,0x40,0x40,0x11,0x43,0x80,0x00,0x0B,,"Status word = 0x4311"
262995,RX,0x181,4,0x30,0x30,0x00,0x00,0x01,,,,"Speed feedback = 0 rpm"
263007,TX,0x201,3,0x90,0x90,0x00,0x00,,,,,"Set torque = 0"
263033,TX,0x201,3,0x90,0x90,0x00,0x00,,,,,"Set torque = 0"
263059,TX,0x201,3,0x90,0x90,0x00,0x00,,,,,"Set torque = 0"
263085,TX,0x201,3,0x90,0x90,0x00,0x00,,,,,"Set torque = 0"
263091,RX,0x181,6,0x40,0x40,0x11,0x43,0x80,0x00,0x0B,,"Status word = 0x4311"
263098,RX,0x181,4,0x30,0x30,0x00,0x00,0x01,,,,"Speed feedback = 0 rpm"
263111,TX,0x201,3,0x90,0x90,0x00,0x00,,,,,"Set torque = 0"
263137,TX,0x201,3,0x90,0x90,0x00,0x00,,,,,"Set torque = 0"
263163,TX,0x201,3,0x90,0x90,0x00,0x00,,,,,"Set torque = 0"
263187,RX,0x181,6,0x40,0x40,0x11,0x43,0x80,0x00,0x0B,,"Status word = 0x4311"
263194,TX,0x201,3,0x90,0x90,0x00,0x00,,,,,"Set torque = 0"
263201,RX,0x181,4,0x30,0x30,0x00,0x00,0x01,,,,"Speed feedback = 0 rpm"
263221,TX,0x201,3,0x90,0x90,0x00,0x00,,,,,"Set torque = 0"
263247,TX,0x201,3,0x90,0x90,0x00,0x00,,,,,"Set torque = 0"
263273,TX,0x201,3,0x90,0x90,0x00,0x00,,,,,"Set torque = 0"
263287,RX,0x181,6,0x40,0x40,0x11,0x43,0x80,0x00,0x0B,,"Status word = 0x4311"
263294,RX,0x181,4,0x30,0x30,0x00,0x00,0x01,,,,"Speed feedback = 0 rpm"
263301,TX,0x201,3,0x90,0x90,0x00,0x00,,,,,"Set torque = 0"
263328,TX,0x201,3,0x90,0x90,0x00,0x00,,,,,"Set torque = 0"
263354,TX,0x201,3,0x90,0x90,0x00,0x00,,,,,"Set torque = 0"
263380,TX,0x201,3,0x90,0x90,0x00,0x00,,,,,"Set torque = 0"
263387,RX,0x181,6,0x40,0x40,0x11,0x43,0x80,0x00,0x0B,,"Status word = 0x4311"
263394,RX,0x181,4,0x30,0x30,0x00,0x00,0x01,,,,"Speed feedback = 0 rpm"
263406,TX,0x201,3,0x90,0x90,0x00,0x00,,,,,"Set torque = 0"
263433,TX,0x201,3,0x90,0x90,0x00,0x00,,,,,"Set torque = 0"
263459,TX,0x201,3,0x90,0x90,0x00,0x00,,,,,"Set torque = 0"
263485,TX,0x201,3,0x90,0x90,0x00,0x00,,,,,"Set torque = 0"
263491,RX,0x181,6,0x40,0x40,0x11,0x43,0x80,0x00,0x0B,,"Status word = 0x4311"
263498,RX,0x181,4,0x30,0x30,0x00,0x00,0x01,,,,"Speed feedback = 0 rpm"
263511,TX,0x201,3,0x90,0x90,0x00,0x00,,,,,"Set torque = 0"
263537,TX,0x201,3,0x90,0x90,0x00,0x00,,,,,"Set torque = 0"
263565,TX,0x201,3,0x90,0x90,0x00,0x00,,,,,"Set torque = 0"
263587,RX,0x181,6,0x40,0x40,0x11,0x43,0x80,0x00,0x0B,,"Status word = 0x4311"
263594,RX,0x181,4,0x30,0x30,0x00,0x00,0x01,,,,"Speed feedback = 0 rpm"
263601,TX,0x201,3,0x90,0x90,0x00,0x00,,,,,"Set torque = 0"
263627,TX,0x201,3,0x90,0x90,0x00,0x00,,,,,"Set torque = 0"
263653,TX,0x201,3,0x90,0x90,0x00,0x00,,,,,"Set torque = 0"
263679,TX,0x201,3,0x90,0x90,0x00,0x00,,,,,"Set torque = 0"
263687,RX,0x181,6,0x40,0x40,0x11,0x43,0x80,0x00,0x0B,,"Status word = 0x4311"
263693,RX,0x181,4,0x30,0x30,0x00,0x00,0x01,,,,"Speed feedback = 0 rpm"
263705,TX,0x201,3,0x90,0x90,0x00,0x00,,,,,"Set torque = 0"
263731,TX,0x201,3,0x90,0x90,0x00,0x00,,,,,"Set torque = 0"
263758,TX,0x201,3,0x90,0x90,0x00,0x00,,,,,"Set torque = 0"
263784,TX,0x201,3,0x90,0x90,0x00,0x00,,,,,"Set torque = 0"
263790,RX,0x181,6,0x40,0x40,0x11,0x43,0x80,0x00,0x0B,,"Status word = 0x4311"
263797,RX,0x181,4,0x30,0x30,0x00,0x00,0x01,,,,"Speed feedback = 0 rpm"
263810,TX,0x201,3,0x90,0x90,0x00,0x00,,,,,"Set torque = 0"
263834,TX,0x201,3,0x90,0x90,0x00,0x00,,,,,"Set torque = 0"
263860,TX,0x201,3,0x90,0x90,0x00,0x00,,,,,"Set torque = 0"
263886,TX,0x201,3,0x90,0x90,0x00,0x00,,,,,"Set torque = 0"
263892,RX,0x181,6,0x40,0x40,0x11,0x43,0x80,0x00,0x0B,,"Status word = 0x4311"
263899,RX,0x181,4,0x30,0x30,0x00,0x00,0x01,,,,"Speed feedback = 0 rpm"
263912,TX,0x201,3,0x90,0x90,0x00,0x00,,,,,"Set torque = 0"
263938,TX,0x201,3,0x90,0x90,0x00,0x00,,,,,"Set torque = 0"
263964,TX,0x201,3,0x90,0x90,0x00,0x00,,,,,"Set torque = 0"
263986,RX,0x181,6,0x40,0x40,0x11,0x43,0x80,0x00,0x0B,,"Status word = 0x4311"
263993,TX,0x201,3,0x90,0x90,0x00,0x00,,,,,"Set torque = 0"
264000,RX,0x181,4,0x30,0x30,0x00,0x00,0x01,,,,"Speed feedback = 0 rpm"
264020,TX,0x201,3,0x90,0x90,0x00,0x00,,,,,"Set torque = 0"
264046,TX,0x201,3,0x90,0x90,0x00,0x00,,,,,"Set torque = 0"
264073,TX,0x201,3,0x90,0x90,0x00,0x00,,,,,"Set torque = 0"
264086,RX,0x181,6,0x40,0x40,0x11,0x43,0x80,0x00,0x0B,,"Status word = 0x4311"
264093,RX,0x181,4,0x30,0x30,0x00,0x00,0x01,,,,"Speed feedback = 0 rpm"
264100,TX,0x201,3,0x90,0x90,0x00,0x00,,,,,"Set torque = 0"
264126,TX,0x201,3,0x90,0x90,0x00,0x00,,,,,"Set torque = 0"
264152,TX,0x201,3,0x90,0x90,0x00,0x00,,,,,"Set torque = 0"
264178,TX,0x201,3,0x90,0x90,0x00,0x00,,,,,"Set torque = 0"
264186,RX,0x181,6,0x40,0x40,0x11,0x43,0x80,0x00,0x0B,,"Status word = 0x4311"
264193,RX,0x181,4,0x30,0x30,0x00,0x00,0x01,,,,"Speed feedback = 0 rpm"
264204,TX,0x201,3,0x90,0x90,0x00,0x00,,,,,"Set torque = 0"
264230,TX,0x201,3,0x90,0x90,0x00,0x00,,,,,"Set torque = 0"
264256,TX,0x201,3,0x90,0x90,0x32,0x01,,,,,"Set torque = 306"
264282,TX,0x201,3,0x90,0x90,0x00,0x00,,,,,"Set torque = 0"
264288,RX,0x181,6,0x40,0x40,0x11,0x43,0x80,0x00,0x0B,,"Status word = 0x4311"
264295,RX,0x181,4,0x30,0x30,0x00,0x00,0x01,,,,"Speed feedback = 0 rpm"
264308,TX,0x201,3,0x90,0x90,0x00,0x00,,,,,"Set torque = 0"
264334,TX,0x201,3,0x90,0x90,0x00,0x00,,,,,"Set torque = 0"
264360,TX,0x201,3,0x90,0x90,0x00,0x00,,,,,"Set torque = 0"
264385,RX,0x181,6,0x40,0x40,0x11,0x43,0x80,0x00,0x0B,,"Status word = 0x4311"
264392,TX,0x201,3,0x90,0x90,0x00,0x00,,,,,"Set torque = 0"
264399,RX,0x181,4,0x30,0x30,0x00,0x00,0x01,,,,"Speed feedback = 0 rpm"
264419,TX,0x201,3,0x90,0x90,0x00,0x00,,,,,"Set torque = 0"
264445,TX,0x201,3,0x90,0x90,0x00,0x00,,,,,"Set torque = 0"
264471,TX,0x201,3,0x90,0x90,0x00,0x00,,,,,"Set torque = 0"
264485,RX,0x181,6,0x40,0x40,0x11,0x43,0x80,0x00,0x0B,,"Status word = 0x4311"
264492,RX,0x181,4,0x30,0x30,0x00,0x00,0x01,,,,"Speed feedback = 0 rpm"
264499,TX,0x201,3,0x90,0x90,0x00,0x00,,,,,"Set torque = 0"
264526,TX,0x201,3,0x90,0x90,0x00,0x00,,,,,"Set torque = 0"
264552,TX,0x201,3,0x90,0x90,0x00,0x00,,,,,"Set torque = 0"
264578,TX,0x201,3,0x90,0x90,0x00,0x00,,,,,"Set torque = 0"
264585,RX,0x181,6,0x40,0x40,0x11,0x43,0x80,0x00,0x0B,,"Status word = 0x4311"
264592,RX,0x181,4,0x30,0x30,0x00,0x00,0x01,,,,"Speed feedback = 0 rpm"
264604,TX,0x201,3,0x90,0x90,0x00,0x00,,,,,"Set torque = 0"
264632,TX,0x201,3,0x90,0x90,0x00,0x00,,,,,"Set torque = 0"
264661,TX,0x201,3,0x90,0x90,0x00,0x00,,,,,"Set torque = 0"
264685,RX,0x181,6,0x40,0x40,0x11,0x43,0x80,0x00,0x0B,,"Status word = 0x4311"
264692,TX,0x201,3,0x90,0x90,0x00,0x00,,,,,"Set torque = 0"
264698,RX,0x181,4,0x30,0x30,0x00,0x00,0x01,,,,"Speed feedback = 0 rpm"
264718,TX,0x201,3,0x90,0x90,0x00,0x00,,,,,"Set torque = 0"
264744,TX,0x201,3,0x90,0x90,0x00,0x00,,,,,"Set torque = 0"
264770,TX,0x201,3,0x90,0x90,0x00,0x00,,,,,"Set torque = 0"
264785,RX,0x181,6,0x40,0x40,0x11,0x43,0x80,0x00,0x0B,,"Status word = 0x4311"
264792,RX,0x181,4,0x30,0x30,0x00,0x00,0x01,,,,"Speed feedback = 0 rpm"
264799,TX,0x201,3,0x90,0x90,0x00,0x00,,,,,"Set torque = 0"
264826,TX,0x201,3,0x90,0x90,0x00,0x00,,,,,"Set torque = 0"
264852,TX,0x201,3,0x90,0x90,0x00,0x00,,,,,"Set torque = 0"
264878,TX,0x201,3,0x90,0x90,0x00,0x00,,,,,"Set torque = 0"
264885,RX,0x181,6,0x40,0x40,0x11,0x43,0x80,0x00,0x0B,,"Status word = 0x4311"
264892,RX,0x181,4,0x30,0x30,0x00,0x00,0x01,,,,"Speed feedback = 0 rpm"
264904,TX,0x201,3,0x90,0x90,0x00,0x00,,,,,"Set torque = 0"
264930,TX,0x201,3,0x90,0x90,0x00,0x00,,,,,"Set torque = 0"
264956,TX,0x201,3,0x90,0x90,0x00,0x00,,,,,"Set torque = 0"
264982,TX,0x201,3,0x90,0x90,0x00,0x00,,,,,"Set torque = 0"
264989,RX,0x181,6,0x40,0x40,0x11,0x43,0x80,0x00,0x0B,,"Status word = 0x4311"
264995,RX,0x181,4,0x30,0x30,0x00,0x00,0x01,,,,"Speed feedback = 0 rpm"
265009,TX,0x201,3,0x90,0x90,0x00,0x00,,,,,"Set torque = 0"
265035,TX,0x201,3,0x90,0x90,0x00,0x00,,,,,"Set torque = 0"
265061,TX,0x201,3,0x90,0x90,0x00,0x00,,,,,"Set torque = 0"
265084,RX,0x181,6,0x40,0x40,0x11,0x43,0x80,0x00,0x0B,,"Status word = 0x4311"
265091,TX,0x201,3,0x90,0x90,0x00,0x00,,,,,"Set torque = 0"
265098,RX,0x181,4,0x30,0x30,0x00,0x00,0x01,,,,"Speed feedback = 0 rpm"
265118,TX,0x201,3,0x90,0x90,0x00,0x00,,,,,"Set torque = 0"
265145,TX,0x201,3,0x90,0x90,0x00,0x00,,,,,"Set torque = 0"
265171,TX,0x201,3,0x90,0x90,0x00,0x00,,,,,"Set torque = 0"
265184,RX,0x181,6,0x40,0x40,0x11,0x43,0x80,0x00,0x0B,,"Status word = 0x4311"
265191,RX,0x181,4,0x30,0x30,0x00,0x00,0x01,,,,"Speed feedback = 0 rpm"
265198,TX,0x201,3,0x90,0x90,0x00,0x00,,,,,"Set torque = 0"
265225,TX,0x201,3,0x90,0x90,0x00,0x00,,,,,"Set torque = 0"
265251,TX,0x201,3,0x90,0x90,0x00,0x00,,,,,"Set torque = 0"
265277,TX,0x201,3,0x90,0x90,0x00,0x00,,,,,"Set torque = 0"
265284,RX,0x181,6,0x40,0x40,0x11,0x43,0x80,0x00,0x0B,,"Status word = 0x4311"
265291,RX,0x181,4,0x30,0x30,0x00,0x00,0x01,,,,"Speed feedback = 0 rpm"
265303,TX,0x201,3,0x90,0x90,0x00,0x00,,,,,"Set torque = 0"
265329,TX,0x201,3,0x90,0x90,0x00,0x00,,,,,"Set torque = 0"
265355,TX,0x201,3,0x90,0x90,0x00,0x00,,,,,"Set torque = 0"
265381,TX,0x201,3,0x90,0x90,0x00,0x00,,,,,"Set torque = 0"
265387,RX,0x181,6,0x40,0x40,0x11,0x43,0x80,0x00,0x0B,,"Status word = 0x4311"
265394,RX,0x181,4,0x30,0x30,0x00,0x00,0x01,,,,"Speed feedback = 0 rpm"
265407,TX,0x201,3,0x90,0x90,0x00,0x00,,,,,"Set torque = 0"
265433,TX,0x201,3,0x90,0x90,0x00,0x00,,,,,"Set torque = 0"
265460,TX,0x201,3,0x90,0x90,0x00,0x00,,,,,"Set torque = 0"
265484,RX,0x181,6,0x40,0x40,0x11,0x43,0x80,0x00,0x0B,,"Status word = 0x4311"
265490,TX,0x201,3,0x90,0x90,0x00,0x00,,,,,"Set torque = 0"
265497,RX,0x181,4,0x30,0x30,0x00,0x00,0x01,,,,"Speed feedback = 0 rpm"
265517,TX,0x201,3,0x90,0x90,0x00,0x00,,,,,"Set torque = 0"
265543,TX,0x201,3,0x90,0x90,0x00,0x00,,,,,"Set torque = 0"
265569,TX,0x201,3,0x90,0x90,0x00,0x00,,,,,"Set torque = 0"
265584,RX,0x181,6,0x40,0x40,0x11,0x43,0x80,0x00,0x0B,,"Status word = 0x4311"
265590,RX,0x181,4,0x30,0x30,0x00,0x00,0x01,,,,"Speed feedback = 0 rpm"
265598,TX,0x201,3,0x90,0x90,0x00,0x00,,,,,"Set torque = 0"
265624,TX,0x201,3,0x90,0x90,0x00,0x00,,,,,"Set torque = 0"
265650,TX,0x201,3,0x90,0x90,0x00,0x00,,,,,"Set torque = 0"
265676,TX,0x201,3,0x90,0x90,0x00,0x00,,,,,"Set torque = 0"
265683,RX,0x181,6,0x40,0x40,0x11,0x43,0x80,0x00,0x0B,,"Status word = 0x4311"
265690,RX,0x181,4,0x30,0x30,0x00,0x00,0x01,,,,"Speed feedback = 0 rpm"
265702,TX,0x201,3,0x90,0x90,0x00,0x00,,,,,"Set torque = 0"
265728,TX,0x201,3,0x90,0x90,0x00,0x00,,,,,"Set torque = 0"
265754,TX,0x201,3,0x90,0x90,0x00,0x00,,,,,"Set torque = 0"
265781,TX,0x201,3,0x90,0x90,0x00,0x00,,,,,"Set torque = 0"
265787,RX,0x181,6,0x40,0x40,0x11,0x43,0x80,0x00,0x0B,,"Status word = 0x4311"
265794,RX,0x181,4,0x30,0x30,0x00,0x00,0x01,,,,"Speed feedback = 0 rpm"
265807,TX,0x201,3,0x90,0x90,0x00,0x00,,,,,"Set torque = 0"
265833,TX,0x201,3,0x90,0x90,0x00,0x00,,,,,"Set torque = 0"
265859,TX,0x201,3,0x90,0x90,0x00,0x00,,,,,"Set torque = 0"
265883,RX,0x181,6,0x40,0x40,0x11,0x43,0x80,0x00,0x0B,,"Status word = 0x4311"
265890,TX,0x201,3,0x90,0x90,0x00,0x00,,,,,"Set torque = 0"
265897,RX,0x181,4,0x30,0x30,0x00,0x00,0x01,,,,"Speed feedback = 0 rpm"
265917,TX,0x201,3,0x90,0x90,0x00,0x00,,,,,"Set torque = 0"
265943,TX,0x201,3,0x90,0x90,0x00,0x00,,,,,"Set torque = 0"
265969,TX,0x201,3,0x90,0x90,0x00,0x00,,,,,"Set torque = 0"
265983,RX,0x181,6,0x40,0x40,0x11,0x43,0x80,0x00,0x0B,,"Status word = 0x4311"
265990,RX,0x181,4,0x30,0x30,0x00,0x00,0x01,,,,"Speed feedback = 0 rpm"
265997,TX,0x201,3,0x90,0x90,0x00,0x00,,,,,"Set torque = 0"
266023,TX,0x201,3,0x90,0x90,0x00,0x00,,,,,"Set torque = 0"
266049,TX,0x201,3,0x90,0x90,0x00,0x00,,,,,"Set torque = 0"
266075,TX,0x201,3,0x90,0x90,0x00,0x00,,,,,"Set torque = 0"
266083,RX,0x181,6,0x40,0x40,0x11,0x43,0x80,0x00,0x0B,,"Status word = 0x4311"
266090,RX,0x181,4,0x30,0x30,0x00,0x00,0x01,,,,"Speed feedback = 0 rpm"
266102,TX,0x201,3,0x90,0x90,0x00,0x00,,,,,"Set torque = 0"
266128,TX,0x201,3,0x90,0x90,0x00,0x00,,,,,"Set torque = 0"
266154,TX,0x201,3,0x90,0x90,0x00,0x00,,,,,"Set torque = 0"
266180,TX,0x201,3,0x90,0x90,0x00,0x00,,,,,"Set torque = 0"
266186,RX,0x181,6,0x40,0x40,0x11,0x43,0x80,0x00,0x0B,,"Status word = 0x4311"
266193,RX,0x181,4,0x30,0x30,0x00,0x00,0x01,,,,"Speed feedback = 0 rpm"
266206,TX,0x201,3,0x90,0x90,0x00,0x00,,,,,"Set torque = 0"
266233,TX,0x201,3,0x90,0x90,0x00,0x00,,,,,"Set torque = 0"
266259,TX,0x201,3,0x90,0x90,0x00,0x00,,,,,"Set torque = 0"
266282,RX,0x181,6,0x40,0x40,0x11,0x43,0x80,0x00,0x0B,,"Status word = 0x4311"
266289,TX,0x201,3,0x90,0x90,0x00,0x00,,,,,"Set torque = 0"
266296,RX,0x181,4,0x30,0x30,0x00,0x00,0x01,,,,"Speed feedback = 0 rpm"
266316,TX,0x201,3,0x90,0x90,0x00,0x00,,,,,"Set torque = 0"
266342,TX,0x201,3,0x90,0x90,0x00,0x00,,,,,"Set torque = 0"
266368,TX,0x201,3,0x90,0x90,0x00,0x00,,,,,"Set torque = 0"
266382,RX,0x181,6,0x40,0x40,0x11,0x43,0x80,0x00,0x0B,,"Status word = 0x4311"
266389,RX,0x181,4,0x30,0x30,0x00,0x00,0x01,,,,"Speed feedback = 0 rpm"
266396,TX,0x201,3,0x90,0x90,0x00,0x00,,,,,"Set torque = 0"
266423,TX,0x201,3,0x90,0x90,0x00,0x00,,,,,"Set torque = 0"
266449,TX,0x201,3,0x90,0x90,0x00,0x00,,,,,"Set torque = 0"
266475,TX,0x201,3,0x90,0x90,0x00,0x00,,,,,"Set torque = 0"
266482,RX,0x181,6,0x40,0x40,0x11,0x43,0x80,0x00,0x0B,,"Status word = 0x4311"
266489,RX,0x181,4,0x30,0x30,0x00,0x00,0x01,,,,"Speed feedback = 0 rpm"
266501,TX,0x201,3,0x90,0x90,0x00,0x00,,,,,"Set torque = 0"
266527,TX,0x201,3,0x90,0x90,0x00,0x00,,,,,"Set torque = 0"
266554,TX,0x201,3,0x90,0x90,0x00,0x00,,,,,"Set torque = 0"
266580,TX,0x201,3,0x90,0x90,0x00,0x00,,,,,"Set torque = 0"
266586,RX,0x181,6,0x40,0x40,0x11,0x43,0x80,0x00,0x0B,,"Status word = 0x4311"
266593,RX,0x181,4,0x30,0x30,0x00,0x00,0x01,,,,"Speed feedback = 0 rpm"
266606,TX,0x201,3,0x90,0x90,0x00,0x00,,,,,"Set torque = 0"
266632,TX,0x201,3,0x90,0x90,0x00,0x00,,,,,"Set torque = 0"
266658,TX,0x201,3,0x90,0x90,0x00,0x00,,,,,"Set torque = 0"
266682,RX,0x181,6,0x40,0x40,0x11,0x43,0x80,0x00,0x0B,,"Status word = 0x4311"
266689,TX,0x201,3,0x90,0x90,0x00,0x00,,,,,"Set torque = 0"
266696,RX,0x181,4,0x30,0x30,0x00,0x00,0x01,,,,"Speed feedback = 0 rpm"
266716,TX,0x201,3,0x90,0x90,0x00,0x00,,,,,"Set torque = 0"
266742,TX,0x201,3,0x90,0x90,0x00,0x00,,,,,"Set torque = 0"
266768,TX,0x201,3,0x90,0x90,0x00,0x00,,,,,"Set torque = 0"
266782,RX,0x181,6,0x40,0x40,0x11,0x43,0x80,0x00,0x0B,,"Status word = 0x4311"
266789,RX,0x181,4,0x30,0x30,0x00,0x00,0x01,,,,"Speed feedback = 0 rpm"
266795,TX,0x201,3,0x90,0x90,0x00,0x00,,,,,"Set torque = 0"
266822,TX,0x201,3,0x90,0x90,0x00,0x00,,,,,"Set torque = 0"
266848,TX,0x201,3,0x90,0x90,0x00,0x00,,,,,"Set torque = 0"
266875,TX,0x201,3,0x90,0x90,0x00,0x00,,,,,"Set torque = 0"
266881,RX,0x181,6,0x40,0x40,0x11,0x43,0x80,0x00,0x0B,,"Status word = 0x4311"
266888,RX,0x181,4,0x30,0x30,0x00,0x00,0x01,,,,"Speed feedback = 0 rpm"
266901,TX,0x201,3,0x90,0x90,0x00,0x00,,,,,"Set torque = 0"
266927,TX,0x201,3,0x90,0x90,0x00,0x00,,,,,"Set torque = 0"
266953,TX,0x201,3,0x90,0x90,0x00,0x00,,,,,"Set torque = 0"
266979,TX,0x201,3,0x90,0x90,0x00,0x00,,,,,"Set torque = 0"
266985,RX,0x181,6,0x40,0x40,0x11,0x43,0x80,0x00,0x0B,,"Status word = 0x4311"
266992,RX,0x181,4,0x30,0x30,0x00,0x00,0x01,,,,"Speed feedback = 0 rpm"
267005,TX,0x201,3,0x90,0x90,0x00,0x00,,,,,"Set torque = 0"
267031,TX,0x201,3,0x90,0x90,0x00,0x00,,,,,"Set torque = 0"
267057,TX,0x201,3,0x90,0x90,0x62,0x05,,,,,"Set torque = 1378"
267081,RX,0x181,6,0x40,0x40,0x11,0x43,0x80,0x00,0x0B,,"Status word = 0x4311"
267088,TX,0x201,3,0x90,0x90,0x8B,0x04,,,,,"Set torque = 1163"
267095,RX,0x181,4,0x30,0x30,0x00,0x00,0x01,,,,"Speed feedback = 0 rpm"
267115,TX,0x201,3,0x90,0x90,0x9F,0x05,,,,,"Set torque = 1439"
267141,TX,0x201,3,0x90,0x90,0x06,0x05,,,,,"Set torque = 1286"
267167,TX,0x201,3,0x90,0x90,0x22,0x08,,,,,"Set torque = 2082"
267181,RX,0x181,6,0x40,0x40,0x11,0x41,0x80,0x00,0x0B,,"Status word = 0x4111"
267188,RX,0x181,4,0x30,0x30,0x8F,0x01,0x01,,,,"Speed feedback = 399 rpm"
267195,TX,0x201,3,0x90,0x90,0xAA,0x04,,,,,"Set torque = 1194"
267221,TX,0x201,3,0x90,0x90,0x80,0x05,,,,,"Set torque = 1408"
267247,TX,0x201,3,0x90,0x90,0xC0,0x02,,,,,"Set torque = 704"
267273,TX,0x201,3,0x90,0x90,0x9F,0x05,,,,,"Set torque = 1439"
267281,RX,0x181,6,0x40,0x40,0x11,0x41,0x80,0x02,0x0B,,"Status word = 0x4111"
267288,RX,0x181,4,0x30,0x30,0x4D,0x05,0x01,,,,"Speed feedback = 1357 rpm"
267299,TX,0x201,3,0x90,0x90,0x11,0x04,,,,,"Set torque = 1041"
267326,TX,0x201,3,0x90,0x90,0x80,0x05,,,,,"Set torque = 1408"
267352,TX,0x201,3,0x90,0x90,0x8B,0x04,,,,,"Set torque = 1163"
267378,TX,0x201,3,0x90,0x90,0x3A,0x03,,,,,"Set torque = 826"
267384,RX,0x181,6,0x40,0x40,0x11,0x41,0x80,0x02,0x0B,,"Status word = 0x4111"
267391,RX,0x181,4,0x30,0x30,0xAC,0x09,0x01,,,,"Speed feedback = 2476 rpm"
267404,TX,0x201,3,0x90,0x90,0x1E,0x00,,,,,"Set torque = 30"
267430,TX,0x201,3,0x90,0x90,0x00,0x00,,,,,"Set torque = 0"
267456,TX,0x201,3,0x90,0x90,0x00,0x00,,,,,"Set torque = 0"
267481,RX,0x181,6,0x40,0x40,0x11,0x41,0x80,0x02,0x0B,,"Status word = 0x4111"
267488,RX,0x181,4,0x30,0x30,0x3B,0x0B,0x01,,,,"Speed feedback = 2875 rpm"
267494,TX,0x201,3,0x90,0x90,0x00,0x00,,,,,"Set torque = 0"
267521,TX,0x201,3,0x90,0x90,0x00,0x00,,,,,"Set torque = 0"
267547,TX,0x201,3,0x90,0x90,0x00,0x00,,,,,"Set torque = 0"
267573,TX,0x201,3,0x90,0x90,0x00,0x00,,,,,"Set torque = 0"
267580,RX,0x181,6,0x40,0x40,0x11,0x41,0x80,0x02,0x0B,,"Status word = 0x4111"
267587,RX,0x181,4,0x30,0x30,0x4B,0x0A,0x01,,,,"Speed feedback = 2635 rpm"
267599,TX,0x201,3,0x90,0x90,0x00,0x00,,,,,"Set torque = 0"
267625,TX,0x201,3,0x90,0x90,0x00,0x00,,,,,"Set torque = 0"
267652,TX,0x201,3,0x90,0x90,0x00,0x00,,,,,"Set torque = 0"
267678,TX,0x201,3,0x90,0x90,0x00,0x00,,,,,"Set torque = 0"
267684,RX,0x181,6,0x40,0x40,0x11,0x41,0x80,0x02,0x0B,,"Status word = 0x4111"
267691,RX,0x181,4,0x30,0x30,0xCC,0x07,0x01,,,,"Speed feedback = 1996 rpm"
267704,TX,0x201,3,0x90,0x90,0x00,0x00,,,,,"Set torque = 0"
267730,TX,0x201,3,0x90,0x90,0x00,0x00,,,,,"Set torque = 0"
267756,TX,0x201,3,0x90,0x90,0x00,0x00,,,,,"Set torque = 0"
267780,RX,0x181,6,0x40,0x40,0x11,0x41,0x80,0x02,0x0B,,"Status word = 0x4111"
267787,TX,0x201,3,0x90,0x90,0x00,0x00,,,,,"Set torque = 0"
267794,RX,0x181,4,0x30,0x30,0x65,0x06,0x01,,,,"Speed feedback = 1637 rpm"
267814,TX,0x201,3,0x90,0x90,0x00,0x00,,,,,"Set torque = 0"
267840,TX,0x201,3,0x90,0x90,0x00,0x00,,,,,"Set torque = 0"
267866,TX,0x201,3,0x90,0x90,0x00,0x00,,,,,"Set torque = 0"
267880,RX,0x181,6,0x40,0x40,0x11,0x41,0x80,0x02,0x0B,,"Status word = 0x4111"
267887,RX,0x181,4,0x30,0x30,0x0E,0x04,0x01,,,,"Speed feedback = 1038 rpm"
267895,TX,0x201,3,0x90,0x90,0x00,0x00,,,,,"Set torque = 0"
267922,TX,0x201,3,0x90,0x90,0x00,0x00,,,,,"Set torque = 0"
267950,TX,0x201,3,0x90,0x90,0x00,0x00,,,,,"Set torque = 0"
267976,TX,0x201,3,0x90,0x90,0x00,0x00,,,,,"Set torque = 0"
267982,RX,0x181,6,0x40,0x40,0x11,0x41,0x80,0x02,0x0B,,"Status word = 0x4111"
267989,RX,0x181,4,0x30,0x30,0xCE,0x02,0x01,,,,"Speed feedback = 718 rpm"
268002,TX,0x201,3,0x90,0x90,0x00,0x00,,,,,"Set torque = 0"
268028,TX,0x201,3,0x90,0x90,0x00,0x00,,,,,"Set torque = 0"
268054,TX,0x201,3,0x90,0x90,0x00,0x00,,,,,"Set torque = 0"
268080,TX,0x201,3,0x90,0x90,0x00,0x00,,,,,"Set torque = 0"
268086,RX,0x181,6,0x40,0x40,0x11,0x41,0x80,0x00,0x0B,,"Status word = 0x4111"
268093,RX,0x181,4,0x30,0x30,0xB7,0x01,0x01,,,,"Speed feedback = 439 rpm"
268106,TX,0x201,3,0x90,0x90,0x00,0x00,,,,,"Set torque = 0"
268132,TX,0x201,3,0x90,0x90,0x00,0x00,,,,,"Set torque = 0"
268158,TX,0x201,3,0x90,0x90,0x00,0x00,,,,,"Set torque = 0"
268179,RX,0x181,6,0x40,0x40,0x11,0x41,0x80,0x00,0x0B,,"Status word = 0x4111"
268186,TX,0x201,3,0x90,0x90,0x00,0x00,,,,,"Set torque = 0"
268193,RX,0x181,4,0x30,0x30,0xC7,0x00,0x01,,,,"Speed feedback = 199 rpm"
268213,TX,0x201,3,0x90,0x90,0x00,0x00,,,,,"Set torque = 0"
268239,TX,0x201,3,0x90,0x90,0x00,0x00,,,,,"Set torque = 0"
268266,TX,0x201,3,0x90,0x90,0x00,0x00,,,,,"Set torque = 0"
268279,RX,0x181,6,0x40,0x40,0x11,0x41,0x80,0x00,0x0B,,"Status word = 0x4111"
268286,RX,0x181,4,0x30,0x30,0x4F,0x00,0x01,,,,"Speed feedback = 79 rpm"
268293,TX,0x201,3,0x90,0x90,0x00,0x00,,,,,"Set torque = 0"
268320,TX,0x201,3,0x90,0x90,0x00,0x00,,,,,"Set torque = 0"
268346,TX,0x201,3,0x90,0x90,0x7A,0x00,,,,,"Set torque = 122"
268372,TX,0x201,3,0x90,0x90,0x1E,0x00,,,,,"Set torque = 30"
268379,RX,0x181,6,0x40,0x40,0x11,0x43,0x80,0x00,0x0B,,"Status word = 0x4311"
268386,RX,0x181,4,0x30,0x30,0x00,0x00,0x01,,,,"Speed feedback = 0 rpm"
268398,TX,0x201,3,0x90,0x90,0x27,0x02,,,,,"Set torque = 551"
268424,TX,0x201,3,0x90,0x90,0x8E,0x01,,,,,"Set torque = 398"
268450,TX,0x201,3,0x90,0x90,0xCB,0x01,,,,,"Set torque = 459"
268476,TX,0x201,3,0x90,0x90,0xF2,0x03,,,,,"Set torque = 1010"
268482,RX,0x181,6,0x40,0x40,0x11,0x41,0x80,0x00,0x0B,,"Status word = 0x4111"
268489,RX,0x181,4,0x30,0x30,0x9F,0x00,0x01,,,,"Speed feedback = 159 rpm"
268502,TX,0x201,3,0x90,0x90,0xE9,0x01,,,,,"Set torque = 489"
268528,TX,0x201,3,0x90,0x90,0x08,0x02,,,,,"Set torque = 520"
268554,TX,0x201,3,0x90,0x90,0x27,0x02,,,,,"Set torque = 551"
268579,RX,0x181,6,0x40,0x40,0x11,0x41,0x80,0x00,0x0B,,"Status word = 0x4111"
268586,TX,0x201,3,0x90,0x90,0xF4,0x00,,,,,"Set torque = 244"
268592,RX,0x181,4,0x30,0x30,0x07,0x02,0x01,,,,"Speed feedback = 519 rpm"
268612,TX,0x201,3,0x90,0x90,0xA1,0x02,,,,,"Set torque = 673"
268638,TX,0x201,3,0x90,0x90,0x59,0x03,,,,,"Set torque = 857"
268664,TX,0x201,3,0x90,0x90,0x8E,0x01,,,,,"Set torque = 398"
268679,RX,0x181,6,0x40,0x40,0x11,0x41,0x80,0x02,0x0B,,"Status word = 0x4111"
268686,RX,0x181,4,0x30,0x30,0x1E,0x03,0x01,,,,"Speed feedback = 798 rpm"
268692,TX,0x201,3,0x90,0x90,0x32,0x01,,,,,"Set torque = 306"
268718,TX,0x201,3,0x90,0x90,0x96,0x03,,,,,"Set torque = 918"
268744,TX,0x201,3,0x90,0x90,0x6F,0x01,,,,,"Set torque = 367"
268770,TX,0x201,3,0x90,0x90,0x78,0x03,,,,,"Set torque = 888"
268778,RX,0x181,6,0x40,0x40,0x11,0x41,0x80,0x02,0x0B,,"Status word = 0x4111"
268785,RX,0x181,4,0x30,0x30,0xBE,0x03,0x01,,,,"Speed feedback = 958 rpm"
268796,TX,0x201,3,0x90,0x90,0xE7,0x04,,,,,"Set torque = 1255"
268822,TX,0x201,3,0x90,0x90,0xDE,0x02,,,,,"Set torque = 734"
268848,TX,0x201,3,0x90,0x90,0xE9,0x01,,,,,"Set torque = 489"
268874,TX,0x201,3,0x90,0x90,0x96,0x03,,,,,"Set torque = 918"
268881,RX,0x181,6,0x40,0x40,0x11,0x41,0x80,0x02,0x0B,,"Status word = 0x4111"
268887,RX,0x181,4,0x30,0x30,0xAE,0x04,0x01,,,,"Speed feedback = 1198 rpm"
268901,TX,0x201,3,0x90,0x90,0x64,0x02,,,,,"Set torque = 612"
268927,TX,0x201,3,0x90,0x90,0x3A,0x03,,,,,"Set torque = 826"
268953,TX,0x201,3,0x90,0x90,0x00,0x00,,,,,"Set torque = 0"
268978,RX,0x181,6,0x40,0x40,0x11,0x41,0x80,0x02,0x0B,,"Status word = 0x4111"
268988,RX,0x181,4,0x30,0x30,0x75,0x05,0x01,,,,"Speed feedback = 1397 rpm"
268995,TX,0x201,3,0x90,0x90,0xCB,0x01,,,,,"Set torque = 459"
269022,TX,0x201,3,0x90,0x90,0x6F,0x01,,,,,"Set torque = 367"
269048,TX,0x201,3,0x90,0x90,0x32,0x01,,,,,"Set torque = 306"
269074,TX,0x201,3,0x90,0x90,0x50,0x01,,,,,"Set torque = 336"
269080,RX,0x181,6,0x40,0x40,0x11,0x41,0x80,0x02,0x0B,,"Status word = 0x4111"
269087,RX,0x181,4,0x30,0x30,0x9D,0x05,0x01,,,,"Speed feedback = 1437 rpm"
269100,TX,0x201,3,0x90,0x90,0xF2,0x03,,,,,"Set torque = 1010"
269126,TX,0x201,3,0x90,0x90,0x50,0x01,,,,,"Set torque = 336"
269152,TX,0x201,3,0x90,0x90,0x2F,0x04,,,,,"Set torque = 1071"
269178,TX,0x201,3,0x90,0x90,0x6F,0x01,,,,,"Set torque = 367"
269185,RX,0x181,6,0x40,0x40,0x11,0x41,0x80,0x02,0x0B,,"Status word = 0x4111"
269191,RX,0x181,4,0x30,0x30,0x9D,0x05,0x01,,,,"Speed feedback = 1437 rpm"
269205,TX,0x201,3,0x90,0x90,0x45,0x02,,,,,"Set torque = 581"
269231,TX,0x201,3,0x90,0x90,0xCB,0x01,,,,,"Set torque = 459"
269257,TX,0x201,3,0x90,0x90,0x3D,0x00,,,,,"Set torque = 61"
269278,RX,0x181,6,0x40,0x40,0x11,0x41,0x80,0x02,0x0B,,"Status word = 0x4111"
269284,TX,0x201,3,0x90,0x90,0xE9,0x01,,,,,"Set torque = 489"
269291,RX,0x181,4,0x30,0x30,0x9D,0x05,0x01,,,,"Speed feedback = 1437 rpm"
269311,TX,0x201,3,0x90,0x90,0xD3,0x03,,,,,"Set torque = 979"
269338,TX,0x201,3,0x90,0x90,0x13,0x01,,,,,"Set torque = 275"
269364,TX,0x201,3,0x90,0x90,0x50,0x01,,,,,"Set torque = 336"
269378,RX,0x181,6,0x40,0x40,0x11,0x41,0x80,0x02,0x0B,,"Status word = 0x4111"
269384,RX,0x181,4,0x30,0x30,0x15,0x06,0x01,,,,"Speed feedback = 1557 rpm"
269391,TX,0x201,3,0x90,0x90,0xC0,0x02,,,,,"Set torque = 704"
269418,TX,0x201,3,0x90,0x90,0x83,0x02,,,,,"Set torque = 643"
269444,TX,0x201,3,0x90,0x90,0x99,0x00,,,,,"Set torque = 153"
269470,TX,0x201,3,0x90,0x90,0x50,0x01,,,,,"Set torque = 336"
269477,RX,0x181,6,0x40,0x40,0x11,0x41,0x80,0x02,0x0B,,"Status word = 0x4111"
269485,RX,0x181,4,0x30,0x30,0xB5,0x06,0x01,,,,"Speed feedback = 1717 rpm"
269496,TX,0x201,3,0x90,0x90,0xA1,0x02,,,,,"Set torque = 673"
269522,TX,0x201,3,0x90,0x90,0xDE,0x02,,,,,"Set torque = 734"
269548,TX,0x201,3,0x90,0x90,0x32,0x01,,,,,"Set torque = 306"
269574,TX,0x201,3,0x90,0x90,0x27,0x02,,,,,"Set torque = 551"
269580,RX,0x181,6,0x40,0x40,0x11,0x41,0x80,0x02,0x0B,,"Status word = 0x4111"
269587,RX,0x181,4,0x30,0x30,0x55,0x07,0x01,,,,"Speed feedback = 1877 rpm"
269600,TX,0x201,3,0x90,0x90,0xE9,0x01,,,,,"Set torque = 489"
269626,TX,0x201,3,0x90,0x90,0xC0,0x02,,,,,"Set torque = 704"
269653,TX,0x201,3,0x90,0x90,0x08,0x02,,,,,"Set torque = 520"
269677,RX,0x181,6,0x40,0x40,0x11,0x41,0x80,0x02,0x0B,,"Status word = 0x4111"
269684,TX,0x201,3,0x90,0x90,0x59,0x03,,,,,"Set torque = 857"
269691,RX,0x181,4,0x30,0x30,0xF4,0x07,0x01,,,,"Speed feedback = 2036 rpm"
269711,TX,0x201,3,0x90,0x90,0x83,0x02,,,,,"Set torque = 643"
269737,TX,0x201,3,0x90,0x90,0xDE,0x02,,,,,"Set torque = 734"
269763,TX,0x201,3,0x90,0x90,0x64,0x02,,,,,"Set torque = 612"
269777,RX,0x181,6,0x40,0x40,0x11,0x41,0x80,0x02,0x0B,,"Status word = 0x4111"
269784,RX,0x181,4,0x30,0x30,0x94,0x08,0x01,,,,"Speed feedback = 2196 rpm"
269791,TX,0x201,3,0x90,0x90,0x64,0x02,,,,,"Set torque = 612"
269818,TX,0x201,3,0x90,0x90,0x99,0x00,,,,,"Set torque = 153"
269844,TX,0x201,3,0x90,0x90,0x00,0x00,,,,,"Set torque = 0"
269870,TX,0x201,3,0x90,0x90,0x00,0x00,,,,,"Set torque = 0"
269877,RX,0x181,6,0x40,0x40,0x11,0x41,0x80,0x02,0x0B,,"Status word = 0x4111"
269884,RX,0x181,4,0x30,0x30,0x34,0x09,0x01,,,,"Speed feedback = 2356 rpm"
269896,TX,0x201,3,0x90,0x90,0x00,0x00,,,,,"Set torque = 0"
269922,TX,0x201,3,0x90,0x90,0x00,0x00,,,,,"Set torque = 0"
269948,TX,0x201,3,0x90,0x90,0x00,0x00,,,,,"Set torque = 0"
269975,TX,0x201,3,0x90,0x90,0x00,0x00,,,,,"Set torque = 0"
269981,RX,0x181,6,0x40,0x40,0x11,0x41,0x80,0x02,0x0B,,"Status word = 0x4111"
269988,RX,0x181,4,0x30,0x30,0x55,0x07,0x01,,,,"Speed feedback = 1877 rpm"
270001,TX,0x201,3,0x90,0x90,0x00,0x00,,,,,"Set torque = 0"
270027,TX,0x201,3,0x90,0x90,0x00,0x00,,,,,"Set torque = 0"
270053,TX,0x201,3,0x90,0x90,0x00,0x00,,,,,"Set torque = 0"
270076,RX,0x181,6,0x40,0x40,0x11,0x41,0x80,0x02,0x0B,,"Status word = 0x4111"
270083,TX,0x201,3,0x90,0x90,0x00,0x00,,,,,"Set torque = 0"
270090,RX,0x181,4,0x30,0x30,0x75,0x05,0x01,,,,"Speed feedback = 1397 rpm"
270110,TX,0x201,3,0x90,0x90,0x00,0x00,,,,,"Set torque = 0"
270136,TX,0x201,3,0x90,0x90,0x00,0x00,,,,,"Set torque = 0"
270162,TX,0x201,3,0x90,0x90,0x00,0x00,,,,,"Set torque = 0"
270176,RX,0x181,6,0x40,0x40,0x11,0x41,0x80,0x02,0x0B,,"Status word = 0x4111"
270183,RX,0x181,4,0x30,0x30,0xBE,0x03,0x01,,,,"Speed feedback = 958 rpm"
270190,TX,0x201,3,0x90,0x90,0x00,0x00,,,,,"Set torque = 0"
270217,TX,0x201,3,0x90,0x90,0x00,0x00,,,,,"Set torque = 0"
270243,TX,0x201,3,0x90,0x90,0x00,0x00,,,,,"Set torque = 0"
270269,TX,0x201,3,0x90,0x90,0x00,0x00,,,,,"Set torque = 0"
270276,RX,0x181,6,0x40,0x40,0x11,0x41,0x80,0x02,0x0B,,"Status word = 0x4111"
270283,RX,0x181,4,0x30,0x30,0x7F,0x02,0x01,,,,"Speed feedback = 639 rpm"
270296,TX,0x201,3,0x90,0x90,0x00,0x00,,,,,"Set torque = 0"
270322,TX,0x201,3,0x90,0x90,0x00,0x00,,,,,"Set torque = 0"
270348,TX,0x201,3,0x90,0x90,0x00,0x00,,,,,"Set torque = 0"
270374,TX,0x201,3,0x90,0x90,0x00,0x00,,,,,"Set torque = 0"
270380,RX,0x181,6,0x40,0x40,0x11,0x41,0x80,0x00,0x0B,,"Status word = 0x4111"
270387,RX,0x181,4,0x30,0x30,0x67,0x01,0x01,,,,"Speed feedback = 359 rpm"
270400,TX,0x201,3,0x90,0x90,0x00,0x00,,,,,"Set torque = 0"
270427,TX,0x201,3,0x90,0x90,0x00,0x00,,,,,"Set torque = 0"
270453,TX,0x201,3,0x90,0x90,0x00,0x00,,,,,"Set torque = 0"
270476,RX,0x181,6,0x40,0x40,0x11,0x41,0x80,0x00,0x0B,,"Status word = 0x4111"
270483,TX,0x201,3,0x90,0x90,0x00,0x00,,,,,"Set torque = 0"
270489,RX,0x181,4,0x30,0x30,0xC7,0x00,0x01,,,,"Speed feedback = 199 rpm"
270509,TX,0x201,3,0x90,0x90,0x00,0x00,,,,,"Set torque = 0"
270535,TX,0x201,3,0x90,0x90,0x00,0x00,,,,,"Set torque = 0"
270561,TX,0x201,3,0x90,0x90,0x00,0x00,,,,,"Set torque = 0"
270576,RX,0x181,6,0x40,0x40,0x11,0x43,0x80,0x00,0x0B,,"Status word = 0x4311"
270583,RX,0x181,4,0x30,0x30,0x00,0x00,0x01,,,,"Speed feedback = 0 rpm"
270590,TX,0x201,3,0x90,0x90,0x00,0x00,,,,,"Set torque = 0"
270616,TX,0x201,3,0x90,0x90,0x00,0x00,,,,,"Set torque = 0"
270642,TX,0x201,3,0x90,0x90,0x00,0x00,,,,,"Set torque = 0"
270668,TX,0x201,3,0x90,0x90,0x45,0x02,,,,,"Set torque = 581"
270675,RX,0x181,6,0x40,0x40,0x11,0x43,0x80,0x00,0x0B,,"Status word = 0x4311"
270682,RX,0x181,4,0x30,0x30,0x00,0x00,0x01,,,,"Speed feedback = 0 rpm"
270694,TX,0x201,3,0x90,0x90,0xDA,0x08,,,,,"Set torque = 2266"
270720,TX,0x201,3,0x90,0x90,0x31,0x0F,,,,,"Set torque = 3889"
270747,TX,0x201,3,0x90,0x90,0xC9,0x1D,,,,,"Set torque = 7625"
270773,TX,0x201,3,0x90,0x90,0x84,0x26,,,,,"Set torque = 9860"
270779,RX,0x181,6,0x40,0x40,0x11,0x41,0x80,0x00,0x0B,,"Status word = 0x4111"
270786,RX,0x181,4,0x30,0x30,0x3F,0x01,0x01,,,,"Speed feedback = 319 rpm"
270799,TX,0x201,3,0x90,0x90,0x4B,0x2E,,,,,"Set torque = 11851"
270825,TX,0x201,3,0x90,0x90,0x04,0x3A,,,,,"Set torque = 14852"
270851,TX,0x201,3,0x90,0x90,0xD2,0x38,,,,,"Set torque = 14546"
270875,RX,0x181,6,0x40,0x40,0x11,0x41,0x80,0x02,0x0B,,"Status word = 0x4111"
270882,TX,0x201,3,0x90,0x90,0x92,0x3B,,,,,"Set torque = 15250"
270889,RX,0x181,4,0x30,0x30,0x9D,0x05,0x01,,,,"Speed feedback = 1437 rpm"
270909,TX,0x201,3,0x90,0x90,0x5A,0x35,,,,,"Set torque = 13658"
270935,TX,0x201,3,0x90,0x90,0x26,0x29,,,,,"Set torque = 10534"
270961,TX,0x201,3,0x90,0x90,0x89,0x20,,,,,"Set torque = 8329"
270975,RX,0x181,6,0x40,0x40,0x11,0x41,0x80,0x02,0x0B,,"Status word = 0x4111"
270982,RX,0x181,4,0x30,0x30,0x13,0x0B,0x01,,,,"Speed feedback = 2835 rpm"
270989,TX,0x201,3,0x90,0x90,0x73,0x09,,,,,"Set torque = 2419"
271015,TX,0x201,3,0x90,0x90,0x00,0x00,,,,,"Set torque = 0"
271041,TX,0x201,3,0x90,0x90,0x00,0x00,,,,,"Set torque = 0"
271068,TX,0x201,3,0x90,0x90,0x00,0x00,,,,,"Set torque = 0"
271075,RX,0x181,6,0x40,0x40,0x11,0x41,0x80,0x02,0x0B,,"Status word = 0x4111"
271082,RX,0x181,4,0x30,0x30,0x32,0x0E,0x01,,,,"Speed feedback = 3634 rpm"
271094,TX,0x201,3,0x90,0x90,0x00,0x00,,,,,"Set torque = 0"
271120,TX,0x201,3,0x90,0x90,0x00,0x00,,,,,"Set torque = 0"
271146,TX,0x201,3,0x90,0x90,0x00,0x00,,,,,"Set torque = 0"
271172,TX,0x201,3,0x90,0x90,0x00,0x00,,,,,"Set torque = 0"
271178,RX,0x181,6,0x40,0x40,0x11,0x41,0x80,0x02,0x0B,,"Status word = 0x4111"
271185,RX,0x181,4,0x30,0x30,0x92,0x0D,0x01,,,,"Speed feedback = 3474 rpm"
271198,TX,0x201,3,0x90,0x90,0x00,0x00,,,,,"Set torque = 0"
271224,TX,0x201,3,0x90,0x90,0x00,0x00,,,,,"Set torque = 0"
271250,TX,0x201,3,0x90,0x90,0x00,0x00,,,,,"Set torque = 0"
271275,RX,0x181,6,0x40,0x40,0x11,0x41,0x80,0x02,0x0B,,"Status word = 0x4111"
271281,TX,0x201,3,0x90,0x90,0x00,0x00,,,,,"Set torque = 0"
271288,RX,0x181,4,0x30,0x30,0x8B,0x0B,0x01,,,,"Speed feedback = 2955 rpm"
271308,TX,0x201,3,0x90,0x90,0x00,0x00,,,,,"Set torque = 0"
271334,TX,0x201,3,0x90,0x90,0x00,0x00,,,,,"Set torque = 0"
271360,TX,0x201,3,0x90,0x90,0x00,0x00,,,,,"Set torque = 0"
271374,RX,0x181,6,0x40,0x40,0x11,0x41,0x80,0x02,0x0B,,"Status word = 0x4111"
271381,RX,0x181,4,0x30,0x30,0x84,0x09,0x01,,,,"Speed feedback = 2436 rpm"
271388,TX,0x201,3,0x90,0x90,0x00,0x00,,,,,"Set torque = 0"
271415,TX,0x201,3,0x90,0x90,0x00,0x00,,,,,"Set torque = 0"
271441,TX,0x201,3,0x90,0x90,0x00,0x00,,,,,"Set torque = 0"
271467,TX,0x201,3,0x90,0x90,0x00,0x00,,,,,"Set torque = 0"
271474,RX,0x181,6,0x40,0x40,0x11,0x41,0x80,0x02,0x0B,,"Status word = 0x4111"
271481,RX,0x181,4,0x30,0x30,0xDD,0x06,0x01,,,,"Speed feedback = 1757 rpm"
271493,TX,0x201,3,0x90,0x90,0x00,0x00,,,,,"Set torque = 0"
271520,TX,0x201,3,0x90,0x90,0x00,0x00,,,,,"Set torque = 0"
271546,TX,0x201,3,0x90,0x90,0x00,0x00,,,,,"Set torque = 0"
271572,TX,0x201,3,0x90,0x90,0x00,0x00,,,,,"Set torque = 0"
271578,RX,0x181,6,0x40,0x40,0x11,0x41,0x80,0x02,0x0B,,"Status word = 0x4111"
271585,RX,0x181,4,0x30,0x30,0x9D,0x05,0x01,,,,"Speed feedback = 1437 rpm"
271598,TX,0x201,3,0x90,0x90,0x22,0x08,,,,,"Set torque = 2082"
271624,TX,0x201,3,0x90,0x90,0x2C,0x15,,,,,"Set torque = 5420"
271650,TX,0x201,3,0x90,0x90,0xF6,0x24,,,,,"Set torque = 9462"
271674,RX,0x181,6,0x40,0x40,0x11,0x41,0x80,0x02,0x0B,,"Status word = 0x4111"
271681,RX,0x181,4,0x30,0x30,0xD6,0x04,0x01,,,,"Speed feedback = 1238 rpm"
271688,TX,0x201,3,0x90,0x90,0xE3,0x3C,,,,,"Set torque = 15587"
271715,TX,0x201,3,0x90,0x90,0xFF,0x3F,,,,,"Set torque = 16383"
271741,TX,0x201,3,0x90,0x90,0xFF,0x3F,,,,,"Set torque = 16383"
271767,TX,0x201,3,0x90,0x90,0xFF,0x3F,,,,,"Set torque = 16383"
271774,RX,0x181,6,0x40,0x40,0x11,0x41,0x80,0x02,0x0B,,"Status word = 0x4111"
271781,RX,0x181,4,0x30,0x30,0xF4,0x07,0x01,,,,"Speed feedback = 2036 rpm"
271793,TX,0x201,3,0x90,0x90,0xFF,0x3F,,,,,"Set torque = 16383"
271819,TX,0x201,3,0x90,0x90,0xFF,0x3F,,,,,"Set torque = 16383"
271846,TX,0x201,3,0x90,0x90,0xFF,0x3F,,,,,"Set torque = 16383"
271872,TX,0x201,3,0x90,0x90,0xE3,0x3C,,,,,"Set torque = 15587"
271878,RX,0x181,6,0x40,0x40,0x11,0x41,0x80,0x02,0x0B,,"Status word = 0x4111"
271885,RX,0x181,4,0x30,0x30,0x42,0x0D,0x01,,,,"Speed feedback = 3394 rpm"
271898,TX,0x201,3,0x90,0x90,0x62,0x1E,,,,,"Set torque = 7778"
271924,TX,0x201,3,0x90,0x90,0x6E,0x0F,,,,,"Set torque = 3950"
271950,TX,0x201,3,0x90,0x90,0x00,0x00,,,,,"Set torque = 0"
271973,RX,0x181,6,0x40,0x40,0x11,0x41,0x80,0x02,0x0B,,"Status word = 0x4111"
271980,TX,0x201,3,0x90,0x90,0x00,0x00,,,,,"Set torque = 0"
271987,RX,0x181,4,0x30,0x30,0x79,0x11,0x01,,,,"Speed feedback = 4473 rpm"
272007,TX,0x201,3,0x90,0x90,0x00,0x00,,,,,"Set torque = 0"
272033,TX,0x201,3,0x90,0x90,0x00,0x00,,,,,"Set torque = 0"
272059,TX,0x201,3,0x90,0x90,0x00,0x00,,,,,"Set torque = 0"
272073,RX,0x181,6,0x40,0x40,0x11,0x41,0x80,0x02,0x0B,,"Status word = 0x4111"
272080,RX,0x181,4,0x30,0x30,0xD9,0x10,0x01,,,,"Speed feedback = 4313 rpm"
272087,TX,0x201,3,0x90,0x90,0x00,0x00,,,,,"Set torque = 0"
272114,TX,0x201,3,0x90,0x90,0x00,0x00,,,,,"Set torque = 0"
272140,TX,0x201,3,0x90,0x90,0x00,0x00,,,,,"Set torque = 0"
272167,TX,0x201,3,0x90,0x90,0x00,0x00,,,,,"Set torque = 0"
272173,RX,0x181,6,0x40,0x40,0x11,0x41,0x80,0x02,0x0B,,"Status word = 0x4111"
272180,RX,0x181,4,0x30,0x30,0x82,0x0E,0x01,,,,"Speed feedback = 3714 rpm"
272193,TX,0x201,3,0x90,0x90,0x00,0x00,,,,,"Set torque = 0"
272219,TX,0x201,3,0x90,0x90,0x00,0x00,,,,,"Set torque = 0"
272245,TX,0x201,3,0x90,0x90,0x00,0x00,,,,,"Set torque = 0"
272271,TX,0x201,3,0x90,0x90,0x00,0x00,,,,,"Set torque = 0"
272277,RX,0x181,6,0x40,0x40,0x11,0x41,0x80,0x02,0x0B,,"Status word = 0x4111"
272284,RX,0x181,4,0x30,0x30,0xB3,0x0B,0x01,,,,"Speed feedback = 2995 rpm"
272297,TX,0x201,3,0x90,0x90,0x00,0x00,,,,,"Set torque = 0"
272323,TX,0x201,3,0x90,0x90,0x00,0x00,,,,,"Set torque = 0"
272349,TX,0x201,3,0x90,0x90,0x00,0x00,,,,,"Set torque = 0"
272373,RX,0x181,6,0x40,0x40,0x11,0x41,0x80,0x02,0x0B,,"Status word = 0x4111"
272380,TX,0x201,3,0x90,0x90,0x00,0x00,,,,,"Set torque = 0"
272386,RX,0x181,4,0x30,0x30,0xD4,0x09,0x01,,,,"Speed feedback = 2516 rpm"
272406,TX,0x201,3,0x90,0x90,0x00,0x00,,,,,"Set torque = 0"
272432,TX,0x201,3,0x90,0x90,0x00,0x00,,,,,"Set torque = 0"
272458,TX,0x201,3,0x90,0x90,0x00,0x00,,,,,"Set torque = 0"
272473,RX,0x181,6,0x40,0x40,0x11,0x41,0x80,0x02,0x0B,,"Status word = 0x4111"
272480,RX,0x181,4,0x30,0x30,0x44,0x08,0x01,,,,"Speed feedback = 2116 rpm"
272486,TX,0x201,3,0x90,0x90,0x00,0x00,,,,,"Set torque = 0"
272513,TX,0x201,3,0x90,0x90,0x00,0x00,,,,,"Set torque = 0"
272539,TX,0x201,3,0x90,0x90,0x00,0x00,,,,,"Set torque = 0"
272565,TX,0x201,3,0x90,0x90,0x00,0x00,,,,,"Set torque = 0"
272572,RX,0x181,6,0x40,0x40,0x11,0x41,0x80,0x02,0x0B,,"Status word = 0x4111"
272579,RX,0x181,4,0x30,0x30,0x3D,0x06,0x01,,,,"Speed feedback = 1597 rpm"
272591,TX,0x201,3,0x90,0x90,0x00,0x00,,,,,"Set torque = 0"
272618,TX,0x201,3,0x90,0x90,0x00,0x00,,,,,"Set torque = 0"
272644,TX,0x201,3,0x90,0x90,0x19,0x06,,,,,"Set torque = 1561"
272670,TX,0x201,3,0x90,0x90,0x39,0x11,,,,,"Set torque = 4409"
272676,RX,0x181,6,0x40,0x40,0x11,0x41,0x80,0x02,0x0B,,"Status word = 0x4111"
272683,RX,0x181,4,0x30,0x30,0xAE,0x04,0x01,,,,"Speed feedback = 1198 rpm"
272696,TX,0x201,3,0x90,0x90,0x07,0x29,,,,,"Set torque = 10503"
272722,TX,0x201,3,0x90,0x90,0xB9,0x3D,,,,,"Set torque = 15801"
272748,TX,0x201,3,0x90,0x90,0xFF,0x3F,,,,,"Set torque = 16383"
272772,RX,0x181,6,0x40,0x40,0x11,0x41,0x80,0x02,0x0B,,"Status word = 0x4111"
272779,RX,0x181,4,0x30,0x30,0x15,0x06,0x01,,,,"Speed feedback = 1557 rpm"
272786,TX,0x201,3,0x90,0x90,0xFF,0x3F,,,,,"Set torque = 16383"
272813,TX,0x201,3,0x90,0x90,0xFF,0x3F,,,,,"Set torque = 16383"
272839,TX,0x201,3,0x90,0x90,0xFF,0x3F,,,,,"Set torque = 16383"
272865,TX,0x201,3,0x90,0x90,0xFF,0x3F,,,,,"Set torque = 16383"
272872,RX,0x181,6,0x40,0x40,0x11,0x41,0x80,0x02,0x0B,,"Status word = 0x4111"
272879,RX,0x181,4,0x30,0x30,0xC3,0x0A,0x01,,,,"Speed feedback = 2755 rpm"
272891,TX,0x201,3,0x90,0x90,0xFF,0x3F,,,,,"Set torque = 16383"
272917,TX,0x201,3,0x90,0x90,0xFF,0x3F,,,,,"Set torque = 16383"
272992,RX,0x181,6,0x40,0x40,0x11,0x41,0x80,0x02,0x0B,,"Status word = 0x4111"
272999,RX,0x181,4,0x30,0x30,0x11,0x10,0x01,,,,"Speed feedback = 4113 rpm"
273012,TX,0x201,3,0x90,0x90,0x00,0x00,,,,,"Set torque = 0"
273038,TX,0x201,3,0x90,0x90,0x00,0x00,,,,,"Set torque = 0"
273064,TX,0x201,3,0x90,0x90,0x00,0x00,,,,,"Set torque = 0"
273072,RX,0x181,6,0x40,0x40,0x11,0x41,0x80,0x02,0x0B,,"Status word = 0x4111"
273079,RX,0x181,4,0x30,0x30,0x30,0x13,0x01,,,,"Speed feedback = 4912 rpm"
273090,TX,0x201,3,0x90,0x90,0x00,0x00,,,,,"Set torque = 0"
273116,TX,0x201,3,0x90,0x90,0x00,0x00,,,,,"Set torque = 0"
273143,TX,0x201,3,0x90,0x90,0x00,0x00,,,,,"Set torque = 0"
273169,TX,0x201,3,0x90,0x90,0x00,0x00,,,,,"Set torque = 0"
273175,RX,0x181,6,0x40,0x40,0x11,0x41,0x80,0x02,0x0B,,"Status word = 0x4111"
273182,RX,0x181,4,0x30,0x30,0xB8,0x12,0x01,,,,"Speed feedback = 4792 rpm"
273195,TX,0x201,3,0x90,0x90,0x00,0x00,,,,,"Set torque = 0"
273221,TX,0x201,3,0x90,0x90,0x00,0x00,,,,,"Set torque = 0"
273247,TX,0x201,3,0x90,0x90,0x00,0x00,,,,,"Set torque = 0"
273271,RX,0x181,6,0x40,0x40,0x11,0x41,0x80,0x02,0x0B,,"Status word = 0x4111"
273278,TX,0x201,3,0x90,0x90,0x00,0x00,,,,,"Set torque = 0"
273285,RX,0x181,4,0x30,0x30,0x29,0x11,0x01,,,,"Speed feedback = 4393 rpm"
273305,TX,0x201,3,0x90,0x90,0x00,0x00,,,,,"Set torque = 0"
273331,TX,0x201,3,0x90,0x90,0x00,0x00,,,,,"Set torque = 0"
273357,TX,0x201,3,0x90,0x90,0x00,0x00,,,,,"Set torque = 0"
273371,RX,0x181,6,0x40,0x40,0x11,0x41,0x80,0x02,0x0B,,"Status word = 0x4111"
273459,RX,0x181,4,0x30,0x30,0x0A,0x0E,0x01,,,,"Speed feedback = 3594 rpm"
273466,TX,0x201,3,0x90,0x90,0x00,0x00,,,,,"Set torque = 0"
273473,RX,0x181,6,0x40,0x40,0x11,0x41,0x80,0x02,0x0B,,"Status word = 0x4111"
273480,RX,0x181,4,0x30,0x30,0x7B,0x0C,0x01,,,,"Speed feedback = 3195 rpm"
273493,TX,0x201,3,0x90,0x90,0x00,0x00,,,,,"Set torque = 0"
273519,TX,0x201,3,0x90,0x90,0x00,0x00,,,,,"Set torque = 0"
273545,TX,0x201,3,0x90,0x90,0x00,0x00,,,,,"Set torque = 0"
273571,TX,0x201,3,0x90,0x90,0x00,0x00,,,,,"Set torque = 0"
273577,RX,0x181,6,0x40,0x40,0x11,0x41,0x80,0x02,0x0B,,"Status word = 0x4111"
273584,RX,0x181,4,0x30,0x30,0x4B,0x0A,0x01,,,,"Speed feedback = 2635 rpm"
273597,TX,0x201,3,0x90,0x90,0x00,0x00,,,,,"Set torque = 0"
273623,TX,0x201,3,0x90,0x90,0x00,0x00,,,,,"Set torque = 0"
273650,TX,0x201,3,0x90,0x90,0x00,0x00,,,,,"Set torque = 0"
273671,RX,0x181,6,0x40,0x40,0x11,0x41,0x80,0x02,0x0B,,"Status word = 0x4111"
273678,TX,0x201,3,0x90,0x90,0x00,0x00,,,,,"Set torque = 0"
273684,RX,0x181,4,0x30,0x30,0x94,0x08,0x01,,,,"Speed feedback = 2196 rpm"
273704,TX,0x201,3,0x90,0x90,0x00,0x00,,,,,"Set torque = 0"
273730,TX,0x201,3,0x90,0x90,0x00,0x00,,,,,"Set torque = 0"
273756,TX,0x201,3,0x90,0x90,0x00,0x00,,,,,"Set torque = 0"
273771,RX,0x181,6,0x40,0x40,0x11,0x41,0x80,0x02,0x0B,,"Status word = 0x4111"
273778,RX,0x181,4,0x30,0x30,0xB5,0x06,0x01,,,,"Speed feedback = 1717 rpm"
273785,TX,0x201,3,0x90,0x90,0x00,0x00,,,,,"Set torque = 0"
273811,TX,0x201,3,0x90,0x90,0x00,0x00,,,,,"Set torque = 0"
273837,TX,0x201,3,0x90,0x90,0x00,0x00,,,,,"Set torque = 0"
273932,RX,0x181,6,0x40,0x40,0x11,0x41,0x80,0x02,0x0B,,"Status word = 0x4111"
273939,RX,0x181,4,0x30,0x30,0xFE,0x04,0x01,,,,"Speed feedback = 1278 rpm"
273952,TX,0x201,3,0x90,0x90,0x00,0x00,,,,,"Set torque = 0"
273970,RX,0x181,6,0x40,0x40,0x11,0x41,0x80,0x02,0x0B,,"Status word = 0x4111"
273977,RX,0x181,4,0x30,0x30,0x46,0x03,0x01,,,,"Speed feedback = 838 rpm"
273984,TX,0x201,3,0x90,0x90,0x00,0x00,,,,,"Set torque = 0"
274011,TX,0x201,3,0x90,0x90,0x00,0x00,,,,,"Set torque = 0"
274037,TX,0x201,3,0x90,0x90,0x00,0x00,,,,,"Set torque = 0"
274063,TX,0x201,3,0x90,0x90,0x00,0x00,,,,,"Set torque = 0"
274070,RX,0x181,6,0x40,0x40,0x11,0x41,0x80,0x00,0x0B,,"Status word = 0x4111"
274077,RX,0x181,4,0x30,0x30,0x07,0x02,0x01,,,,"Speed feedback = 519 rpm"
274089,TX,0x201,3,0x90,0x90,0x00,0x00,,,,,"Set torque = 0"
274115,TX,0x201,3,0x90,0x90,0x00,0x00,,,,,"Set torque = 0"
274141,TX,0x201,3,0x90,0x90,0x00,0x00,,,,,"Set torque = 0"
274167,TX,0x201,3,0x90,0x90,0x00,0x00,,,,,"Set torque = 0"
274174,RX,0x181,6,0x40,0x40,0x11,0x41,0x80,0x00,0x0B,,"Status word = 0x4111"
274180,RX,0x181,4,0x30,0x30,0xEF,0x00,0x01,,,,"Speed feedback = 239 rpm"
274194,TX,0x201,3,0x90,0x90,0x00,0x00,,,,,"Set torque = 0"
274220,TX,0x201,3,0x90,0x90,0x00,0x00,,,,,"Set torque = 0"
274246,TX,0x201,3,0x90,0x90,0x00,0x00,,,,,"Set torque = 0"
274270,RX,0x181,6,0x40,0x40,0x11,0x41,0x80,0x00,0x0B,,"Status word = 0x4111"
274277,TX,0x201,3,0x90,0x90,0x00,0x00,,,,,"Set torque = 0"
274283,RX,0x181,4,0x30,0x30,0x4F,0x00,0x01,,,,"Speed feedback = 79 rpm"
274303,TX,0x201,3,0x90,0x90,0x00,0x00,,,,,"Set torque = 0"
274398,RX,0x181,6,0x40,0x40,0x11,0x43,0x80,0x00,0x0B,,"Status word = 0x4311"
274405,RX,0x181,4,0x30,0x30,0x00,0x00,0x01,,,,"Speed feedback = 0 rpm"
274418,TX,0x201,3,0x90,0x90,0x00,0x00,,,,,"Set torque = 0"
274444,TX,0x201,3,0x90,0x90,0x00,0x00,,,,,"Set torque = 0"
274469,RX,0x181,6,0x40,0x40,0x11,0x43,0x80,0x00,0x0B,,"Status word = 0x4311"
274476,TX,0x201,3,0x90,0x90,0x00,0x00,,,,,"Set torque = 0"
274483,RX,0x181,4,0x30,0x30,0x00,0x00,0x01,,,,"Speed feedback = 0 rpm"
274503,TX,0x201,3,0x90,0x90,0x00,0x00,,,,,"Set torque = 0"
274529,TX,0x201,3,0x90,0x90,0x00,0x00,,,,,"Set torque = 0"
274556,TX,0x201,3,0x90,0x90,0x00,0x00,,,,,"Set torque = 0"
274569,RX,0x181,6,0x40,0x40,0x11,0x43,0x80,0x00,0x0B,,"Status word = 0x4311"
274576,RX,0x181,4,0x30,0x30,0x00,0x00,0x01,,,,"Speed feedback = 0 rpm"
274583,TX,0x201,3,0x90,0x90,0x00,0x00,,,,,"Set torque = 0"
274610,TX,0x201,3,0x90,0x90,0x00,0x00,,,,,"Set torque = 0"
274636,TX,0x201,3,0x90,0x90,0x00,0x00,,,,,"Set torque = 0"
274662,TX,0x201,3,0x90,0x90,0x00,0x00,,,,,"Set torque = 0"
274669,RX,0x181,6,0x40,0x40,0x11,0x43,0x80,0x00,0x0B,,"Status word = 0x4311"
274676,RX,0x181,4,0x30,0x30,0x00,0x00,0x01,,,,"Speed feedback = 0 rpm"
274688,TX,0x201,3,0x90,0x90,0x00,0x00,,,,,"Set torque = 0"
274714,TX,0x201,3,0x90,0x90,0x00,0x00,,,,,"Set torque = 0"
274740,TX,0x201,3,0x90,0x90,0x00,0x00,,,,,"Set torque = 0"
274766,TX,0x201,3,0x90,0x90,0x00,0x00,,,,,"Set torque = 0"
274772,RX,0x181,6,0x40,0x40,0x11,0x43,0x80,0x00,0x0B,,"Status word = 0x4311"
274779,RX,0x181,4,0x30,0x30,0x00,0x00,0x01,,,,"Speed feedback = 0 rpm"
274867,TX,0x201,3,0x90,0x90,0x00,0x00,,,,,"Set torque = 0"
274874,RX,0x181,6,0x40,0x40,0x11,0x43,0x80,0x00,0x0B,,"Status word = 0x4311"
274880,RX,0x181,4,0x30,0x30,0x00,0x00,0x01,,,,"Speed feedback = 0 rpm"
274894,TX,0x201,3,0x90,0x90,0x00,0x00,,,,,"Set torque = 0"
274920,TX,0x201,3,0x90,0x90,0x00,0x00,,,,,"Set torque = 0"
274946,TX,0x201,3,0x90,0x90,0x00,0x00,,,,,"Set torque = 0"
274969,RX,0x181,6,0x40,0x40,0x11,0x43,0x80,0x00,0x0B,,"Status word = 0x4311"
274975,TX,0x201,3,0x90,0x90,0x00,0x00,,,,,"Set torque = 0"
274982,RX,0x181,4,0x30,0x30,0x00,0x00,0x01,,,,"Speed feedback = 0 rpm"
275002,TX,0x201,3,0x90,0x90,0x00,0x00,,,,,"Set torque = 0"
275028,TX,0x201,3,0x90,0x90,0x2F,0x04,,,,,"Set torque = 1071"
275054,TX,0x201,3,0x90,0x90,0xEF,0x14,,,,,"Set torque = 5359"
275069,RX,0x181,6,0x40,0x40,0x11,0x43,0x80,0x00,0x0B,,"Status word = 0x4311"
275075,RX,0x181,4,0x30,0x30,0x00,0x00,0x01,,,,"Speed feedback = 0 rpm"
275082,TX,0x201,3,0x90,0x90,0x05,0x2C,,,,,"Set torque = 11269"
275109,TX,0x201,3,0x90,0x90,0xFF,0x3F,,,,,"Set torque = 16383"
275135,TX,0x201,3,0x90,0x90,0xFF,0x3F,,,,,"Set torque = 16383"
275161,TX,0x201,3,0x90,0x90,0xFF,0x3F,,,,,"Set torque = 16383"
275168,RX,0x181,6,0x40,0x40,0x11,0x41,0x80,0x00,0x0B,,"Status word = 0x4111"
275175,RX,0x181,4,0x30,0x30,0x07,0x02,0x01,,,,"Speed feedback = 519 rpm"
275187,TX,0x201,3,0x90,0x90,0xFF,0x3F,,,,,"Set torque = 16383"
275214,TX,0x201,3,0x90,0x90,0xFF,0x3F,,,,,"Set torque = 16383"
275240,TX,0x201,3,0x90,0x90,0xFF,0x3F,,,,,"Set torque = 16383"
275266,TX,0x201,3,0x90,0x90,0xFF,0x3F,,,,,"Set torque = 16383"
275355,RX,0x181,6,0x40,0x40,0x11,0x41,0x80,0x02,0x0B,,"Status word = 0x4111"
275362,RX,0x181,4,0x30,0x30,0x2D,0x07,0x01,,,,"Speed feedback = 1837 rpm"
275369,RX,0x181,6,0x40,0x40,0x11,0x41,0x80,0x02,0x0B,,"Status word = 0x4111"
275376,RX,0x181,4,0x30,0x30,0x53,0x0C,0x01,,,,"Speed feedback = 3155 rpm"
275382,TX,0x201,3,0x90,0x90,0x00,0x00,,,,,"Set torque = 0"
275409,TX,0x201,3,0x90,0x90,0x00,0x00,,,,,"Set torque = 0"
275436,TX,0x201,3,0x90,0x90,0x00,0x00,,,,,"Set torque = 0"
275462,TX,0x201,3,0x90,0x90,0x00,0x00,,,,,"Set torque = 0"
275468,RX,0x181,6,0x40,0x40,0x11,0x41,0x80,0x02,0x0B,,"Status word = 0x4111"
275475,RX,0x181,4,0x30,0x30,0xFA,0x0E,0x01,,,,"Speed feedback = 3834 rpm"
275488,TX,0x201,3,0x90,0x90,0x00,0x00,,,,,"Set torque = 0"
275514,TX,0x201,3,0x90,0x90,0x00,0x00,,,,,"Set torque = 0"
275540,TX,0x201,3,0x90,0x90,0x00,0x00,,,,,"Set torque = 0"
275566,TX,0x201,3,0x90,0x90,0x00,0x00,,,,,"Set torque = 0"
275572,RX,0x181,6,0x40,0x40,0x11,0x41,0x80,0x02,0x0B,,"Status word = 0x4111"
275579,RX,0x181,4,0x30,0x30,0x92,0x0D,0x01,,,,"Speed feedback = 3474 rpm"
275592,TX,0x201,3,0x90,0x90,0x00,0x00,,,,,"Set torque = 0"
275618,TX,0x201,3,0x90,0x90,0x00,0x00,,,,,"Set torque = 0"
275644,TX,0x201,3,0x90,0x90,0x00,0x00,,,,,"Set torque = 0"
275668,RX,0x181,6,0x40,0x40,0x11,0x41,0x80,0x02,0x0B,,"Status word = 0x4111"
275674,TX,0x201,3,0x90,0x90,0x00,0x00,,,,,"Set torque = 0"
275681,RX,0x181,4,0x30,0x30,0xDB,0x0B,0x01,,,,"Speed feedback = 3035 rpm"
275701,TX,0x201,3,0x90,0x90,0x00,0x00,,,,,"Set torque = 0"
275727,TX,0x201,3,0x90,0x90,0x00,0x00,,,,,"Set torque = 0"
275819,RX,0x181,6,0x40,0x40,0x11,0x41,0x80,0x02,0x0B,,"Status word = 0x4111"
275826,RX,0x181,4,0x30,0x30,0xFC,0x09,0x01,,,,"Speed feedback = 2556 rpm"
275839,TX,0x201,3,0x90,0x90,0x00,0x00,,,,,"Set torque = 0"
275865,TX,0x201,3,0x90,0x90,0x00,0x00,,,,,"Set torque = 0"
275871,RX,0x181,6,0x40,0x40,0x11,0x41,0x80,0x02,0x0B,,"Status word = 0x4111"
275878,RX,0x181,4,0x30,0x30,0xA4,0x07,0x01,,,,"Speed feedback = 1956 rpm"
275891,TX,0x201,3,0x90,0x90,0x00,0x00,,,,,"Set torque = 0"
275917,TX,0x201,3,0x90,0x90,0x00,0x00,,,,,"Set torque = 0"
275943,TX,0x201,3,0x90,0x90,0x00,0x00,,,,,"Set torque = 0"
275967,RX,0x181,6,0x40,0x40,0x11,0x41,0x80,0x02,0x0B,,"Status word = 0x4111"
275974,TX,0x201,3,0x90,0x90,0x00,0x00,,,,,"Set torque = 0"
275981,RX,0x181,4,0x30,0x30,0xED,0x05,0x01,,,,"Speed feedback = 1517 rpm"
276001,TX,0x201,3,0x90,0x90,0xFB,0x05,,,,,"Set torque = 1531"
276027,TX,0x201,3,0x90,0x90,0xA6,0x15,,,,,"Set torque = 5542"
276053,TX,0x201,3,0x90,0x90,0xA9,0x2B,,,,,"Set torque = 11177"
276067,RX,0x181,6,0x40,0x40,0x11,0x41,0x80,0x02,0x0B,,"Status word = 0x4111"
276074,RX,0x181,4,0x30,0x30,0xD6,0x04,0x01,,,,"Speed feedback = 1238 rpm"
276081,TX,0x201,3,0x90,0x90,0xFF,0x3F,,,,,"Set torque = 16383"
276108,TX,0x201,3,0x90,0x90,0xFF,0x3F,,,,,"Set torque = 16383"
276134,TX,0x201,3,0x90,0x90,0xFF,0x3F,,,,,"Set torque = 16383"
276160,TX,0x201,3,0x90,0x90,0xFF,0x3F,,,,,"Set torque = 16383"
276167,RX,0x181,6,0x40,0x40,0x11,0x41,0x80,0x02,0x0B,,"Status word = 0x4111"
276174,RX,0x181,4,0x30,0x30,0xCC,0x07,0x01,,,,"Speed feedback = 1996 rpm"
276186,TX,0x201,3,0x90,0x90,0xFF,0x3F,,,,,"Set torque = 16383"
276278,RX,0x181,6,0x40,0x40,0x11,0x41,0x80,0x02,0x0B,,"Status word = 0x4111"
276285,RX,0x181,4,0x30,0x30,0xA2,0x0C,0x01,,,,"Speed feedback = 3234 rpm"
276298,TX,0x201,3,0x90,0x90,0xC4,0x3C,,,,,"Set torque = 15556"
276325,TX,0x201,3,0x90,0x90,0x84,0x26,,,,,"Set torque = 9860"
276351,TX,0x201,3,0x90,0x90,0x79,0x0E,,,,,"Set torque = 3705"
276366,RX,0x181,6,0x40,0x40,0x11,0x41,0x80,0x02,0x0B,,"Status word = 0x4111"
276373,RX,0x181,4,0x30,0x30,0x79,0x11,0x01,,,,"Speed feedback = 4473 rpm"
276380,TX,0x201,3,0x90,0x90,0x00,0x00,,,,,"Set torque = 0"
276407,TX,0x201,3,0x90,0x90,0x00,0x00,,,,,"Set torque = 0"
276433,TX,0x201,3,0x90,0x90,0x00,0x00,,,,,"Set torque = 0"
276459,TX,0x201,3,0x90,0x90,0x00,0x00,,,,,"Set torque = 0"
276466,RX,0x181,6,0x40,0x40,0x11,0x41,0x80,0x02,0x0B,,"Status word = 0x4111"
276473,RX,0x181,4,0x30,0x30,0xC8,0x11,0x01,,,,"Speed feedback = 4552 rpm"
276485,TX,0x201,3,0x90,0x90,0x00,0x00,,,,,"Set torque = 0"
276511,TX,0x201,3,0x90,0x90,0x00,0x00,,,,,"Set torque = 0"
276537,TX,0x201,3,0x90,0x90,0x00,0x00,,,,,"Set torque = 0"
276563,TX,0x201,3,0x90,0x90,0x00,0x00,,,,,"Set torque = 0"
276569,RX,0x181,6,0x40,0x40,0x11,0x41,0x80,0x02,0x0B,,"Status word = 0x4111"
276576,RX,0x181,4,0x30,0x30,0xA0,0x11,0x01,,,,"Speed feedback = 4512 rpm"
276589,TX,0x201,3,0x90,0x90,0x00,0x00,,,,,"Set torque = 0"
276615,TX,0x201,3,0x90,0x90,0x00,0x00,,,,,"Set torque = 0"
276642,TX,0x201,3,0x90,0x90,0x00,0x00,,,,,"Set torque = 0"
276666,RX,0x181,6,0x40,0x40,0x11,0x41,0x80,0x02,0x0B,,"Status word = 0x4111"
276673,TX,0x201,3,0x90,0x90,0x00,0x00,,,,,"Set torque = 0"
276766,RX,0x181,4,0x30,0x30,0x5A,0x0E,0x01,,,,"Speed feedback = 3674 rpm"
276773,RX,0x181,4,0x30,0x30,0x7B,0x0C,0x01,,,,"Speed feedback = 3195 rpm"
276780,RX,0x181,6,0x40,0x40,0x11,0x41,0x80,0x02,0x0B,,"Status word = 0x4111"
276787,TX,0x201,3,0x90,0x90,0x00,0x00,,,,,"Set torque = 0"
276813,TX,0x201,3,0x90,0x90,0x00,0x00,,,,,"Set torque = 0"
276839,TX,0x201,3,0x90,0x90,0x00,0x00,,,,,"Set torque = 0"
276866,TX,0x201,3,0x90,0x90,0x00,0x00,,,,,"Set torque = 0"
276872,RX,0x181,6,0x40,0x40,0x11,0x41,0x80,0x02,0x0B,,"Status word = 0x4111"
276879,RX,0x181,4,0x30,0x30,0xC3,0x0A,0x01,,,,"Speed feedback = 2755 rpm"
276892,TX,0x201,3,0x90,0x90,0x00,0x00,,,,,"Set torque = 0"
276918,TX,0x201,3,0x90,0x90,0x00,0x00,,,,,"Set torque = 0"
276944,TX,0x201,3,0x90,0x90,0x00,0x00,,,,,"Set torque = 0"
276965,RX,0x181,6,0x40,0x40,0x11,0x41,0x80,0x02,0x0B,,"Status word = 0x4111"
276972,TX,0x201,3,0x90,0x90,0x00,0x00,,,,,"Set torque = 0"
276979,RX,0x181,4,0x30,0x30,0x94,0x08,0x01,,,,"Speed feedback = 2196 rpm"
276999,TX,0x201,3,0x90,0x90,0x00,0x00,,,,,"Set torque = 0"
277025,TX,0x201,3,0x90,0x90,0x00,0x00,,,,,"Set torque = 0"
277051,TX,0x201,3,0x90,0x90,0x6F,0x01,,,,,"Set torque = 367"
277065,RX,0x181,6,0x40,0x40,0x11,0x41,0x80,0x02,0x0B,,"Status word = 0x4111"
277072,RX,0x181,4,0x30,0x30,0x15,0x06,0x01,,,,"Speed feedback = 1557 rpm"
277079,TX,0x201,3,0x90,0x90,0xD0,0x14,,,,,"Set torque = 5328"
277106,TX,0x201,3,0x90,0x90,0x4B,0x2E,,,,,"Set torque = 11851"
277132,TX,0x201,3,0x90,0x90,0xFF,0x3F,,,,,"Set torque = 16383"
277225,RX,0x181,6,0x40,0x40,0x11,0x41,0x80,0x02,0x0B,,"Status word = 0x4111"
277232,RX,0x181,4,0x30,0x30,0xA4,0x07,0x01,,,,"Speed feedback = 1956 rpm"
277245,TX,0x201,3,0x90,0x90,0xFF,0x3F,,,,,"Set torque = 16383"
277265,RX,0x181,6,0x40,0x40,0x11,0x41,0x80,0x02,0x0B,,"Status word = 0x4111"
277272,TX,0x201,3,0x90,0x90,0xFF,0x3F,,,,,"Set torque = 16383"
277279,RX,0x181,4,0x30,0x30,0x03,0x0C,0x01,,,,"Speed feedback = 3075 rpm"
277299,TX,0x201,3,0x90,0x90,0xFF,0x3F,,,,,"Set torque = 16383"
277325,TX,0x201,3,0x90,0x90,0xFF,0x3F,,,,,"Set torque = 16383"
277351,TX,0x201,3,0x90,0x90,0xFF,0x3F,,,,,"Set torque = 16383"
277365,RX,0x181,6,0x40,0x40,0x11,0x41,0x80,0x02,0x0B,,"Status word = 0x4111"
277372,RX,0x181,4,0x30,0x30,0x29,0x11,0x01,,,,"Speed feedback = 4393 rpm"
277379,TX,0x201,3,0x90,0x90,0x4A,0x3C,,,,,"Set torque = 15434"
277405,TX,0x201,3,0x90,0x90,0xA0,0x29,,,,,"Set torque = 10656"
277431,TX,0x201,3,0x90,0x90,0x85,0x18,,,,,"Set torque = 6277"
277457,TX,0x201,3,0x90,0x90,0xBB,0x08,,,,,"Set torque = 2235"
277465,RX,0x181,6,0x40,0x40,0x11,0x41,0x80,0x02,0x0B,,"Status word = 0x4111"
277472,RX,0x181,4,0x30,0x30,0x6F,0x14,0x01,,,,"Speed feedback = 5231 rpm"
277483,TX,0x201,3,0x90,0x90,0x00,0x00,,,,,"Set torque = 0"
277510,TX,0x201,3,0x90,0x90,0x00,0x00,,,,,"Set torque = 0"
277536,TX,0x201,3,0x90,0x90,0x00,0x00,,,,,"Set torque = 0"
277562,TX,0x201,3,0x90,0x90,0x00,0x00,,,,,"Set torque = 0"
277568,RX,0x181,6,0x40,0x40,0x11,0x41,0x80,0x02,0x0B,,"Status word = 0x4111"
277575,RX,0x181,4,0x30,0x30,0x27,0x16,0x01,,,,"Speed feedback = 5671 rpm"
277588,TX,0x201,3,0x90,0x90,0x00,0x00,,,,,"Set torque = 0"
277679,RX,0x181,6,0x40,0x40,0x11,0x41,0x80,0x02,0x0B,,"Status word = 0x4111"
277686,RX,0x181,4,0x30,0x30,0xBF,0x14,0x01,,,,"Speed feedback = 5311 rpm"
277699,TX,0x201,3,0x90,0x90,0x00,0x00,,,,,"Set torque = 0"
277726,TX,0x201,3,0x90,0x90,0x00,0x00,,,,,"Set torque = 0"
277752,TX,0x201,3,0x90,0x90,0x00,0x00,,,,,"Set torque = 0"
277764,RX,0x181,6,0x40,0x40,0x11,0x41,0x80,0x02,0x0B,,"Status word = 0x4111"
277771,RX,0x181,4,0x30,0x30,0xA0,0x11,0x01,,,,"Speed feedback = 4512 rpm"
277778,TX,0x201,3,0x90,0x90,0x00,0x00,,,,,"Set torque = 0"
277805,TX,0x201,3,0x90,0x90,0x00,0x00,,,,,"Set torque = 0"
277831,TX,0x201,3,0x90,0x90,0x00,0x00,,,,,"Set torque = 0"
277857,TX,0x201,3,0x90,0x90,0x00,0x00,,,,,"Set torque = 0"
277864,RX,0x181,6,0x40,0x40,0x11,0x41,0x80,0x02,0x0B,,"Status word = 0x4111"
277871,RX,0x181,4,0x30,0x30,0x5A,0x0E,0x01,,,,"Speed feedback = 3674 rpm"
277883,TX,0x201,3,0x90,0x90,0x00,0x00,,,,,"Set torque = 0"
277909,TX,0x201,3,0x90,0x90,0x00,0x00,,,,,"Set torque = 0"
277935,TX,0x201,3,0x90,0x90,0x00,0x00,,,,,"Set torque = 0"
277961,TX,0x201,3,0x90,0x90,0x00,0x00,,,,,"Set torque = 0"
277967,RX,0x181,6,0x40,0x40,0x11,0x41,0x80,0x02,0x0B,,"Status word = 0x4111"
277974,RX,0x181,4,0x30,0x30,0xCA,0x0C,0x01,,,,"Speed feedback = 3274 rpm"
277987,TX,0x201,3,0x90,0x90,0x00,0x00,,,,,"Set torque = 0"
278013,TX,0x201,3,0x90,0x90,0x00,0x00,,,,,"Set torque = 0"
278040,TX,0x201,3,0x90,0x90,0x00,0x00,,,,,"Set torque = 0"
278064,RX,0x181,6,0x40,0x40,0x11,0x41,0x80,0x02,0x0B,,"Status word = 0x4111"
278071,TX,0x201,3,0x90,0x90,0x00,0x00,,,,,"Set torque = 0"
278158,RX,0x181,4,0x30,0x30,0x13,0x0B,0x01,,,,"Speed feedback = 2835 rpm"
278165,RX,0x181,6,0x40,0x40,0x11,0x41,0x80,0x02,0x0B,,"Status word = 0x4111"
278175,RX,0x181,4,0x30,0x30,0xBC,0x08,0x01,,,,"Speed feedback = 2236 rpm"
278181,TX,0x201,3,0x90,0x90,0x00,0x00,,,,,"Set torque = 0"
278208,TX,0x201,3,0x90,0x90,0x00,0x00,,,,,"Set torque = 0"
278235,TX,0x201,3,0x90,0x90,0x00,0x00,,,,,"Set torque = 0"
278261,TX,0x201,3,0x90,0x90,0xDE,0x02,,,,,"Set torque = 734"
278267,RX,0x181,6,0x40,0x40,0x11,0x41,0x80,0x02,0x0B,,"Status word = 0x4111"
278274,RX,0x181,4,0x30,0x30,0x2D,0x07,0x01,,,,"Speed feedback = 1837 rpm"
278287,TX,0x201,3,0x90,0x90,0xA3,0x0D,,,,,"Set torque = 3491"
278313,TX,0x201,3,0x90,0x90,0x1C,0x1C,,,,,"Set torque = 7196"
278339,TX,0x201,3,0x90,0x90,0x0B,0x31,,,,,"Set torque = 12555"
278363,RX,0x181,6,0x40,0x40,0x11,0x41,0x80,0x02,0x0B,,"Status word = 0x4111"
278370,TX,0x201,3,0x90,0x90,0xFF,0x3F,,,,,"Set torque = 16383"
278377,RX,0x181,4,0x30,0x30,0x8D,0x06,0x01,,,,"Speed feedback = 1677 rpm"
278397,TX,0x201,3,0x90,0x90,0xFF,0x3F,,,,,"Set torque = 16383"
278423,TX,0x201,3,0x90,0x90,0xFF,0x3F,,,,,"Set torque = 16383"
278449,TX,0x201,3,0x90,0x90,0xFF,0x3F,,,,,"Set torque = 16383"
278463,RX,0x181,6,0x40,0x40,0x11,0x41,0x80,0x02,0x0B,,"Status word = 0x4111"
278470,RX,0x181,4,0x30,0x30,0x3B,0x0B,0x01,,,,"Speed feedback = 2875 rpm"
278477,TX,0x201,3,0x90,0x90,0xFF,0x3F,,,,,"Set torque = 16383"
278504,TX,0x201,3,0x90,0x90,0xFF,0x3F,,,,,"Set torque = 16383"
278530,TX,0x201,3,0x90,0x90,0xFF,0x3F,,,,,"Set torque = 16383"
278618,RX,0x181,6,0x40,0x40,0x11,0x41,0x80,0x02,0x0B,,"Status word = 0x4111"
278625,RX,0x181,4,0x30,0x30,0xC1,0x0F,0x01,,,,"Speed feedback = 4033 rpm"
278638,TX,0x201,3,0x90,0x90,0xDA,0x08,,,,,"Set torque = 2266"
278663,RX,0x181,6,0x40,0x40,0x11,0x41,0x80,0x02,0x0B,,"Status word = 0x4111"
278670,TX,0x201,3,0x90,0x90,0x00,0x00,,,,,"Set torque = 0"
278676,RX,0x181,4,0x30,0x30,0x80,0x13,0x01,,,,"Speed feedback = 4992 rpm"
278696,TX,0x201,3,0x90,0x90,0x00,0x00,,,,,"Set torque = 0"
278722,TX,0x201,3,0x90,0x90,0x00,0x00,,,,,"Set torque = 0"
278748,TX,0x201,3,0x90,0x90,0x00,0x00,,,,,"Set torque = 0"
278763,RX,0x181,6,0x40,0x40,0x11,0x41,0xA0,0x02,0x0B,,"Status word = 0x4111"
278770,RX,0x181,4,0x30,0x30,0x4F,0x16,0x01,,,,"Speed feedback = 5711 rpm"
278776,TX,0x201,3,0x90,0x90,0x00,0x00,,,,,"Set torque = 0"
278803,TX,0x201,3,0x90,0x90,0x00,0x00,,,,,"Set torque = 0"
278829,TX,0x201,3,0x90,0x90,0x00,0x00,,,,,"Set torque = 0"
278855,TX,0x201,3,0x90,0x90,0x00,0x00,,,,,"Set torque = 0"
278863,RX,0x181,6,0x40,0x40,0x11,0x41,0x80,0x02,0x0B,,"Status word = 0x4111"
278869,RX,0x181,4,0x30,0x30,0x4F,0x16,0x01,,,,"Speed feedback = 5711 rpm"
278881,TX,0x201,3,0x90,0x90,0x00,0x00,,,,,"Set torque = 0"
278908,TX,0x201,3,0x90,0x90,0x00,0x00,,,,,"Set torque = 0"
278934,TX,0x201,3,0x90,0x90,0x00,0x00,,,,,"Set torque = 0"
278960,TX,0x201,3,0x90,0x90,0x00,0x00,,,,,"Set torque = 0"
278966,RX,0x181,6,0x40,0x40,0x11,0x41,0x80,0x02,0x0B,,"Status word = 0x4111"
278973,RX,0x181,4,0x30,0x30,0x97,0x14,0x01,,,,"Speed feedback = 5271 rpm"
278986,TX,0x201,3,0x90,0x90,0x00,0x00,,,,,"Set torque = 0"
279076,RX,0x181,6,0x40,0x40,0x11,0x41,0x80,0x02,0x0B,,"Status word = 0x4111"
279080,RX,0x181,4,0x30,0x30,0x18,0x12,0x01,,,,"Speed feedback = 4632 rpm"
279096,TX,0x201,3,0x90,0x90,0x00,0x00,,,,,"Set torque = 0"
279123,TX,0x201,3,0x90,0x90,0x00,0x00,,,,,"Set torque = 0"
279149,TX,0x201,3,0x90,0x90,0x00,0x00,,,,,"Set torque = 0"
279162,RX,0x181,6,0x40,0x40,0x11,0x41,0x80,0x02,0x0B,,"Status word = 0x4111"
279169,RX,0x181,4,0x30,0x30,0x49,0x0F,0x01,,,,"Speed feedback = 3913 rpm"
279176,TX,0x201,3,0x90,0x90,0x00,0x00,,,,,"Set torque = 0"
279203,TX,0x201,3,0x90,0x90,0x00,0x00,,,,,"Set torque = 0"
279229,TX,0x201,3,0x90,0x90,0x00,0x00,,,,,"Set torque = 0"
279255,TX,0x201,3,0x90,0x90,0x00,0x00,,,,,"Set torque = 0"
279262,RX,0x181,6,0x40,0x40,0x11,0x41,0x80,0x02,0x0B,,"Status word = 0x4111"
279269,RX,0x181,4,0x30,0x30,0xCA,0x0C,0x01,,,,"Speed feedback = 3274 rpm"
279281,TX,0x201,3,0x90,0x90,0x00,0x00,,,,,"Set torque = 0"
279307,TX,0x201,3,0x90,0x90,0x00,0x00,,,,,"Set torque = 0"
279333,TX,0x201,3,0x90,0x90,0x00,0x00,,,,,"Set torque = 0"
279359,TX,0x201,3,0x90,0x90,0x00,0x00,,,,,"Set torque = 0"
279365,RX,0x181,6,0x40,0x40,0x11,0x41,0x80,0x02,0x0B,,"Status word = 0x4111"
279372,RX,0x181,4,0x30,0x30,0xC3,0x0A,0x01,,,,"Speed feedback = 2755 rpm"
279385,TX,0x201,3,0x90,0x90,0x00,0x00,,,,,"Set torque = 0"
279411,TX,0x201,3,0x90,0x90,0x00,0x00,,,,,"Set torque = 0"
279438,TX,0x201,3,0x90,0x90,0x00,0x00,,,,,"Set torque = 0"
279462,RX,0x181,6,0x40,0x40,0x11,0x41,0x80,0x02,0x0B,,"Status word = 0x4111"
279468,TX,0x201,3,0x90,0x90,0x00,0x00,,,,,"Set torque = 0"
279562,RX,0x181,4,0x30,0x30,0xBC,0x08,0x01,,,,"Speed feedback = 2236 rpm"
279568,RX,0x181,6,0x40,0x40,0x11,0x41,0x80,0x02,0x0B,,"Status word = 0x4111"
279575,RX,0x181,4,0x30,0x30,0x2D,0x07,0x01,,,,"Speed feedback = 1837 rpm"
279582,TX,0x201,3,0x90,0x90,0x00,0x00,,,,,"Set torque = 0"
279609,TX,0x201,3,0x90,0x90,0x00,0x00,,,,,"Set torque = 0"
279635,TX,0x201,3,0x90,0x90,0x00,0x00,,,,,"Set torque = 0"
279661,RX,0x181,6,0x40,0x40,0x11,0x41,0x80,0x02,0x0B,,"Status word = 0x4111"
279668,TX,0x201,3,0x90,0x90,0x00,0x00,,,,,"Set torque = 0"
279675,RX,0x181,4,0x30,0x30,0x4D,0x05,0x01,,,,"Speed feedback = 1357 rpm"
279695,TX,0x201,3,0x90,0x90,0x00,0x00,,,,,"Set torque = 0"
279721,TX,0x201,3,0x90,0x90,0x00,0x00,,,,,"Set torque = 0"
279747,TX,0x201,3,0x90,0x90,0x00,0x00,,,,,"Set torque = 0"
279761,RX,0x181,6,0x40,0x40,0x11,0x41,0x80,0x02,0x0B,,"Status word = 0x4111"
279768,RX,0x181,4,0x30,0x30,0xBE,0x03,0x01,,,,"Speed feedback = 958 rpm"
279775,TX,0x201,3,0x90,0x90,0x00,0x00,,,,,"Set torque = 0"
279802,TX,0x201,3,0x90,0x90,0x00,0x00,,,,,"Set torque = 0"
279828,TX,0x201,3,0x90,0x90,0x00,0x00,,,,,"Set torque = 0"
279854,TX,0x201,3,0x90,0x90,0x00,0x00,,,,,"Set torque = 0"
279861,RX,0x181,6,0x40,0x40,0x11,0x41,0x80,0x00,0x0B,,"Status word = 0x4111"
279868,RX,0x181,4,0x30,0x30,0x2F,0x02,0x01,,,,"Speed feedback = 559 rpm"
279880,TX,0x201,3,0x90,0x90,0x00,0x00,,,,,"Set torque = 0"
279906,TX,0x201,3,0x90,0x90,0x00,0x00,,,,,"Set torque = 0"
279932,TX,0x201,3,0x90,0x90,0x00,0x00,,,,,"Set torque = 0"
279958,TX,0x201,3,0x90,0x90,0x00,0x00,,,,,"Set torque = 0"
280049,RX,0x181,6,0x40,0x40,0x11,0x41,0x80,0x00,0x0B,,"Status word = 0x4111"
280056,RX,0x181,4,0x30,0x30,0x67,0x01,0x01,,,,"Speed feedback = 359 rpm"
280062,RX,0x181,6,0x40,0x40,0x11,0x41,0x80,0x00,0x0B,,"Status word = 0x4111"
280069,RX,0x181,4,0x30,0x30,0x77,0x00,0x01,,,,"Speed feedback = 119 rpm"
280076,TX,0x201,3,0x90,0x90,0x66,0x3F,,,,,"Set torque = 16230"
280103,TX,0x201,3,0x90,0x90,0xFF,0x3F,,,,,"Set torque = 16383"
280129,TX,0x201,3,0x90,0x90,0xFF,0x3F,,,,,"Set torque = 16383"
280155,TX,0x201,3,0x90,0x90,0xFF,0x3F,,,,,"Set torque = 16383"
280161,RX,0x181,6,0x40,0x40,0x11,0x41,0x80,0x00,0x0B,,"Status word = 0x4111"
280168,RX,0x181,4,0x30,0x30,0x67,0x01,0x01,,,,"Speed feedback = 359 rpm"
280181,TX,0x201,3,0x90,0x90,0xFF,0x3F,,,,,"Set torque = 16383"
280207,TX,0x201,3,0x90,0x90,0xFF,0x3F,,,,,"Set torque = 16383"
280233,TX,0x201,3,0x90,0x90,0xFF,0x3F,,,,,"Set torque = 16383"
280259,TX,0x201,3,0x90,0x90,0xFF,0x3F,,,,,"Set torque = 16383"
280265,RX,0x181,6,0x40,0x40,0x11,0x41,0x80,0x02,0x0B,,"Status word = 0x4111"
280272,RX,0x181,4,0x30,0x30,0x9D,0x05,0x01,,,,"Speed feedback = 1437 rpm"
280285,TX,0x201,3,0x90,0x90,0xFF,0x3F,,,,,"Set torque = 16383"
280311,TX,0x201,3,0x90,0x90,0xFF,0x3F,,,,,"Set torque = 16383"
280338,TX,0x201,3,0x90,0x90,0x6D,0x36,,,,,"Set torque = 13933"
280360,RX,0x181,6,0x40,0x40,0x11,0x41,0x80,0x02,0x0B,,"Status word = 0x4111"
280367,TX,0x201,3,0x90,0x90,0x54,0x22,,,,,"Set torque = 8788"
280374,RX,0x181,4,0x30,0x30,0x3B,0x0B,0x01,,,,"Speed feedback = 2875 rpm"
280394,TX,0x201,3,0x90,0x90,0xF3,0x0E,,,,,"Set torque = 3827"
280420,TX,0x201,3,0x90,0x90,0x00,0x00,,,,,"Set torque = 0"
280514,RX,0x181,6,0x40,0x40,0x11,0x41,0x80,0x02,0x0B,,"Status word = 0x4111"
280521,RX,0x181,4,0x30,0x30,0xD2,0x0E,0x01,,,,"Speed feedback = 3794 rpm"
280534,TX,0x201,3,0x90,0x90,0x00,0x00,,,,,"Set torque = 0"
280560,RX,0x181,6,0x40,0x40,0x11,0x41,0x80,0x02,0x0B,,"Status word = 0x4111"
280567,TX,0x201,3,0x90,0x90,0x00,0x00,,,,,"Set torque = 0"
280573,RX,0x181,4,0x30,0x30,0x21,0x0F,0x01,,,,"Speed feedback = 3873 rpm"
280593,TX,0x201,3,0x90,0x90,0x00,0x00,,,,,"Set torque = 0"
280619,TX,0x201,3,0x90,0x90,0x00,0x00,,,,,"Set torque = 0"
280645,TX,0x201,3,0x90,0x90,0x00,0x00,,,,,"Set torque = 0"
280660,RX,0x181,6,0x40,0x40,0x11,0x41,0x80,0x02,0x0B,,"Status word = 0x4111"
280667,RX,0x181,4,0x30,0x30,0xCA,0x0C,0x01,,,,"Speed feedback = 3274 rpm"
280673,TX,0x201,3,0x90,0x90,0x00,0x00,,,,,"Set torque = 0"
280700,TX,0x201,3,0x90,0x90,0x00,0x00,,,,,"Set torque = 0"
280726,TX,0x201,3,0x90,0x90,0x00,0x00,,,,,"Set torque = 0"
280752,TX,0x201,3,0x90,0x90,0x00,0x00,,,,,"Set torque = 0"
280759,RX,0x181,6,0x40,0x40,0x11,0x41,0x80,0x02,0x0B,,"Status word = 0x4111"
280766,RX,0x181,4,0x30,0x30,0xEB,0x0A,0x01,,,,"Speed feedback = 2795 rpm"
280778,TX,0x201,3,0x90,0x90,0x00,0x00,,,,,"Set torque = 0"
280804,TX,0x201,3,0x90,0x90,0x00,0x00,,,,,"Set torque = 0"
280830,TX,0x201,3,0x90,0x90,0x00,0x00,,,,,"Set torque = 0"
280856,TX,0x201,3,0x90,0x90,0x00,0x00,,,,,"Set torque = 0"
280863,RX,0x181,6,0x40,0x40,0x11,0x41,0x80,0x02,0x0B,,"Status word = 0x4111"
280869,RX,0x181,4,0x30,0x30,0xE4,0x08,0x01,,,,"Speed feedback = 2276 rpm"
280883,TX,0x201,3,0x90,0x90,0x00,0x00,,,,,"Set torque = 0"
280974,RX,0x181,6,0x40,0x40,0x11,0x41,0x80,0x02,0x0B,,"Status word = 0x4111"
280980,RX,0x181,4,0x30,0x30,0x8D,0x06,0x01,,,,"Speed feedback = 1677 rpm"
280994,TX,0x201,3,0x90,0x90,0x00,0x00,,,,,"Set torque = 0"
281020,TX,0x201,3,0x90,0x90,0x00,0x00,,,,,"Set torque = 0"
281046,TX,0x201,3,0x90,0x90,0x00,0x00,,,,,"Set torque = 0"
281059,RX,0x181,6,0x40,0x40,0x11,0x41,0x80,0x02,0x0B,,"Status word = 0x4111"
281066,RX,0x181,4,0x30,0x30,0x4D,0x05,0x01,,,,"Speed feedback = 1357 rpm"
281073,TX,0x201,3,0x90,0x90,0x00,0x00,,,,,"Set torque = 0"
281100,TX,0x201,3,0x90,0x90,0x00,0x00,,,,,"Set torque = 0"
281126,TX,0x201,3,0x90,0x90,0x00,0x00,,,,,"Set torque = 0"
281152,TX,0x201,3,0x90,0x90,0x00,0x00,,,,,"Set torque = 0"
281159,RX,0x181,6,0x40,0x40,0x11,0x41,0x80,0x02,0x0B,,"Status word = 0x4111"
281166,RX,0x181,4,0x30,0x30,0x6E,0x03,0x01,,,,"Speed feedback = 878 rpm"
281178,TX,0x201,3,0x90,0x90,0x00,0x00,,,,,"Set torque = 0"
281204,TX,0x201,3,0x90,0x90,0x00,0x00,,,,,"Set torque = 0"
281231,TX,0x201,3,0x90,0x90,0x00,0x00,,,,,"Set torque = 0"
281257,TX,0x201,3,0x90,0x90,0x00,0x00,,,,,"Set torque = 0"
281263,RX,0x181,6,0x40,0x40,0x11,0x41,0x80,0x00,0x0B,,"Status word = 0x4111"
281270,RX,0x181,4,0x30,0x30,0x57,0x02,0x01,,,,"Speed feedback = 599 rpm"
281283,TX,0x201,3,0x90,0x90,0x00,0x00,,,,,"Set torque = 0"
281309,TX,0x201,3,0x90,0x90,0x00,0x00,,,,,"Set torque = 0"
281335,TX,0x201,3,0x90,0x90,0x00,0x00,,,,,"Set torque = 0"
281359,RX,0x181,6,0x40,0x40,0x11,0x41,0x80,0x00,0x0B,,"Status word = 0x4111"
281365,TX,0x201,3,0x90,0x90,0x00,0x00,,,,,"Set torque = 0"
281455,RX,0x181,4,0x30,0x30,0x3F,0x01,0x01,,,,"Speed feedback = 319 rpm"
281462,RX,0x181,6,0x40,0x40,0x11,0x41,0x80,0x00,0x0B,,"Status word = 0x4111"
281469,RX,0x181,4,0x30,0x30,0x9F,0x00,0x01,,,,"Speed feedback = 159 rpm"
281476,TX,0x201,3,0x90,0x90,0x00,0x00,,,,,"Set torque = 0"
281502,TX,0x201,3,0x90,0x90,0x73,0x09,,,,,"Set torque = 2419"
281528,TX,0x201,3,0x90,0x90,0x8B,0x1D,,,,,"Set torque = 7563"
281554,TX,0x201,3,0x90,0x90,0xC5,0x2E,,,,,"Set torque = 11973"
281560,RX,0x181,6,0x40,0x40,0x11,0x41,0x80,0x00,0x0B,,"Status word = 0x4111"
281567,RX,0x181,4,0x30,0x30,0x77,0x00,0x01,,,,"Speed feedback = 119 rpm"
281580,TX,0x201,3,0x90,0x90,0xFF,0x3F,,,,,"Set torque = 16383"
281606,TX,0x201,3,0x90,0x90,0xFF,0x3F,,,,,"Set torque = 16383"
281632,TX,0x201,3,0x90,0x90,0xFF,0x3F,,,,,"Set torque = 16383"
281658,TX,0x201,3,0x90,0x90,0xFF,0x3F,,,,,"Set torque = 16383"
281664,RX,0x181,6,0x40,0x40,0x11,0x41,0x80,0x00,0x0B,,"Status word = 0x4111"
281671,RX,0x181,4,0x30,0x30,0x46,0x03,0x01,,,,"Speed feedback = 838 rpm"
281684,TX,0x201,3,0x90,0x90,0xFF,0x3F,,,,,"Set torque = 16383"
281710,TX,0x201,3,0x90,0x90,0xFF,0x3F,,,,,"Set torque = 16383"
281736,TX,0x201,3,0x90,0x90,0xFF,0x3F,,,,,"Set torque = 16383"
281758,RX,0x181,6,0x40,0x40,0x11,0x41,0x80,0x02,0x0B,,"Status word = 0x4111"
281765,TX,0x201,3,0x90,0x90,0xFF,0x3F,,,,,"Set torque = 16383"
281771,RX,0x181,4,0x30,0x30,0x44,0x08,0x01,,,,"Speed feedback = 2116 rpm"
281791,TX,0x201,3,0x90,0x90,0x4F,0x36,,,,,"Set torque = 13903"
281817,TX,0x201,3,0x90,0x90,0x04,0x21,,,,,"Set torque = 8452"
281843,TX,0x201,3,0x90,0x90,0xCB,0x01,,,,,"Set torque = 459"
281932,RX,0x181,6,0x40,0x40,0x11,0x41,0x80,0x02,0x0B,,"Status word = 0x4111"
281939,RX,0x181,4,0x30,0x30,0x42,0x0D,0x01,,,,"Speed feedback = 3394 rpm"
281952,TX,0x201,3,0x90,0x90,0x00,0x00,,,,,"Set torque = 0"
281959,RX,0x181,6,0x40,0x40,0x11,0x41,0x80,0x02,0x0B,,"Status word = 0x4111"
281965,RX,0x181,4,0x30,0x30,0xE9,0x0F,0x01,,,,"Speed feedback = 4073 rpm"
281979,TX,0x201,3,0x90,0x90,0x00,0x00,,,,,"Set torque = 0"
282005,TX,0x201,3,0x90,0x90,0x00,0x00,,,,,"Set torque = 0"
282031,TX,0x201,3,0x90,0x90,0x00,0x00,,,,,"Set torque = 0"
282057,TX,0x201,3,0x90,0x90,0x00,0x00,,,,,"Set torque = 0"
282063,RX,0x181,6,0x40,0x40,0x11,0x41,0x80,0x02,0x0B,,"Status word = 0x4111"
282070,RX,0x181,4,0x30,0x30,0x5A,0x0E,0x01,,,,"Speed feedback = 3674 rpm"
282083,TX,0x201,3,0x90,0x90,0x00,0x00,,,,,"Set torque = 0"
282110,TX,0x201,3,0x90,0x90,0x00,0x00,,,,,"Set torque = 0"
282136,TX,0x201,3,0x90,0x90,0x00,0x00,,,,,"Set torque = 0"
282157,RX,0x181,6,0x40,0x40,0x11,0x41,0x80,0x02,0x0B,,"Status word = 0x4111"
282164,TX,0x201,3,0x90,0x90,0x00,0x00,,,,,"Set torque = 0"
282171,RX,0x181,4,0x30,0x30,0xF2,0x0C,0x01,,,,"Speed feedback = 3314 rpm"
282191,TX,0x201,3,0x90,0x90,0x00,0x00,,,,,"Set torque = 0"
282217,TX,0x201,3,0x90,0x90,0x00,0x00,,,,,"Set torque = 0"
282243,TX,0x201,3,0x90,0x90,0x00,0x00,,,,,"Set torque = 0"
282257,RX,0x181,6,0x40,0x40,0x11,0x41,0x80,0x02,0x0B,,"Status word = 0x4111"
282264,RX,0x181,4,0x30,0x30,0xC3,0x0A,0x01,,,,"Speed feedback = 2755 rpm"
282271,TX,0x201,3,0x90,0x90,0x00,0x00,,,,,"Set torque = 0"
282298,TX,0x201,3,0x90,0x90,0x00,0x00,,,,,"Set torque = 0"
282387,RX,0x181,6,0x40,0x40,0x11,0x41,0x80,0x02,0x0B,,"Status word = 0x4111"
282394,RX,0x181,4,0x30,0x30,0x44,0x08,0x01,,,,"Speed feedback = 2116 rpm"
282407,TX,0x201,3,0x90,0x90,0x00,0x00,,,,,"Set torque = 0"
282433,TX,0x201,3,0x90,0x90,0x00,0x00,,,,,"Set torque = 0"
282457,RX,0x181,6,0x40,0x40,0x11,0x41,0x80,0x02,0x0B,,"Status word = 0x4111"
282464,TX,0x201,3,0x90,0x90,0x00,0x00,,,,,"Set torque = 0"
282471,RX,0x181,4,0x30,0x30,0xDD,0x06,0x01,,,,"Speed feedback = 1757 rpm"
282491,TX,0x201,3,0x90,0x90,0x1E,0x00,,,,,"Set torque = 30"
282517,TX,0x201,3,0x90,0x90,0xCB,0x01,,,,,"Set torque = 459"
282543,TX,0x201,3,0x90,0x90,0x45,0x02,,,,,"Set torque = 581"
282557,RX,0x181,6,0x40,0x40,0x11,0x41,0x80,0x02,0x0B,,"Status word = 0x4111"
282564,RX,0x181,4,0x30,0x30,0x25,0x05,0x01,,,,"Speed feedback = 1317 rpm"
282570,TX,0x201,3,0x90,0x90,0x8B,0x04,,,,,"Set torque = 1163"
282597,TX,0x201,3,0x90,0x90,0x62,0x05,,,,,"Set torque = 1378"
282623,TX,0x201,3,0x90,0x90,0x19,0x06,,,,,"Set torque = 1561"
282650,TX,0x201,3,0x90,0x90,0x4C,0x07,,,,,"Set torque = 1868"
282656,RX,0x181,6,0x40,0x40,0x11,0x41,0x80,0x02,0x0B,,"Status word = 0x4111"
282663,RX,0x181,4,0x30,0x30,0x05,0x07,0x01,,,,"Speed feedback = 1797 rpm"
282676,TX,0x201,3,0x90,0x90,0x73,0x09,,,,,"Set torque = 2419"
282702,TX,0x201,3,0x90,0x90,0x41,0x08,,,,,"Set torque = 2113"
282728,TX,0x201,3,0x90,0x90,0x01,0x0B,,,,,"Set torque = 2817"
282754,TX,0x201,3,0x90,0x90,0x70,0x0C,,,,,"Set torque = 3184"
282760,RX,0x181,6,0x40,0x40,0x11,0x41,0xA0,0x02,0x0B,,"Status word = 0x4111"
282767,RX,0x181,4,0x30,0x30,0x63,0x0B,0x01,,,,"Speed feedback = 2915 rpm"
282857,RX,0x181,6,0x40,0x40,0x11,0x41,0xA0,0x02,0x0B,,"Status word = 0x4111"
282864,RX,0x181,4,0x30,0x30,0x89,0x10,0x01,,,,"Speed feedback = 4233 rpm"
282871,TX,0x201,3,0x90,0x90,0xEF,0x14,,,,,"Set torque = 5359"
282897,TX,0x201,3,0x90,0x90,0x55,0x14,,,,,"Set torque = 5205"
282923,TX,0x201,3,0x90,0x90,0x05,0x13,,,,,"Set torque = 4869"
282949,TX,0x201,3,0x90,0x90,0x39,0x11,,,,,"Set torque = 4409"
282956,RX,0x181,6,0x40,0x40,0x11,0x41,0x80,0x02,0x0B,,"Status word = 0x4111"
282966,RX,0x181,4,0x30,0x30,0xD7,0x15,0x01,,,,"Speed feedback = 5591 rpm"
282975,TX,0x201,3,0x90,0x90,0x33,0x0C,,,,,"Set torque = 3123"
283001,TX,0x201,3,0x90,0x90,0xE9,0x01,,,,,"Set torque = 489"
283027,TX,0x201,3,0x90,0x90,0x00,0x00,,,,,"Set torque = 0"
283053,TX,0x201,3,0x90,0x90,0x00,0x00,,,,,"Set torque = 0"
283059,RX,0x181,6,0x40,0x40,0x11,0x41,0x80,0x02,0x0B,,"Status word = 0x4111"
283066,RX,0x181,4,0x30,0x30,0xB6,0x17,0x01,,,,"Speed feedback = 6070 rpm"
283079,TX,0x201,3,0x90,0x90,0x00,0x00,,,,,"Set torque = 0"
283105,TX,0x201,3,0x90,0x90,0x00,0x00,,,,,"Set torque = 0"
283131,TX,0x201,3,0x90,0x90,0x00,0x00,,,,,"Set torque = 0"
283156,RX,0x181,6,0x40,0x40,0x11,0x41,0x80,0x02,0x0B,,"Status word = 0x4111"
283162,TX,0x201,3,0x90,0x90,0x00,0x00,,,,,"Set torque = 0"
283169,RX,0x181,4,0x30,0x30,0xB6,0x17,0x01,,,,"Speed feedback = 6070 rpm"
283189,TX,0x201,3,0x90,0x90,0x00,0x00,,,,,"Set torque = 0"
283215,TX,0x201,3,0x90,0x90,0x00,0x00,,,,,"Set torque = 0"
283241,TX,0x201,3,0x90,0x90,0x00,0x00,,,,,"Set torque = 0"
283330,RX,0x181,6,0x40,0x40,0x11,0x41,0x80,0x02,0x0B,,"Status word = 0x4111"
283337,RX,0x181,4,0x30,0x30,0xD7,0x15,0x01,,,,"Speed feedback = 5591 rpm"
283350,TX,0x201,3,0x90,0x90,0x00,0x00,,,,,"Set torque = 0"
283357,RX,0x181,6,0x40,0x40,0x11,0x41,0x80,0x02,0x0B,,"Status word = 0x4111"
283363,RX,0x181,4,0x30,0x30,0xE0,0x12,0x01,,,,"Speed feedback = 4832 rpm"
283377,TX,0x201,3,0x90,0x90,0x00,0x00,,,,,"Set torque = 0"
283403,TX,0x201,3,0x90,0x90,0x00,0x00,,,,,"Set torque = 0"
283427,TX,0x201,3,0x90,0x90,0x00,0x00,,,,,"Set torque = 0"
283453,TX,0x201,3,0x90,0x90,0x00,0x00,,,,,"Set torque = 0"
283459,RX,0x181,6,0x40,0x40,0x11,0x41,0x80,0x02,0x0B,,"Status word = 0x4111"
283466,RX,0x181,4,0x30,0x30,0x61,0x10,0x01,,,,"Speed feedback = 4193 rpm"
283479,TX,0x201,3,0x90,0x90,0x00,0x00,,,,,"Set torque = 0"
283506,TX,0x201,3,0x90,0x90,0x00,0x00,,,,,"Set torque = 0"
283532,TX,0x201,3,0x90,0x90,0x00,0x00,,,,,"Set torque = 0"
283555,RX,0x181,6,0x40,0x40,0x11,0x41,0x80,0x02,0x0B,,"Status word = 0x4111"
283562,TX,0x201,3,0x90,0x90,0x00,0x00,,,,,"Set torque = 0"
283569,RX,0x181,4,0x30,0x30,0x0A,0x0E,0x01,,,,"Speed feedback = 3594 rpm"
283589,TX,0x201,3,0x90,0x90,0x00,0x00,,,,,"Set torque = 0"
283615,TX,0x201,3,0x90,0x90,0x00,0x00,,,,,"Set torque = 0"
283641,TX,0x201,3,0x90,0x90,0x00,0x00,,,,,"Set torque = 0"
283655,RX,0x181,6,0x40,0x40,0x11,0x41,0x80,0x02,0x0B,,"Status word = 0x4111"
283662,RX,0x181,4,0x30,0x30,0x63,0x0B,0x01,,,,"Speed feedback = 2915 rpm"
283669,TX,0x201,3,0x90,0x90,0x00,0x00,,,,,"Set torque = 0"
283696,TX,0x201,3,0x90,0x90,0x00,0x00,,,,,"Set torque = 0"
283787,RX,0x181,6,0x40,0x40,0x11,0x41,0x80,0x02,0x0B,,"Status word = 0x4111"
283794,RX,0x181,4,0x30,0x30,0x34,0x09,0x01,,,,"Speed feedback = 2356 rpm"
283807,TX,0x201,3,0x90,0x90,0x00,0x00,,,,,"Set torque = 0"
283833,TX,0x201,3,0x90,0x90,0x00,0x00,,,,,"Set torque = 0"
283855,RX,0x181,6,0x40,0x40,0x11,0x41,0x80,0x02,0x0B,,"Status word = 0x4111"
283861,TX,0x201,3,0x90,0x90,0x00,0x00,,,,,"Set torque = 0"
283869,RX,0x181,4,0x30,0x30,0xCC,0x07,0x01,,,,"Speed feedback = 1996 rpm"
283889,TX,0x201,3,0x90,0x90,0x00,0x00,,,,,"Set torque = 0"
283915,TX,0x201,3,0x90,0x90,0x00,0x00,,,,,"Set torque = 0"
283941,TX,0x201,3,0x90,0x90,0x00,0x00,,,,,"Set torque = 0"
283954,RX,0x181,6,0x40,0x40,0x11,0x41,0x80,0x02,0x0B,,"Status word = 0x4111"
283961,RX,0x181,4,0x30,0x30,0x15,0x06,0x01,,,,"Speed feedback = 1557 rpm"
283968,TX,0x201,3,0x90,0x90,0x00,0x00,,,,,"Set torque = 0"
283995,TX,0x201,3,0x90,0x90,0x00,0x00,,,,,"Set torque = 0"
284021,TX,0x201,3,0x90,0x90,0x00,0x00,,,,,"Set torque = 0"
284048,TX,0x201,3,0x90,0x90,0x00,0x00,,,,,"Set torque = 0"
284054,RX,0x181,6,0x40,0x40,0x11,0x41,0x80,0x02,0x0B,,"Status word = 0x4111"
284061,RX,0x181,4,0x30,0x30,0x5E,0x04,0x01,,,,"Speed feedback = 1118 rpm"
284074,TX,0x201,3,0x90,0x90,0x00,0x00,,,,,"Set torque = 0"
284100,TX,0x201,3,0x90,0x90,0x00,0x00,,,,,"Set torque = 0"
284126,TX,0x201,3,0x90,0x90,0x00,0x00,,,,,"Set torque = 0"
284152,TX,0x201,3,0x90,0x90,0x00,0x00,,,,,"Set torque = 0"
284158,RX,0x181,6,0x40,0x40,0x11,0x41,0x80,0x02,0x0B,,"Status word = 0x4111"
284165,RX,0x181,4,0x30,0x30,0xA6,0x02,0x01,,,,"Speed feedback = 678 rpm"
284268,RX,0x181,4,0x30,0x30,0x8F,0x01,0x01,,,,"Speed feedback = 399 rpm"
284275,RX,0x181,6,0x40,0x40,0x11,0x41,0x80,0x00,0x0B,,"Status word = 0x4111"
284281,TX,0x201,3,0x90,0x90,0x00,0x00,,,,,"Set torque = 0"
284308,TX,0x201,3,0x90,0x90,0x00,0x00,,,,,"Set torque = 0"
284334,TX,0x201,3,0x90,0x90,0x00,0x00,,,,,"Set torque = 0"
284354,RX,0x181,6,0x40,0x40,0x11,0x41,0x80,0x00,0x0B,,"Status word = 0x4111"
284361,TX,0x201,3,0x90,0x90,0x00,0x00,,,,,"Set torque = 0"
284367,RX,0x181,4,0x30,0x30,0xC7,0x00,0x01,,,,"Speed feedback = 199 rpm"
284387,TX,0x201,3,0x90,0x90,0x00,0x00,,,,,"Set torque = 0"
284414,TX,0x201,3,0x90,0x90,0x00,0x00,,,,,"Set torque = 0"
284440,TX,0x201,3,0x90,0x90,0x00,0x00,,,,,"Set torque = 0"
284454,RX,0x181,6,0x40,0x40,0x11,0x43,0x80,0x00,0x0B,,"Status word = 0x4311"
284461,RX,0x181,4,0x30,0x30,0x00,0x00,0x01,,,,"Speed feedback = 0 rpm"
284467,TX,0x201,3,0x90,0x90,0x00,0x00,,,,,"Set torque = 0"
284494,TX,0x201,3,0x90,0x90,0x00,0x00,,,,,"Set torque = 0"
284520,TX,0x201,3,0x90,0x90,0x00,0x00,,,,,"Set torque = 0"
284546,TX,0x201,3,0x90,0x90,0x00,0x00,,,,,"Set torque = 0"
284553,RX,0x181,6,0x40,0x40,0x11,0x43,0x80,0x00,0x0B,,"Status word = 0x4311"
284561,RX,0x181,4,0x30,0x30,0x00,0x00,0x01,,,,"Speed feedback = 0 rpm"
284572,TX,0x201,3,0x90,0x90,0x00,0x00,,,,,"Set torque = 0"
284598,TX,0x201,3,0x90,0x90,0x00,0x00,,,,,"Set torque = 0"
284624,TX,0x201,3,0x90,0x90,0x00,0x00,,,,,"Set torque = 0"
284650,TX,0x201,3,0x90,0x90,0x00,0x00,,,,,"Set torque = 0"
284656,RX,0x181,6,0x40,0x40,0x11,0x43,0x80,0x00,0x0B,,"Status word = 0x4311"
284758,RX,0x181,6,0x40,0x40,0x11,0x43,0x80,0x00,0x0B,,"Status word = 0x4311"
284765,RX,0x181,4,0x30,0x30,0x00,0x00,0x01,,,,"Speed feedback = 0 rpm"
284771,RX,0x181,4,0x30,0x30,0x00,0x00,0x01,,,,"Speed feedback = 0 rpm"
284778,TX,0x201,3,0x90,0x90,0x00,0x00,,,,,"Set torque = 0"
284805,TX,0x201,3,0x90,0x90,0x00,0x00,,,,,"Set torque = 0"
284831,TX,0x201,3,0x90,0x90,0x00,0x00,,,,,"Set torque = 0"
284853,RX,0x181,6,0x40,0x40,0x11,0x43,0x80,0x00,0x0B,,"Status word = 0x4311"
284860,TX,0x201,3,0x90,0x90,0x00,0x00,,,,,"Set torque = 0"
284867,RX,0x181,4,0x30,0x30,0x00,0x00,0x01,,,,"Speed feedback = 0 rpm"
284887,TX,0x201,3,0x90,0x90,0x00,0x00,,,,,"Set torque = 0"
284913,TX,0x201,3,0x90,0x90,0x00,0x00,,,,,"Set torque = 0"
284939,TX,0x201,3,0x90,0x90,0x00,0x00,,,,,"Set torque = 0"
284953,RX,0x181,6,0x40,0x40,0x11,0x43,0x80,0x00,0x0B,,"Status word = 0x4311"
284960,RX,0x181,4,0x30,0x30,0x00,0x00,0x01,,,,"Speed feedback = 0 rpm"
284967,TX,0x201,3,0x90,0x90,0x00,0x00,,,,,"Set torque = 0"
284993,TX,0x201,3,0x90,0x90,0x00,0x00,,,,,"Set torque = 0"
285019,TX,0x201,3,0x90,0x90,0x00,0x00,,,,,"Set torque = 0"
285045,TX,0x201,3,0x90,0x90,0x00,0x00,,,,,"Set torque = 0"
285053,RX,0x181,6,0x40,0x40,0x11,0x43,0x80,0x00,0x0B,,"Status word = 0x4311"
285060,RX,0x181,4,0x30,0x30,0x00,0x00,0x01,,,,"Speed feedback = 0 rpm"
285071,TX,0x201,3,0x90,0x90,0x00,0x00,,,,,"Set torque = 0"
285098,TX,0x201,3,0x90,0x90,0x00,0x00,,,,,"Set torque = 0"
285124,TX,0x201,3,0x90,0x90,0x00,0x00,,,,,"Set torque = 0"
285150,TX,0x201,3,0x90,0x90,0x00,0x00,,,,,"Set torque = 0"
285290,RX,0x181,6,0x40,0x40,0x11,0x43,0x80,0x00,0x0B,,"Status word = 0x4311"
285296,RX,0x181,4,0x30,0x30,0x00,0x00,0x01,,,,"Speed feedback = 0 rpm"
285303,RX,0x181,6,0x40,0x40,0x11,0x43,0x80,0x00,0x0B,,"Status word = 0x4311"
285310,RX,0x181,4,0x30,0x30,0x00,0x00,0x01,,,,"Speed feedback = 0 rpm"
285317,TX,0x201,3,0x90,0x90,0x00,0x00,,,,,"Set torque = 0"
285343,TX,0x201,3,0x90,0x90,0x00,0x00,,,,,"Set torque = 0"
285352,RX,0x181,6,0x40,0x40,0x11,0x43,0x80,0x00,0x0B,,"Status word = 0x4311"
285359,RX,0x181,4,0x30,0x30,0x00,0x00,0x01,,,,"Speed feedback = 0 rpm"
285370,TX,0x201,3,0x90,0x90,0x00,0x00,,,,,"Set torque = 0"
285396,TX,0x201,3,0x90,0x90,0x00,0x00,,,,,"Set torque = 0"
285422,TX,0x201,3,0x90,0x90,0x00,0x00,,,,,"Set torque = 0"
285448,TX,0x201,3,0x90,0x90,0x00,0x00,,,,,"Set torque = 0"
285454,RX,0x181,6,0x40,0x40,0x11,0x43,0x80,0x00,0x0B,,"Status word = 0x4311"
285461,RX,0x181,4,0x30,0x30,0x00,0x00,0x01,,,,"Speed feedback = 0 rpm"
285474,TX,0x201,3,0x90,0x90,0x00,0x00,,,,,"Set torque = 0"
285501,TX,0x201,3,0x90,0x90,0x00,0x00,,,,,"Set torque = 0"
285527,TX,0x201,3,0x90,0x90,0x00,0x00,,,,,"Set torque = 0"
285552,RX,0x181,6,0x40,0x40,0x11,0x43,0x80,0x00,0x0B,,"Status word = 0x4311"
285559,TX,0x201,3,0x90,0x90,0x00,0x00,,,,,"Set torque = 0"
285565,RX,0x181,4,0x30,0x30,0x00,0x00,0x01,,,,"Speed feedback = 0 rpm"
285585,TX,0x201,3,0x90,0x90,0x00,0x00,,,,,"Set torque = 0"
285611,TX,0x201,3,0x90,0x90,0x00,0x00,,,,,"Set torque = 0"
285637,TX,0x201,3,0x90,0x90,0x00,0x00,,,,,"Set torque = 0"
285652,RX,0x181,6,0x40,0x40,0x11,0x43,0x80,0x00,0x0B,,"Status word = 0x4311"
285710,RX,0x181,4,0x30,0x30,0x00,0x00,0x01,,,,"Speed feedback = 0 rpm"
285717,TX,0x201,3,0x90,0x90,0x00,0x00,,,,,"Set torque = 0"
285744,TX,0x201,3,0x90,0x90,0x00,0x00,,,,,"Set torque = 0"
285752,RX,0x181,6,0x40,0x40,0x11,0x43,0x80,0x00,0x0B,,"Status word = 0x4311"
285759,RX,0x181,4,0x30,0x30,0x00,0x00,0x01,,,,"Speed feedback = 0 rpm"
285770,TX,0x201,3,0x90,0x90,0x00,0x00,,,,,"Set torque = 0"
285796,TX,0x201,3,0x90,0x90,0x00,0x00,,,,,"Set torque = 0"
285822,TX,0x201,3,0x90,0x90,0x00,0x00,,,,,"Set torque = 0"
285848,TX,0x201,3,0x90,0x90,0x00,0x00,,,,,"Set torque = 0"
285855,RX,0x181,6,0x40,0x40,0x11,0x43,0x80,0x00,0x0B,,"Status word = 0x4311"
285862,RX,0x181,4,0x30,0x30,0x00,0x00,0x01,,,,"Speed feedback = 0 rpm"
285875,TX,0x201,3,0x90,0x90,0x00,0x00,,,,,"Set torque = 0"
285901,TX,0x201,3,0x90,0x90,0x00,0x00,,,,,"Set torque = 0"
285927,TX,0x201,3,0x90,0x90,0x00,0x00,,,,,"Set torque = 0"
285951,RX,0x181,6,0x40,0x40,0x11,0x43,0x80,0x00,0x0B,,"Status word = 0x4311"
285958,TX,0x201,3,0x90,0x90,0x00,0x00,,,,,"Set torque = 0"
285965,RX,0x181,4,0x30,0x30,0x00,0x00,0x01,,,,"Speed feedback = 0 rpm"
285985,TX,0x201,3,0x90,0x90,0x00,0x00,,,,,"Set torque = 0"
286012,TX,0x201,3,0x90,0x90,0x00,0x00,,,,,"Set torque = 0"
286038,TX,0x201,3,0x90,0x90,0x00,0x00,,,,,"Set torque = 0"
286051,RX,0x181,6,0x40,0x40,0x11,0x43,0x80,0x00,0x0B,,"Status word = 0x4311"
286058,RX,0x181,4,0x30,0x30,0x00,0x00,0x01,,,,"Speed feedback = 0 rpm"
286065,TX,0x201,3,0x90,0x90,0x00,0x00,,,,,"Set torque = 0"
286092,TX,0x201,3,0x90,0x90,0x00,0x00,,,,,"Set torque = 0"
286181,RX,0x181,6,0x40,0x40,0x11,0x43,0x80,0x00,0x0B,,"Status word = 0x4311"
286188,RX,0x181,4,0x30,0x30,0x00,0x00,0x01,,,,"Speed feedback = 0 rpm"
286201,TX,0x201,3,0x90,0x90,0x00,0x00,,,,,"Set torque = 0"
286228,TX,0x201,3,0x90,0x90,0x00,0x00,,,,,"Set torque = 0"
286251,RX,0x181,6,0x40,0x40,0x11,0x43,0x80,0x00,0x0B,,"Status word = 0x4311"
286258,TX,0x201,3,0x90,0x90,0x00,0x00,,,,,"Set torque = 0"
286265,RX,0x181,4,0x30,0x30,0x00,0x00,0x01,,,,"Speed feedback = 0 rpm"
286285,TX,0x201,3,0x90,0x90,0x00,0x00,,,,,"Set torque = 0"
286311,TX,0x201,3,0x90,0x90,0x00,0x00,,,,,"Set torque = 0"
286337,TX,0x201,3,0x90,0x90,0x00,0x00,,,,,"Set torque = 0"
286351,RX,0x181,6,0x40,0x40,0x11,0x43,0x80,0x00,0x0B,,"Status word = 0x4311"
286358,RX,0x181,4,0x30,0x30,0x00,0x00,0x01,,,,"Speed feedback = 0 rpm"
286365,TX,0x201,3,0x90,0x90,0x00,0x00,,,,,"Set torque = 0"
286392,TX,0x201,3,0x90,0x90,0x00,0x00,,,,,"Set torque = 0"
286418,TX,0x201,3,0x90,0x90,0x00,0x00,,,,,"Set torque = 0"
286444,TX,0x201,3,0x90,0x90,0x00,0x00,,,,,"Set torque = 0"
286450,RX,0x181,6,0x40,0x40,0x11,0x43,0x80,0x00,0x0B,,"Status word = 0x4311"
286457,RX,0x181,4,0x30,0x30,0x00,0x00,0x01,,,,"Speed feedback = 0 rpm"
286470,TX,0x201,3,0x90,0x90,0x00,0x00,,,,,"Set torque = 0"
286496,TX,0x201,3,0x90,0x90,0x00,0x00,,,,,"Set torque = 0"
286522,TX,0x201,3,0x90,0x90,0x00,0x00,,,,,"Set torque = 0"
286549,TX,0x201,3,0x90,0x90,0x00,0x00,,,,,"Set torque = 0"
286555,RX,0x181,6,0x40,0x40,0x11,0x43,0x80,0x00,0x0B,,"Status word = 0x4311"
286562,RX,0x181,4,0x30,0x30,0x00,0x00,0x01,,,,"Speed feedback = 0 rpm"
286652,RX,0x181,6,0x40,0x40,0x11,0x43,0x80,0x00,0x0B,,"Status word = 0x4311"
286660,RX,0x181,4,0x30,0x30,0x00,0x00,0x01,,,,"Speed feedback = 0 rpm"
286666,TX,0x201,3,0x90,0x90,0x00,0x00,,,,,"Set torque = 0"
286693,TX,0x201,3,0x90,0x90,0x00,0x00,,,,,"Set torque = 0"
286719,TX,0x201,3,0x90,0x90,0x00,0x00,,,,,"Set torque = 0"
286746,TX,0x201,3,0x90,0x90,0x00,0x00,,,,,"Set torque = 0"
286752,RX,0x181,6,0x40,0x40,0x11,0x43,0x80,0x00,0x0B,,"Status word = 0x4311"
286759,RX,0x181,4,0x30,0x30,0x00,0x00,0x01,,,,"Speed feedback = 0 rpm"
286772,TX,0x201,3,0x90,0x90,0x00,0x00,,,,,"Set torque = 0"
286798,TX,0x201,3,0x90,0x90,0x00,0x00,,,,,"Set torque = 0"
286824,TX,0x201,3,0x90,0x90,0x00,0x00,,,,,"Set torque = 0"
286850,TX,0x201,3,0x90,0x90,0x00,0x00,,,,,"Set torque = 0"
286856,RX,0x181,6,0x40,0x40,0x11,0x43,0x80,0x00,0x0B,,"Status word = 0x4311"
286863,RX,0x181,4,0x30,0x30,0x00,0x00,0x01,,,,"Speed feedback = 0 rpm"
286876,TX,0x201,3,0x90,0x90,0x00,0x00,,,,,"Set torque = 0"
286902,TX,0x201,3,0x90,0x90,0x00,0x00,,,,,"Set torque = 0"
286928,TX,0x201,3,0x90,0x90,0x00,0x00,,,,,"Set torque = 0"
286950,RX,0x181,6,0x40,0x40,0x11,0x43,0x80,0x00,0x0B,,"Status word = 0x4311"
286956,TX,0x201,3,0x90,0x90,0x00,0x00,,,,,"Set torque = 0"
286963,RX,0x181,4,0x30,0x30,0x00,0x00,0x01,,,,"Speed feedback = 0 rpm"
286983,TX,0x201,3,0x90,0x90,0x00,0x00,,,,,"Set torque = 0"
287009,TX,0x201,3,0x90,0x90,0x00,0x00,,,,,"Set torque = 0"
287035,TX,0x201,3,0x90,0x90,0x00,0x00,,,,,"Set torque = 0"
287116,RX,0x181,6,0x40,0x40,0x11,0x43,0x80,0x00,0x0B,,"Status word = 0x4311"
287123,RX,0x181,4,0x30,0x30,0x00,0x00,0x01,,,,"Speed feedback = 0 rpm"
287136,TX,0x201,3,0x90,0x90,0x00,0x00,,,,,"Set torque = 0"
287149,RX,0x181,6,0x40,0x40,0x11,0x43,0x80,0x00,0x0B,,"Status word = 0x4311"
287156,RX,0x181,4,0x30,0x30,0x00,0x00,0x01,,,,"Speed feedback = 0 rpm"
287163,TX,0x201,3,0x90,0x90,0x00,0x00,,,,,"Set torque = 0"
287190,TX,0x201,3,0x90,0x90,0x00,0x00,,,,,"Set torque = 0"
287216,TX,0x201,3,0x90,0x90,0x00,0x00,,,,,"Set torque = 0"
287242,TX,0x201,3,0x90,0x90,0x00,0x00,,,,,"Set torque = 0"
287249,RX,0x181,6,0x40,0x40,0x11,0x43,0x80,0x00,0x0B,,"Status word = 0x4311"
287256,RX,0x181,4,0x30,0x30,0x00,0x00,0x01,,,,"Speed feedback = 0 rpm"
287269,TX,0x201,3,0x90,0x90,0x00,0x00,,,,,"Set torque = 0"
287295,TX,0x201,3,0x90,0x90,0x00,0x00,,,,,"Set torque = 0"
287321,TX,0x201,3,0x90,0x90,0x00,0x00,,,,,"Set torque = 0"
287347,TX,0x201,3,0x90,0x90,0x00,0x00,,,,,"Set torque = 0"
287353,RX,0x181,6,0x40,0x40,0x11,0x43,0x80,0x00,0x0B,,"Status word = 0x4311"
287360,RX,0x181,4,0x30,0x30,0x00,0x00,0x01,,,,"Speed feedback = 0 rpm"
287373,TX,0x201,3,0x90,0x90,0x00,0x00,,,,,"Set torque = 0"
287400,TX,0x201,3,0x90,0x90,0x00,0x00,,,,,"Set torque = 0"
287426,TX,0x201,3,0x90,0x90,0x00,0x00,,,,,"Set torque = 0"
287449,RX,0x181,6,0x40,0x40,0x11,0x43,0x80,0x00,0x0B,,"Status word = 0x4311"
287456,TX,0x201,3,0x90,0x90,0x00,0x00,,,,,"Set torque = 0"
287462,RX,0x181,4,0x30,0x30,0x00,0x00,0x01,,,,"Speed feedback = 0 rpm"
287482,TX,0x201,3,0x90,0x90,0x00,0x00,,,,,"Set torque = 0"
287564,RX,0x181,6,0x40,0x40,0x11,0x43,0x80,0x00,0x0B,,"Status word = 0x4311"
287571,RX,0x181,4,0x30,0x30,0x00,0x00,0x01,,,,"Speed feedback = 0 rpm"
287584,TX,0x201,3,0x90,0x90,0x00,0x00,,,,,"Set torque = 0"
287611,TX,0x201,3,0x90,0x90,0x00,0x00,,,,,"Set torque = 0"
287637,TX,0x201,3,0x90,0x90,0x00,0x00,,,,,"Set torque = 0"
287649,RX,0x181,6,0x40,0x40,0x11,0x43,0x80,0x00,0x0B,,"Status word = 0x4311"
287656,RX,0x181,4,0x30,0x30,0x00,0x00,0x01,,,,"Speed feedback = 0 rpm"
287663,TX,0x201,3,0x90,0x90,0x00,0x00,,,,,"Set torque = 0"
287689,TX,0x201,3,0x90,0x90,0x00,0x00,,,,,"Set torque = 0"
287715,TX,0x201,3,0x90,0x90,0x00,0x00,,,,,"Set torque = 0"
287741,TX,0x201,3,0x90,0x90,0x00,0x00,,,,,"Set torque = 0"
287748,RX,0x181,6,0x40,0x40,0x11,0x43,0x80,0x00,0x0B,,"Status word = 0x4311"
287756,RX,0x181,4,0x30,0x30,0x00,0x00,0x01,,,,"Speed feedback = 0 rpm"
287767,TX,0x201,3,0x90,0x90,0x00,0x00,,,,,"Set torque = 0"
287793,TX,0x201,3,0x90,0x90,0x00,0x00,,,,,"Set torque = 0"
287819,TX,0x201,3,0x90,0x90,0x00,0x00,,,,,"Set torque = 0"
287845,TX,0x201,3,0x90,0x90,0x00,0x00,,,,,"Set torque = 0"
287854,RX,0x181,6,0x40,0x40,0x11,0x43,0x80,0x00,0x0B,,"Status word = 0x4311"
287861,RX,0x181,4,0x30,0x30,0x00,0x00,0x01,,,,"Speed feedback = 0 rpm"
287874,TX,0x201,3,0x90,0x90,0x00,0x00,,,,,"Set torque = 0"
287901,TX,0x201,3,0x90,0x90,0x00,0x00,,,,,"Set torque = 0"
287927,TX,0x201,3,0x90,0x90,0x00,0x00,,,,,"Set torque = 0"
287948,RX,0x181,6,0x40,0x40,0x11,0x43,0x80,0x00,0x0B,,"Status word = 0x4311"
288034,RX,0x181,4,0x30,0x30,0x00,0x00,0x01,,,,"Speed feedback = 0 rpm"
288040,TX,0x201,3,0x90,0x90,0x00,0x00,,,,,"Set torque = 0"
288048,RX,0x181,6,0x40,0x40,0x11,0x43,0x80,0x00,0x0B,,"Status word = 0x4311"
288055,RX,0x181,4,0x30,0x30,0x00,0x00,0x01,,,,"Speed feedback = 0 rpm"
288067,TX,0x201,3,0x90,0x90,0x00,0x00,,,,,"Set torque = 0"
288093,TX,0x201,3,0x90,0x90,0x00,0x00,,,,,"Set torque = 0"
288120,TX,0x201,3,0x90,0x90,0x00,0x00,,,,,"Set torque = 0"
288146,TX,0x201,3,0x90,0x90,0x00,0x00,,,,,"Set torque = 0"
288152,RX,0x181,6,0x40,0x40,0x11,0x43,0x80,0x00,0x0B,,"Status word = 0x4311"
288159,RX,0x181,4,0x30,0x30,0x00,0x00,0x01,,,,"Speed feedback = 0 rpm"
288172,TX,0x201,3,0x90,0x90,0x00,0x00,,,,,"Set torque = 0"
288198,TX,0x201,3,0x90,0x90,0x00,0x00,,,,,"Set torque = 0"
288224,TX,0x201,3,0x90,0x90,0x00,0x00,,,,,"Set torque = 0"
288248,RX,0x181,6,0x40,0x40,0x11,0x43,0x80,0x00,0x0B,,"Status word = 0x4311"
288254,TX,0x201,3,0x90,0x90,0x00,0x00,,,,,"Set torque = 0"
288262,RX,0x181,4,0x30,0x30,0x00,0x00,0x01,,,,"Speed feedback = 0 rpm"
288282,TX,0x201,3,0x90,0x90,0x00,0x00,,,,,"Set torque = 0"
288308,TX,0x201,3,0x90,0x90,0x00,0x00,,,,,"Set torque = 0"
288334,TX,0x201,3,0x90,0x90,0x00,0x00,,,,,"Set torque = 0"
288347,RX,0x181,6,0x40,0x40,0x11,0x43,0x80,0x00,0x0B,,"Status word = 0x4311"
288354,RX,0x181,4,0x30,0x30,0x00,0x00,0x01,,,,"Speed feedback = 0 rpm"
288361,TX,0x201,3,0x90,0x90,0x00,0x00,,,,,"Set torque = 0"
288388,TX,0x201,3,0x90,0x90,0x00,0x00,,,,,"Set torque = 0"
288414,TX,0x201,3,0x90,0x90,0x00,0x00,,,,,"Set torque = 0"
288499,RX,0x181,6,0x40,0x40,0x11,0x43,0x80,0x00,0x0B,,"Status word = 0x4311"
288505,RX,0x181,4,0x30,0x30,0x00,0x00,0x01,,,,"Speed feedback = 0 rpm"
288519,TX,0x201,3,0x90,0x90,0x00,0x00,,,,,"Set torque = 0"
288545,TX,0x201,3,0x90,0x90,0x00,0x00,,,,,"Set torque = 0"
288551,RX,0x181,6,0x40,0x40,0x11,0x43,0x80,0x00,0x0B,,"Status word = 0x4311"
288558,RX,0x181,4,0x30,0x30,0x00,0x00,0x01,,,,"Speed feedback = 0 rpm"
288571,TX,0x201,3,0x90,0x90,0x00,0x00,,,,,"Set torque = 0"
288597,TX,0x201,3,0x90,0x90,0x00,0x00,,,,,"Set torque = 0"
288623,TX,0x201,3,0x90,0x90,0x00,0x00,,,,,"Set torque = 0"
288647,RX,0x181,6,0x40,0x40,0x11,0x43,0x80,0x00,0x0B,,"Status word = 0x4311"
288654,TX,0x201,3,0x90,0x90,0x00,0x00,,,,,"Set torque = 0"
288661,RX,0x181,4,0x30,0x30,0x00,0x00,0x01,,,,"Speed feedback = 0 rpm"
288681,TX,0x201,3,0x90,0x90,0x00,0x00,,,,,"Set torque = 0"
288707,TX,0x201,3,0x90,0x90,0x00,0x00,,,,,"Set torque = 0"
288733,TX,0x201,3,0x90,0x90,0x00,0x00,,,,,"Set torque = 0"
288747,RX,0x181,6,0x40,0x40,0x11,0x43,0x80,0x00,0x0B,,"Status word = 0x4311"
288754,RX,0x181,4,0x30,0x30,0x00,0x00,0x01,,,,"Speed feedback = 0 rpm"
288761,TX,0x201,3,0x90,0x90,0x00,0x00,,,,,"Set torque = 0"
288788,TX,0x201,3,0x90,0x90,0x00,0x00,,,,,"Set torque = 0"
288814,TX,0x201,3,0x90,0x90,0x00,0x00,,,,,"Set torque = 0"
288840,TX,0x201,3,0x90,0x90,0x00,0x00,,,,,"Set torque = 0"
288847,RX,0x181,6,0x40,0x40,0x11,0x43,0x80,0x00,0x0B,,"Status word = 0x4311"
288854,RX,0x181,4,0x30,0x30,0x00,0x00,0x01,,,,"Speed feedback = 0 rpm"
288866,TX,0x201,3,0x90,0x90,0x00,0x00,,,,,"Set torque = 0"
288951,RX,0x181,6,0x40,0x40,0x11,0x43,0x80,0x00,0x0B,,"Status word = 0x4311"
288958,RX,0x181,4,0x30,0x30,0x00,0x00,0x01,,,,"Speed feedback = 0 rpm"
288971,TX,0x201,3,0x90,0x90,0x00,0x00,,,,,"Set torque = 0"
288998,TX,0x201,3,0x90,0x90,0x00,0x00,,,,,"Set torque = 0"
289024,TX,0x201,3,0x90,0x90,0x00,0x00,,,,,"Set torque = 0"
289046,RX,0x181,6,0x40,0x40,0x11,0x43,0x80,0x00,0x0B,,"Status word = 0x4311"
289053,TX,0x201,3,0x90,0x90,0x00,0x00,,,,,"Set torque = 0"
289060,RX,0x181,4,0x30,0x30,0x00,0x00,0x01,,,,"Speed feedback = 0 rpm"
289080,TX,0x201,3,0x90,0x90,0x00,0x00,,,,,"Set torque = 0"
289106,TX,0x201,3,0x90,0x90,0x00,0x00,,,,,"Set torque = 0"
289132,TX,0x201,3,0x90,0x90,0x00,0x00,,,,,"Set torque = 0"
289146,RX,0x181,6,0x40,0x40,0x11,0x43,0x80,0x00,0x0B,,"Status word = 0x4311"
289153,RX,0x181,4,0x30,0x30,0x00,0x00,0x01,,,,"Speed feedback = 0 rpm"
289160,TX,0x201,3,0x90,0x90,0x00,0x00,,,,,"Set torque = 0"
289187,TX,0x201,3,0x90,0x90,0x00,0x00,,,,,"Set torque = 0"
289213,TX,0x201,3,0x90,0x90,0x00,0x00,,,,,"Set torque = 0"
289239,TX,0x201,3,0x90,0x90,0x00,0x00,,,,,"Set torque = 0"
289246,RX,0x181,6,0x40,0x40,0x11,0x43,0x80,0x00,0x0B,,"Status word = 0x4311"
289253,RX,0x181,4,0x30,0x30,0x00,0x00,0x01,,,,"Speed feedback = 0 rpm"
289265,TX,0x201,3,0x90,0x90,0x00,0x00,,,,,"Set torque = 0"
289291,TX,0x201,3,0x90,0x90,0x00,0x00,,,,,"Set torque = 0"
289318,TX,0x201,3,0x90,0x90,0x00,0x00,,,,,"Set torque = 0"
289344,TX,0x201,3,0x90,0x90,0x00,0x00,,,,,"Set torque = 0"
289350,RX,0x181,6,0x40,0x40,0x11,0x43,0x80,0x00,0x0B,,"Status word = 0x4311"
289434,RX,0x181,4,0x30,0x30,0x00,0x00,0x01,,,,"Speed feedback = 0 rpm"
289441,TX,0x201,3,0x90,0x90,0x00,0x00,,,,,"Set torque = 0"
289448,RX,0x181,6,0x40,0x40,0x11,0x43,0x80,0x00,0x0B,,"Status word = 0x4311"
289455,RX,0x181,4,0x30,0x30,0x00,0x00,0x01,,,,"Speed feedback = 0 rpm"
289468,TX,0x201,3,0x90,0x90,0x00,0x00,,,,,"Set torque = 0"
289494,TX,0x201,3,0x90,0x90,0x00,0x00,,,,,"Set torque = 0"
289521,TX,0x201,3,0x90,0x90,0x00,0x00,,,,,"Set torque = 0"
289546,RX,0x181,6,0x40,0x40,0x11,0x43,0x80,0x00,0x0B,,"Status word = 0x4311"
289552,TX,0x201,3,0x90,0x90,0x00,0x00,,,,,"Set torque = 0"
289559,RX,0x181,4,0x30,0x30,0x00,0x00,0x01,,,,"Speed feedback = 0 rpm"
289579,TX,0x201,3,0x90,0x90,0x00,0x00,,,,,"Set torque = 0"
289605,TX,0x201,3,0x90,0x90,0x00,0x00,,,,,"Set torque = 0"
289631,TX,0x201,3,0x90,0x90,0x00,0x00,,,,,"Set torque = 0"
289645,RX,0x181,6,0x40,0x40,0x11,0x43,0x80,0x00,0x0B,,"Status word = 0x4311"
289652,RX,0x181,4,0x30,0x30,0x00,0x00,0x01,,,,"Speed feedback = 0 rpm"
289660,TX,0x201,3,0x90,0x90,0x00,0x00,,,,,"Set torque = 0"
289686,TX,0x201,3,0x90,0x90,0x00,0x00,,,,,"Set torque = 0"
289712,TX,0x201,3,0x90,0x90,0x00,0x00,,,,,"Set torque = 0"
289738,TX,0x201,3,0x90,0x90,0x00,0x00,,,,,"Set torque = 0"
289745,RX,0x181,6,0x40,0x40,0x11,0x43,0x80,0x00,0x0B,,"Status word = 0x4311"
289752,RX,0x181,4,0x30,0x30,0x00,0x00,0x01,,,,"Speed feedback = 0 rpm"
289764,TX,0x201,3,0x90,0x90,0x00,0x00,,,,,"Set torque = 0"
289790,TX,0x201,3,0x90,0x90,0x00,0x00,,,,,"Set torque = 0"
289816,TX,0x201,3,0x90,0x90,0x00,0x00,,,,,"Set torque = 0"
289895,RX,0x181,6,0x40,0x40,0x11,0x43,0x80,0x00,0x0B,,"Status word = 0x4311"
289902,RX,0x181,4,0x30,0x30,0x00,0x00,0x01,,,,"Speed feedback = 0 rpm"
289915,TX,0x201,3,0x90,0x90,0x00,0x00,,,,,"Set torque = 0"
289941,TX,0x201,3,0x90,0x90,0x00,0x00,,,,,"Set torque = 0"
289947,RX,0x181,6,0x40,0x40,0x11,0x43,0x80,0x00,0x0B,,"Status word = 0x4311"
289954,RX,0x181,4,0x30,0x30,0x00,0x00,0x01,,,,"Speed feedback = 0 rpm"
289967,TX,0x201,3,0x90,0x90,0x00,0x00,,,,,"Set torque = 0"
289993,TX,0x201,3,0x90,0x90,0x00,0x00,,,,,"Set torque = 0"
290019,TX,0x201,3,0x90,0x90,0x00,0x00,,,,,"Set torque = 0"
290045,RX,0x181,6,0x40,0x40,0x11,0x43,0x80,0x00,0x0B,,"Status word = 0x4311"
290052,TX,0x201,3,0x90,0x90,0x00,0x00,,,,,"Set torque = 0"
290058,RX,0x181,4,0x30,0x30,0x00,0x00,0x01,,,,"Speed feedback = 0 rpm"
290078,TX,0x201,3,0x90,0x90,0x00,0x00,,,,,"Set torque = 0"
290104,TX,0x201,3,0x90,0x90,0x00,0x00,,,,,"Set torque = 0"
290130,TX,0x201,3,0x90,0x90,0x00,0x00,,,,,"Set torque = 0"
290145,RX,0x181,6,0x40,0x40,0x11,0x43,0x80,0x00,0x0B,,"Status word = 0x4311"
290152,RX,0x181,4,0x30,0x30,0x00,0x00,0x01,,,,"Speed feedback = 0 rpm"
290158,TX,0x201,3,0x90,0x90,0x00,0x00,,,,,"Set torque = 0"
290185,TX,0x201,3,0x90,0x90,0x00,0x00,,,,,"Set torque = 0"
290211,TX,0x201,3,0x90,0x90,0x00,0x00,,,,,"Set torque = 0"
290237,TX,0x201,3,0x90,0x90,0x00,0x00,,,,,"Set torque = 0"
290244,RX,0x181,6,0x40,0x40,0x11,0x43,0x80,0x00,0x0B,,"Status word = 0x4311"
290251,RX,0x181,4,0x30,0x30,0x00,0x00,0x01,,,,"Speed feedback = 0 rpm"
290263,TX,0x201,3,0x90,0x90,0x00,0x00,,,,,"Set torque = 0"
290344,RX,0x181,6,0x40,0x40,0x11,0x43,0x80,0x00,0x0B,,"Status word = 0x4311"
290351,RX,0x181,4,0x30,0x30,0x00,0x00,0x01,,,,"Speed feedback = 0 rpm"
290363,TX,0x201,3,0x90,0x90,0x00,0x00,,,,,"Set torque = 0"
290390,TX,0x201,3,0x90,0x90,0x00,0x00,,,,,"Set torque = 0"
290416,TX,0x201,3,0x90,0x90,0x00,0x00,,,,,"Set torque = 0"
290442,TX,0x201,3,0x90,0x90,0x00,0x00,,,,,"Set torque = 0"
290448,RX,0x181,6,0x40,0x40,0x11,0x43,0x80,0x00,0x0B,,"Status word = 0x4311"
290455,RX,0x181,4,0x30,0x30,0x00,0x00,0x01,,,,"Speed feedback = 0 rpm"
290468,TX,0x201,3,0x90,0x90,0x00,0x00,,,,,"Set torque = 0"
290494,TX,0x201,3,0x90,0x90,0x00,0x00,,,,,"Set torque = 0"
290520,TX,0x201,3,0x90,0x90,0x00,0x00,,,,,"Set torque = 0"
290544,RX,0x181,6,0x40,0x40,0x11,0x43,0x80,0x00,0x0B,,"Status word = 0x4311"
290551,RX,0x181,4,0x30,0x30,0x00,0x00,0x01,,,,"Speed feedback = 0 rpm"
290558,TX,0x201,3,0x90,0x90,0x00,0x00,,,,,"Set torque = 0"
290585,TX,0x201,3,0x90,0x90,0x00,0x00,,,,,"Set torque = 0"
290611,TX,0x201,3,0x90,0x90,0x00,0x00,,,,,"Set torque = 0"
290637,TX,0x201,3,0x90,0x90,0x00,0x00,,,,,"Set torque = 0"
290644,RX,0x181,6,0x40,0x40,0x11,0x43,0x80,0x00,0x0B,,"Status word = 0x4311"
290651,RX,0x181,4,0x30,0x30,0x00,0x00,0x01,,,,"Speed feedback = 0 rpm"
290663,TX,0x201,3,0x90,0x90,0x00,0x00,,,,,"Set torque = 0"
290689,TX,0x201,3,0x90,0x90,0x00,0x00,,,,,"Set torque = 0"
290716,TX,0x201,3,0x90,0x90,0x00,0x00,,,,,"Set torque = 0"
290742,TX,0x201,3,0x90,0x90,0x00,0x00,,,,,"Set torque = 0"
290748,RX,0x181,6,0x40,0x40,0x11,0x43,0x80,0x00,0x0B,,"Status word = 0x4311"
290830,RX,0x181,4,0x30,0x30,0x00,0x00,0x01,,,,"Speed feedback = 0 rpm"
290837,TX,0x201,3,0x90,0x90,0x00,0x00,,,,,"Set torque = 0"
290844,RX,0x181,6,0x40,0x40,0x11,0x43,0x80,0x00,0x0B,,"Status word = 0x4311"
290850,RX,0x181,4,0x30,0x30,0x00,0x00,0x01,,,,"Speed feedback = 0 rpm"
290864,TX,0x201,3,0x90,0x90,0x00,0x00,,,,,"Set torque = 0"
290890,TX,0x201,3,0x90,0x90,0x00,0x00,,,,,"Set torque = 0"
290917,TX,0x201,3,0x90,0x90,0x00,0x00,,,,,"Set torque = 0"
290943,TX,0x201,3,0x90,0x90,0x00,0x00,,,,,"Set torque = 0"
290949,RX,0x181,6,0x40,0x40,0x11,0x43,0x80,0x00,0x0B,,"Status word = 0x4311"
290956,RX,0x181,4,0x30,0x30,0x00,0x00,0x01,,,,"Speed feedback = 0 rpm"
290969,TX,0x201,3,0x90,0x90,0x00,0x00,,,,,"Set torque = 0"
290995,TX,0x201,3,0x90,0x90,0x00,0x00,,,,,"Set torque = 0"
291021,TX,0x201,3,0x90,0x90,0x00,0x00,,,,,"Set torque = 0"
291043,RX,0x181,6,0x40,0x40,0x11,0x43,0x80,0x00,0x0B,,"Status word = 0x4311"
291050,TX,0x201,3,0x90,0x90,0x00,0x00,,,,,"Set torque = 0"
291057,RX,0x181,4,0x30,0x30,0x00,0x00,0x01,,,,"Speed feedback = 0 rpm"
291077,TX,0x201,3,0x90,0x90,0x00,0x00,,,,,"Set torque = 0"
291103,TX,0x201,3,0x90,0x90,0x00,0x00,,,,,"Set torque = 0"
291129,TX,0x201,3,0x90,0x90,0x00,0x00,,,,,"Set torque = 0"
291143,RX,0x181,6,0x40,0x40,0x11,0x43,0x80,0x00,0x0B,,"Status word = 0x4311"
291150,RX,0x181,4,0x30,0x30,0x00,0x00,0x01,,,,"Speed feedback = 0 rpm"
291157,TX,0x201,3,0x90,0x90,0x00,0x00,,,,,"Set torque = 0"
291184,TX,0x201,3,0x90,0x90,0x00,0x00,,,,,"Set torque = 0"
291210,TX,0x201,3,0x90,0x90,0x00,0x00,,,,,"Set torque = 0"
291294,RX,0x181,6,0x40,0x40,0x11,0x43,0x80,0x00,0x0B,,"Status word = 0x4311"
291301,RX,0x181,4,0x30,0x30,0x00,0x00,0x01,,,,"Speed feedback = 0 rpm"
291314,TX,0x201,3,0x90,0x90,0x00,0x00,,,,,"Set torque = 0"
291340,TX,0x201,3,0x90,0x90,0x00,0x00,,,,,"Set torque = 0"
291346,RX,0x181,6,0x40,0x40,0x11,0x43,0x80,0x00,0x0B,,"Status word = 0x4311"
291353,RX,0x181,4,0x30,0x30,0x00,0x00,0x01,,,,"Speed feedback = 0 rpm"
291366,TX,0x201,3,0x90,0x90,0x00,0x00,,,,,"Set torque = 0"
291392,TX,0x201,3,0x90,0x90,0x00,0x00,,,,,"Set torque = 0"
291418,TX,0x201,3,0x90,0x90,0x00,0x00,,,,,"Set torque = 0"
291443,RX,0x181,6,0x40,0x40,0x11,0x43,0x80,0x00,0x0B,,"Status word = 0x4311"
291449,TX,0x201,3,0x90,0x90,0x00,0x00,,,,,"Set torque = 0"
291456,RX,0x181,4,0x30,0x30,0x00,0x00,0x01,,,,"Speed feedback = 0 rpm"
291476,TX,0x201,3,0x90,0x90,0x00,0x00,,,,,"Set torque = 0"
291502,TX,0x201,3,0x90,0x90,0x00,0x00,,,,,"Set torque = 0"
291528,TX,0x201,3,0x90,0x90,0x00,0x00,,,,,"Set torque = 0"
291542,RX,0x181,6,0x40,0x40,0x11,0x43,0x80,0x00,0x0B,,"Status word = 0x4311"
291549,RX,0x181,4,0x30,0x30,0x00,0x00,0x01,,,,"Speed feedback = 0 rpm"
291556,TX,0x201,3,0x90,0x90,0x00,0x00,,,,,"Set torque = 0"
291583,TX,0x201,3,0x90,0x90,0x00,0x00,,,,,"Set torque = 0"
291609,TX,0x201,3,0x90,0x90,0x00,0x00,,,,,"Set torque = 0"
291635,TX,0x201,3,0x90,0x90,0x00,0x00,,,,,"Set torque = 0"
291642,RX,0x181,6,0x40,0x40,0x11,0x43,0x80,0x00,0x0B,,"Status word = 0x4311"
291649,RX,0x181,4,0x30,0x30,0x00,0x00,0x01,,,,"Speed feedback = 0 rpm"
291661,TX,0x201,3,0x90,0x90,0x00,0x00,,,,,"Set torque = 0"
291747,RX,0x181,6,0x40,0x40,0x11,0x43,0x80,0x00,0x0B,,"Status word = 0x4311"
291754,RX,0x181,4,0x30,0x30,0x00,0x00,0x01,,,,"Speed feedback = 0 rpm"
291767,TX,0x201,3,0x90,0x90,0x00,0x00,,,,,"Set torque = 0"
291794,TX,0x201,3,0x90,0x90,0x00,0x00,,,,,"Set torque = 0"
291820,TX,0x201,3,0x90,0x90,0x00,0x00,,,,,"Set torque = 0"
291842,RX,0x181,6,0x40,0x40,0x11,0x43,0x80,0x00,0x0B,,"Status word = 0x4311"
291849,TX,0x201,3,0x90,0x90,0x00,0x00,,,,,"Set torque = 0"
291855,RX,0x181,4,0x30,0x30,0x00,0x00,0x01,,,,"Speed feedback = 0 rpm"
291875,TX,0x201,3,0x90,0x90,0x00,0x00,,,,,"Set torque = 0"
291901,TX,0x201,3,0x90,0x90,0x00,0x00,,,,,"Set torque = 0"
291927,TX,0x201,3,0x90,0x90,0x00,0x00,,,,,"Set torque = 0"
291942,RX,0x181,6,0x40,0x40,0x11,0x43,0x80,0x00,0x0B,,"Status word = 0x4311"
291949,RX,0x181,4,0x30,0x30,0x00,0x00,0x01,,,,"Speed feedback = 0 rpm"
291956,TX,0x201,3,0x90,0x90,0x00,0x00,,,,,"Set torque = 0"
291982,TX,0x201,3,0x90,0x90,0x00,0x00,,,,,"Set torque = 0"
292008,TX,0x201,3,0x90,0x90,0x00,0x00,,,,,"Set torque = 0"
292034,TX,0x201,3,0x90,0x90,0x00,0x00,,,,,"Set torque = 0"
292042,RX,0x181,6,0x40,0x40,0x11,0x43,0x80,0x00,0x0B,,"Status word = 0x4311"
292049,RX,0x181,4,0x30,0x30,0x00,0x00,0x01,,,,"Speed feedback = 0 rpm"
292060,TX,0x201,3,0x90,0x90,0x00,0x00,,,,,"Set torque = 0"
292086,TX,0x201,3,0x90,0x90,0x00,0x00,,,,,"Set torque = 0"
292113,TX,0x201,3,0x90,0x90,0x00,0x00,,,,,"Set torque = 0"
292139,TX,0x201,3,0x90,0x90,0x00,0x00,,,,,"Set torque = 0"
292145,RX,0x181,6,0x40,0x40,0x11,0x43,0x80,0x00,0x0B,,"Status word = 0x4311"
292230,RX,0x181,4,0x30,0x30,0x00,0x00,0x01,,,,"Speed feedback = 0 rpm"
292237,TX,0x201,3,0x90,0x90,0x00,0x00,,,,,"Set torque = 0"
292244,RX,0x181,6,0x40,0x40,0x11,0x43,0x80,0x00,0x0B,,"Status word = 0x4311"
292250,RX,0x181,4,0x30,0x30,0x00,0x00,0x01,,,,"Speed feedback = 0 rpm"
292264,TX,0x201,3,0x90,0x90,0x00,0x00,,,,,"Set torque = 0"
292290,TX,0x201,3,0x90,0x90,0x00,0x00,,,,,"Set torque = 0"
292317,TX,0x201,3,0x90,0x90,0x00,0x00,,,,,"Set torque = 0"
292341,RX,0x181,6,0x40,0x40,0x11,0x43,0x80,0x00,0x0B,,"Status word = 0x4311"
292348,TX,0x201,3,0x90,0x90,0x00,0x00,,,,,"Set torque = 0"
292355,RX,0x181,4,0x30,0x30,0x00,0x00,0x01,,,,"Speed feedback = 0 rpm"
292375,TX,0x201,3,0x90,0x90,0x00,0x00,,,,,"Set torque = 0"
292401,TX,0x201,3,0x90,0x90,0x00,0x00,,,,,"Set torque = 0"
292427,TX,0x201,3,0x90,0x90,0x00,0x00,,,,,"Set torque = 0"
292441,RX,0x181,6,0x40,0x40,0x11,0x43,0x80,0x00,0x0B,,"Status word = 0x4311"
292448,RX,0x181,4,0x30,0x30,0x00,0x00,0x01,,,,"Speed feedback = 0 rpm"
292455,TX,0x201,3,0x90,0x90,0x00,0x00,,,,,"Set torque = 0"
292482,TX,0x201,3,0x90,0x90,0x00,0x00,,,,,"Set torque = 0"
292508,TX,0x201,3,0x90,0x90,0x00,0x00,,,,,"Set torque = 0"
292534,TX,0x201,3,0x90,0x90,0x00,0x00,,,,,"Set torque = 0"
292541,RX,0x181,6,0x40,0x40,0x11,0x43,0x80,0x00,0x0B,,"Status word = 0x4311"
292548,RX,0x181,4,0x30,0x30,0x00,0x00,0x01,,,,"Speed feedback = 0 rpm"
292560,TX,0x201,3,0x90,0x90,0x00,0x00,,,,,"Set torque = 0"
292586,TX,0x201,3,0x90,0x90,0x00,0x00,,,,,"Set torque = 0"
292612,TX,0x201,3,0x90,0x90,0x00,0x00,,,,,"Set torque = 0"
292695,RX,0x181,6,0x40,0x40,0x11,0x43,0x80,0x00,0x0B,,"Status word = 0x4311"
292702,RX,0x181,4,0x30,0x30,0x00,0x00,0x01,,,,"Speed feedback = 0 rpm"
292715,TX,0x201,3,0x90,0x90,0x00,0x00,,,,,"Set torque = 0"
292740,RX,0x181,6,0x40,0x40,0x11,0x43,0x80,0x00,0x0B,,"Status word = 0x4311"
292747,TX,0x201,3,0x90,0x90,0x00,0x00,,,,,"Set torque = 0"
292754,RX,0x181,4,0x30,0x30,0x00,0x00,0x01,,,,"Speed feedback = 0 rpm"
292774,TX,0x201,3,0x90,0x90,0x00,0x00,,,,,"Set torque = 0"
292800,TX,0x201,3,0x90,0x90,0x00,0x00,,,,,"Set torque = 0"
292827,TX,0x201,3,0x90,0x90,0x00,0x00,,,,,"Set torque = 0"
292840,RX,0x181,6,0x40,0x40,0x11,0x43,0x80,0x00,0x0B,,"Status word = 0x4311"
292847,RX,0x181,4,0x30,0x30,0x00,0x00,0x01,,,,"Speed feedback = 0 rpm"
292854,TX,0x201,3,0x90,0x90,0x00,0x00,,,,,"Set torque = 0"
292881,TX,0x201,3,0x90,0x90,0x00,0x00,,,,,"Set torque = 0"
292907,TX,0x201,3,0x90,0x90,0x00,0x00,,,,,"Set torque = 0"
292933,TX,0x201,3,0x90,0x90,0x00,0x00,,,,,"Set torque = 0"
292940,RX,0x181,6,0x40,0x40,0x11,0x43,0x80,0x00,0x0B,,"Status word = 0x4311"
292947,RX,0x181,4,0x30,0x30,0x00,0x00,0x01,,,,"Speed feedback = 0 rpm"
292959,TX,0x201,3,0x90,0x90,0x00,0x00,,,,,"Set torque = 0"
292985,TX,0x201,3,0x90,0x90,0x00,0x00,,,,,"Set torque = 0"
293011,TX,0x201,3,0x90,0x90,0x00,0x00,,,,,"Set torque = 0"
293037,TX,0x201,3,0x90,0x90,0x00,0x00,,,,,"Set torque = 0"
293043,RX,0x181,6,0x40,0x40,0x11,0x43,0x80,0x00,0x0B,,"Status word = 0x4311"
293050,RX,0x181,4,0x30,0x30,0x00,0x00,0x01,,,,"Speed feedback = 0 rpm"
293135,TX,0x201,3,0x90,0x90,0x00,0x00,,,,,"Set torque = 0"
293141,RX,0x181,6,0x40,0x40,0x11,0x43,0x80,0x00,0x0B,,"Status word = 0x4311"
293148,RX,0x181,4,0x30,0x30,0x00,0x00,0x01,,,,"Speed feedback = 0 rpm"
293161,TX,0x201,3,0x90,0x90,0x00,0x00,,,,,"Set torque = 0"
293187,TX,0x201,3,0x90,0x90,0x00,0x00,,,,,"Set torque = 0"
293213,TX,0x201,3,0x90,0x90,0x00,0x00,,,,,"Set torque = 0"
293239,TX,0x201,3,0x90,0x90,0x00,0x00,,,,,"Set torque = 0"
293245,RX,0x181,6,0x40,0x40,0x11,0x43,0x80,0x00,0x0B,,"Status word = 0x4311"
293252,RX,0x181,4,0x30,0x30,0x00,0x00,0x01,,,,"Speed feedback = 0 rpm"
293265,TX,0x201,3,0x90,0x90,0x00,0x00,,,,,"Set torque = 0"
293291,TX,0x201,3,0x90,0x90,0x00,0x00,,,,,"Set torque = 0"
293317,TX,0x201,3,0x90,0x90,0x00,0x00,,,,,"Set torque = 0"
293340,RX,0x181,6,0x40,0x40,0x11,0x43,0x80,0x00,0x0B,,"Status word = 0x4311"
293346,TX,0x201,3,0x90,0x90,0x00,0x00,,,,,"Set torque = 0"
293353,RX,0x181,4,0x30,0x30,0x00,0x00,0x01,,,,"Speed feedback = 0 rpm"
293373,TX,0x201,3,0x90,0x90,0x00,0x00,,,,,"Set torque = 0"
293399,TX,0x201,3,0x90,0x90,0x00,0x00,,,,,"Set torque = 0"
293425,TX,0x201,3,0x90,0x90,0x00,0x00,,,,,"Set torque = 0"
293439,RX,0x181,6,0x40,0x40,0x11,0x43,0x80,0x00,0x0B,,"Status word = 0x4311"
293446,RX,0x181,4,0x30,0x30,0x00,0x00,0x01,,,,"Speed feedback = 0 rpm"
293453,TX,0x201,3,0x90,0x90,0x00,0x00,,,,,"Set torque = 0"
293480,TX,0x201,3,0x90,0x90,0x00,0x00,,,,,"Set torque = 0"
293506,TX,0x201,3,0x90,0x90,0x00,0x00,,,,,"Set torque = 0"
293532,TX,0x201,3,0x90,0x90,0x00,0x00,,,,,"Set torque = 0"
293617,RX,0x181,6,0x40,0x40,0x11,0x43,0x80,0x00,0x0B,,"Status word = 0x4311"
293623,RX,0x181,4,0x30,0x30,0x00,0x00,0x01,,,,"Speed feedback = 0 rpm"
293637,TX,0x201,3,0x90,0x90,0x00,0x00,,,,,"Set torque = 0"
293643,RX,0x181,6,0x40,0x40,0x11,0x43,0x80,0x00,0x0B,,"Status word = 0x4311"
293650,RX,0x181,4,0x30,0x30,0x00,0x00,0x01,,,,"Speed feedback = 0 rpm"
293663,TX,0x201,3,0x90,0x90,0x00,0x00,,,,,"Set torque = 0"
293690,TX,0x201,3,0x90,0x90,0x00,0x00,,,,,"Set torque = 0"
293716,TX,0x201,3,0x90,0x90,0x00,0x00,,,,,"Set torque = 0"
293739,RX,0x181,6,0x40,0x40,0x11,0x43,0x80,0x00,0x0B,,"Status word = 0x4311"
293746,TX,0x201,3,0x90,0x90,0x00,0x00,,,,,"Set torque = 0"
293752,RX,0x181,4,0x30,0x30,0x00,0x00,0x01,,,,"Speed feedback = 0 rpm"
293772,TX,0x201,3,0x90,0x90,0x00,0x00,,,,,"Set torque = 0"
293798,TX,0x201,3,0x90,0x90,0x00,0x00,,,,,"Set torque = 0"
293824,TX,0x201,3,0x90,0x90,0x00,0x00,,,,,"Set torque = 0"
293839,RX,0x181,6,0x40,0x40,0x11,0x43,0x80,0x00,0x0B,,"Status word = 0x4311"
293846,RX,0x181,4,0x30,0x30,0x00,0x00,0x01,,,,"Speed feedback = 0 rpm"
293853,TX,0x201,3,0x90,0x90,0x00,0x00,,,,,"Set torque = 0"
293879,TX,0x201,3,0x90,0x90,0x00,0x00,,,,,"Set torque = 0"
293905,TX,0x201,3,0x90,0x90,0x00,0x00,,,,,"Set torque = 0"
293931,TX,0x201,3,0x90,0x90,0x00,0x00,,,,,"Set torque = 0"
293939,RX,0x181,6,0x40,0x40,0x11,0x43,0x80,0x00,0x0B,,"Status word = 0x4311"
293946,RX,0x181,4,0x30,0x30,0x00,0x00,0x01,,,,"Speed feedback = 0 rpm"
293957,TX,0x201,3,0x90,0x90,0x00,0x00,,,,,"Set torque = 0"
293983,TX,0x201,3,0x90,0x90,0x00,0x00,,,,,"Set torque = 0"
294068,RX,0x181,6,0x40,0x40,0x11,0x43,0x80,0x00,0x0B,,"Status word = 0x4311"
294075,RX,0x181,4,0x30,0x30,0x00,0x00,0x01,,,,"Speed feedback = 0 rpm"
294088,TX,0x201,3,0x90,0x90,0x00,0x00,,,,,"Set torque = 0"
294114,TX,0x201,3,0x90,0x90,0x00,0x00,,,,,"Set torque = 0"
294138,RX,0x181,6,0x40,0x40,0x11,0x43,0x80,0x00,0x0B,,"Status word = 0x4311"
294145,TX,0x201,3,0x90,0x90,0x00,0x00,,,,,"Set torque = 0"
294152,RX,0x181,4,0x30,0x30,0x00,0x00,0x01,,,,"Speed feedback = 0 rpm"
294172,TX,0x201,3,0x90,0x90,0x00,0x00,,,,,"Set torque = 0"
294198,TX,0x201,3,0x90,0x90,0x00,0x00,,,,,"Set torque = 0"
294225,TX,0x201,3,0x90,0x90,0x00,0x00,,,,,"Set torque = 0"
294238,RX,0x181,6,0x40,0x40,0x11,0x43,0x80,0x00,0x0B,,"Status word = 0x4311"
294245,RX,0x181,4,0x30,0x30,0x00,0x00,0x01,,,,"Speed feedback = 0 rpm"
294252,TX,0x201,3,0x90,0x90,0x00,0x00,,,,,"Set torque = 0"
294279,TX,0x201,3,0x90,0x90,0x00,0x00,,,,,"Set torque = 0"
294305,TX,0x201,3,0x90,0x90,0x00,0x00,,,,,"Set torque = 0"
294331,TX,0x201,3,0x90,0x90,0x00,0x00,,,,,"Set torque = 0"
294338,RX,0x181,6,0x40,0x40,0x11,0x43,0x80,0x00,0x0B,,"Status word = 0x4311"
294345,RX,0x181,4,0x30,0x30,0x00,0x00,0x01,,,,"Speed feedback = 0 rpm"
294357,TX,0x201,3,0x90,0x90,0x00,0x00,,,,,"Set torque = 0"
294383,TX,0x201,3,0x90,0x90,0x00,0x00,,,,,"Set torque = 0"
294409,TX,0x201,3,0x90,0x90,0x00,0x00,,,,,"Set torque = 0"
294435,TX,0x201,3,0x90,0x90,0x00,0x00,,,,,"Set torque = 0"
294441,RX,0x181,6,0x40,0x40,0x11,0x43,0x80,0x00,0x0B,,"Status word = 0x4311"
294448,RX,0x181,4,0x30,0x30,0x00,0x00,0x01,,,,"Speed feedback = 0 rpm"
294532,TX,0x201,3,0x90,0x90,0x00,0x00,,,,,"Set torque = 0"
294539,RX,0x181,6,0x40,0x40,0x11,0x43,0x80,0x00,0x0B,,"Status word = 0x4311"
294546,RX,0x181,4,0x30,0x30,0x00,0x00,0x01,,,,"Speed feedback = 0 rpm"
294559,TX,0x201,3,0x90,0x90,0x00,0x00,,,,,"Set torque = 0"
294585,TX,0x201,3,0x90,0x90,0x00,0x00,,,,,"Set torque = 0"
294611,TX,0x201,3,0x90,0x90,0x00,0x00,,,,,"Set torque = 0"
294637,TX,0x201,3,0x90,0x90,0xD6,0x00,,,,,"Set torque = 214"
294643,RX,0x181,6,0x40,0x40,0x11,0x43,0x80,0x00,0x0B,,"Status word = 0x4311"
294650,RX,0x181,4,0x30,0x30,0x00,0x00,0x01,,,,"Speed feedback = 0 rpm"
294663,TX,0x201,3,0x90,0x90,0xB5,0x03,,,,,"Set torque = 949"
294689,TX,0x201,3,0x90,0x90,0x8B,0x04,,,,,"Set torque = 1163"
294715,TX,0x201,3,0x90,0x90,0x64,0x02,,,,,"Set torque = 612"
294737,RX,0x181,6,0x40,0x40,0x11,0x41,0x80,0x00,0x0B,,"Status word = 0x4111"
294744,TX,0x201,3,0x90,0x90,0x1C,0x03,,,,,"Set torque = 796"
294751,RX,0x181,4,0x30,0x30,0x77,0x00,0x01,,,,"Speed feedback = 119 rpm"
294771,TX,0x201,3,0x90,0x90,0xC0,0x02,,,,,"Set torque = 704"
294797,TX,0x201,3,0x90,0x90,0x32,0x01,,,,,"Set torque = 306"
294823,TX,0x201,3,0x90,0x90,0x00,0x00,,,,,"Set torque = 0"
294837,RX,0x181,6,0x40,0x40,0x11,0x41,0x80,0x00,0x0B,,"Status word = 0x4111"
294844,RX,0x181,4,0x30,0x30,0x57,0x02,0x01,,,,"Speed feedback = 599 rpm"
294851,TX,0x201,3,0x90,0x90,0x00,0x00,,,,,"Set torque = 0"
294878,TX,0x201,3,0x90,0x90,0x00,0x00,,,,,"Set torque = 0"
294904,TX,0x201,3,0x90,0x90,0x00,0x00,,,,,"Set torque = 0"
294930,TX,0x201,3,0x90,0x90,0x00,0x00,,,,,"Set torque = 0"
295015,RX,0x181,6,0x40,0x40,0x11,0x41,0x80,0x00,0x0B,,"Status word = 0x4111"
295022,RX,0x181,4,0x30,0x30,0xDF,0x01,0x01,,,,"Speed feedback = 479 rpm"
295035,TX,0x201,3,0x90,0x90,0x00,0x00,,,,,"Set torque = 0"
295041,RX,0x181,6,0x40,0x40,0x11,0x41,0x80,0x00,0x0B,,"Status word = 0x4111"
295048,RX,0x181,4,0x30,0x30,0xEF,0x00,0x01,,,,"Speed feedback = 239 rpm"
295061,TX,0x201,3,0x90,0x90,0x00,0x00,,,,,"Set torque = 0"
295088,TX,0x201,3,0x90,0x90,0x00,0x00,,,,,"Set torque = 0"
295114,TX,0x201,3,0x90,0x90,0x00,0x00,,,,,"Set torque = 0"
295137,RX,0x181,6,0x40,0x40,0x11,0x41,0x80,0x00,0x0B,,"Status word = 0x4111"
295143,TX,0x201,3,0x90,0x90,0x00,0x00,,,,,"Set torque = 0"
295150,RX,0x181,4,0x30,0x30,0x4F,0x00,0x01,,,,"Speed feedback = 79 rpm"
295170,TX,0x201,3,0x90,0x90,0x00,0x00,,,,,"Set torque = 0"
295196,TX,0x201,3,0x90,0x90,0x00,0x00,,,,,"Set torque = 0"
295222,TX,0x201,3,0x90,0x90,0x00,0x00,,,,,"Set torque = 0"
295237,RX,0x181,6,0x40,0x40,0x11,0x41,0x80,0x00,0x0B,,"Status word = 0x4111"
295244,RX,0x181,4,0x30,0x30,0x27,0x00,0x01,,,,"Speed feedback = 39 rpm"
295250,TX,0x201,3,0x90,0x90,0x00,0x00,,,,,"Set torque = 0"
295277,TX,0x201,3,0x90,0x90,0x00,0x00,,,,,"Set torque = 0"
295303,TX,0x201,3,0x90,0x90,0x00,0x00,,,,,"Set torque = 0"
295329,TX,0x201,3,0x90,0x90,0x00,0x00,,,,,"Set torque = 0"
295336,RX,0x181,6,0x40,0x40,0x11,0x43,0x80,0x00,0x0B,,"Status word = 0x4311"
295343,RX,0x181,4,0x30,0x30,0x00,0x00,0x01,,,,"Speed feedback = 0 rpm"
295355,TX,0x201,3,0x90,0x90,0x00,0x00,,,,,"Set torque = 0"
295381,TX,0x201,3,0x90,0x90,0x00,0x00,,,,,"Set torque = 0"
295473,RX,0x181,6,0x40,0x40,0x11,0x43,0x80,0x00,0x0B,,"Status word = 0x4311"
295480,RX,0x181,4,0x30,0x30,0x00,0x00,0x01,,,,"Speed feedback = 0 rpm"
295493,TX,0x201,3,0x90,0x90,0x00,0x00,,,,,"Set torque = 0"
295519,TX,0x201,3,0x90,0x90,0x00,0x00,,,,,"Set torque = 0"
295536,RX,0x181,6,0x40,0x40,0x11,0x43,0x80,0x00,0x0B,,"Status word = 0x4311"
295543,RX,0x181,4,0x30,0x30,0x00,0x00,0x01,,,,"Speed feedback = 0 rpm"
295550,TX,0x201,3,0x90,0x90,0x00,0x00,,,,,"Set torque = 0"
295577,TX,0x201,3,0x90,0x90,0x00,0x00,,,,,"Set torque = 0"
295603,TX,0x201,3,0x90,0x90,0x00,0x00,,,,,"Set torque = 0"
295630,TX,0x201,3,0x90,0x90,0x00,0x00,,,,,"Set torque = 0"
295636,RX,0x181,6,0x40,0x40,0x11,0x43,0x80,0x00,0x0B,,"Status word = 0x4311"
295643,RX,0x181,4,0x30,0x30,0x00,0x00,0x01,,,,"Speed feedback = 0 rpm"
295656,TX,0x201,3,0x90,0x90,0x00,0x00,,,,,"Set torque = 0"
295682,TX,0x201,3,0x90,0x90,0x00,0x00,,,,,"Set torque = 0"
295708,TX,0x201,3,0x90,0x90,0x00,0x00,,,,,"Set torque = 0"
295734,TX,0x201,3,0x90,0x90,0x00,0x00,,,,,"Set torque = 0"
295740,RX,0x181,6,0x40,0x40,0x11,0x43,0x80,0x00,0x0B,,"Status word = 0x4311"
295747,RX,0x181,4,0x30,0x30,0x00,0x00,0x01,,,,"Speed feedback = 0 rpm"
295760,TX,0x201,3,0x90,0x90,0x00,0x00,,,,,"Set torque = 0"
295786,TX,0x201,3,0x90,0x90,0x00,0x00,,,,,"Set torque = 0"
295812,TX,0x201,3,0x90,0x90,0x00,0x00,,,,,"Set torque = 0"
295836,RX,0x181,6,0x40,0x40,0x11,0x43,0x80,0x00,0x0B,,"Status word = 0x4311"
295842,TX,0x201,3,0x90,0x90,0x00,0x00,,,,,"Set torque = 0"
295849,RX,0x181,4,0x30,0x30,0x00,0x00,0x01,,,,"Speed feedback = 0 rpm"
295941,RX,0x181,6,0x40,0x40,0x11,0x43,0x80,0x00,0x0B,,"Status word = 0x4311"
295948,RX,0x181,4,0x30,0x30,0x00,0x00,0x01,,,,"Speed feedback = 0 rpm"
295955,TX,0x201,3,0x90,0x90,0x1E,0x00,,,,,"Set torque = 30"
295982,TX,0x201,3,0x90,0x90,0x64,0x02,,,,,"Set torque = 612"
296008,TX,0x201,3,0x90,0x90,0xA1,0x02,,,,,"Set torque = 673"
296034,TX,0x201,3,0x90,0x90,0x7A,0x00,,,,,"Set torque = 122"
296040,RX,0x181,6,0x40,0x40,0x11,0x43,0x80,0x00,0x0B,,"Status word = 0x4311"
296047,RX,0x181,4,0x30,0x30,0x00,0x00,0x01,,,,"Speed feedback = 0 rpm"
296060,TX,0x201,3,0x90,0x90,0x32,0x01,,,,,"Set torque = 306"
296086,TX,0x201,3,0x90,0x90,0x27,0x02,,,,,"Set torque = 551"
296112,TX,0x201,3,0x90,0x90,0x1C,0x03,,,,,"Set torque = 796"
296135,RX,0x181,6,0x40,0x40,0x11,0x41,0x80,0x00,0x0B,,"Status word = 0x4111"
296142,RX,0x181,4,0x30,0x30,0xC7,0x00,0x01,,,,"Speed feedback = 199 rpm"
296149,TX,0x201,3,0x90,0x90,0xAC,0x01,,,,,"Set torque = 428"
296176,TX,0x201,3,0x90,0x90,0xC0,0x02,,,,,"Set torque = 704"
296202,TX,0x201,3,0x90,0x90,0xA1,0x02,,,,,"Set torque = 673"
296228,TX,0x201,3,0x90,0x90,0xA1,0x02,,,,,"Set torque = 673"
296235,RX,0x181,6,0x40,0x40,0x11,0x41,0x80,0x00,0x0B,,"Status word = 0x4111"
296242,RX,0x181,4,0x30,0x30,0x7F,0x02,0x01,,,,"Speed feedback = 639 rpm"
296254,TX,0x201,3,0x90,0x90,0x8E,0x01,,,,,"Set torque = 398"
296280,TX,0x201,3,0x90,0x90,0xB9,0x0B,,,,,"Set torque = 3001"
296308,TX,0x201,3,0x90,0x90,0x24,0x05,,,,,"Set torque = 1316"
296334,TX,0x201,3,0x90,0x90,0xDE,0x02,,,,,"Set torque = 734"
296426,RX,0x181,6,0x40,0x40,0x11,0x41,0x80,0x02,0x0B,,"Status word = 0x4111"
296433,RX,0x181,4,0x30,0x30,0x36,0x04,0x01,,,,"Speed feedback = 1078 rpm"
296439,RX,0x181,6,0x40,0x40,0x11,0x41,0x80,0x02,0x0B,,"Status word = 0x4111"
296446,RX,0x181,4,0x30,0x30,0x9D,0x05,0x01,,,,"Speed feedback = 1437 rpm"
296453,TX,0x201,3,0x90,0x90,0x06,0x05,,,,,"Set torque = 1286"
296480,TX,0x201,3,0x90,0x90,0x27,0x02,,,,,"Set torque = 551"
296507,TX,0x201,3,0x90,0x90,0xB5,0x03,,,,,"Set torque = 949"
296533,TX,0x201,3,0x90,0x90,0xFD,0x02,,,,,"Set torque = 765"
296539,RX,0x181,6,0x40,0x40,0x11,0x41,0x80,0x02,0x0B,,"Status word = 0x4111"
296546,RX,0x181,4,0x30,0x30,0xA4,0x07,0x01,,,,"Speed feedback = 1956 rpm"
296559,TX,0x201,3,0x90,0x90,0x2F,0x04,,,,,"Set torque = 1071"
296585,TX,0x201,3,0x90,0x90,0x59,0x03,,,,,"Set torque = 857"
296611,TX,0x201,3,0x90,0x90,0x83,0x02,,,,,"Set torque = 643"
296634,RX,0x181,6,0x40,0x40,0x11,0x41,0x80,0x02,0x0B,,"Status word = 0x4111"
296641,TX,0x201,3,0x90,0x90,0xE9,0x01,,,,,"Set torque = 489"
296648,RX,0x181,4,0x30,0x30,0x5C,0x09,0x01,,,,"Speed feedback = 2396 rpm"
296668,TX,0x201,3,0x90,0x90,0xE9,0x01,,,,,"Set torque = 489"
296694,TX,0x201,3,0x90,0x90,0xAC,0x01,,,,,"Set torque = 428"
296720,TX,0x201,3,0x90,0x90,0x83,0x02,,,,,"Set torque = 643"
296734,RX,0x181,6,0x40,0x40,0x11,0x41,0x80,0x02,0x0B,,"Status word = 0x4111"
296741,RX,0x181,4,0x30,0x30,0x5C,0x09,0x01,,,,"Speed feedback = 2396 rpm"
296748,TX,0x201,3,0x90,0x90,0x7B,0x0B,,,,,"Set torque = 2939"
296775,TX,0x201,3,0x90,0x90,0x96,0x03,,,,,"Set torque = 918"
296801,TX,0x201,3,0x90,0x90,0xF2,0x03,,,,,"Set torque = 1010"
296893,RX,0x181,6,0x40,0x40,0x11,0x41,0x80,0x02,0x0B,,"Status word = 0x4111"
296900,RX,0x181,4,0x30,0x30,0x63,0x0B,0x01,,,,"Speed feedback = 2915 rpm"
296913,TX,0x201,3,0x90,0x90,0xF4,0x00,,,,,"Set torque = 244"
296934,RX,0x181,6,0x40,0x40,0x11,0x41,0x80,0x02,0x0B,,"Status word = 0x4111"
296941,TX,0x201,3,0x90,0x90,0x64,0x02,,,,,"Set torque = 612"
296947,RX,0x181,4,0x30,0x30,0x1A,0x0D,0x01,,,,"Speed feedback = 3354 rpm"
296967,TX,0x201,3,0x90,0x90,0x45,0x02,,,,,"Set torque = 581"
296993,TX,0x201,3,0x90,0x90,0xDE,0x02,,,,,"Set torque = 734"
297019,TX,0x201,3,0x90,0x90,0xA1,0x02,,,,,"Set torque = 673"
297034,RX,0x181,6,0x40,0x40,0x11,0x41,0x80,0x02,0x0B,,"Status word = 0x4111"
297041,RX,0x181,4,0x30,0x30,0x92,0x0D,0x01,,,,"Speed feedback = 3474 rpm"
297047,TX,0x201,3,0x90,0x90,0x59,0x03,,,,,"Set torque = 857"
297074,TX,0x201,3,0x90,0x90,0x08,0x02,,,,,"Set torque = 520"
297100,TX,0x201,3,0x90,0x90,0xB5,0x03,,,,,"Set torque = 949"
297126,TX,0x201,3,0x90,0x90,0x83,0x02,,,,,"Set torque = 643"
297134,RX,0x181,6,0x40,0x40,0x11,0x41,0x80,0x02,0x0B,,"Status word = 0x4111"
297140,RX,0x181,4,0x30,0x30,0xFA,0x0E,0x01,,,,"Speed feedback = 3834 rpm"
297152,TX,0x201,3,0x90,0x90,0x13,0x01,,,,,"Set torque = 275"
297179,TX,0x201,3,0x90,0x90,0x64,0x02,,,,,"Set torque = 612"
297205,TX,0x201,3,0x90,0x90,0x27,0x02,,,,,"Set torque = 551"
297231,TX,0x201,3,0x90,0x90,0xE7,0x04,,,,,"Set torque = 1255"
297237,RX,0x181,6,0x40,0x40,0x11,0x41,0x80,0x02,0x0B,,"Status word = 0x4111"
297244,RX,0x181,4,0x30,0x30,0x82,0x0E,0x01,,,,"Speed feedback = 3714 rpm"
297257,TX,0x201,3,0x90,0x90,0x64,0x02,,,,,"Set torque = 612"
297352,RX,0x181,6,0x40,0x40,0x11,0x41,0x80,0x02,0x0B,,"Status word = 0x4111"
297358,RX,0x181,4,0x30,0x30,0xFA,0x0E,0x01,,,,"Speed feedback = 3834 rpm"
297372,TX,0x201,3,0x90,0x90,0x08,0x02,,,,,"Set torque = 520"
297399,TX,0x201,3,0x90,0x90,0x5B,0x00,,,,,"Set torque = 91"
297425,TX,0x201,3,0x90,0x90,0xC0,0x02,,,,,"Set torque = 704"
297433,RX,0x181,6,0x40,0x40,0x11,0x41,0x80,0x02,0x0B,,"Status word = 0x4111"
297440,RX,0x181,4,0x30,0x30,0x82,0x0E,0x01,,,,"Speed feedback = 3714 rpm"
297451,TX,0x201,3,0x90,0x90,0x9F,0x05,,,,,"Set torque = 1439"
297477,TX,0x201,3,0x90,0x90,0x6F,0x01,,,,,"Set torque = 367"
297503,TX,0x201,3,0x90,0x90,0x00,0x00,,,,,"Set torque = 0"
297532,TX,0x201,3,0x90,0x90,0xAC,0x01,,,,,"Set torque = 428"
297539,RX,0x181,6,0x40,0x40,0x11,0x41,0x80,0x02,0x0B,,"Status word = 0x4111"
297545,RX,0x181,4,0x30,0x30,0xE2,0x0D,0x01,,,,"Speed feedback = 3554 rpm"
297559,TX,0x201,3,0x90,0x90,0x45,0x02,,,,,"Set torque = 581"
297585,TX,0x201,3,0x90,0x90,0xFD,0x02,,,,,"Set torque = 765"
297611,TX,0x201,3,0x90,0x90,0xE9,0x01,,,,,"Set torque = 489"
297633,RX,0x181,6,0x40,0x40,0x11,0x41,0x80,0x02,0x0B,,"Status word = 0x4111"
297640,TX,0x201,3,0x90,0x90,0x78,0x03,,,,,"Set torque = 888"
297646,RX,0x181,4,0x30,0x30,0xFA,0x0E,0x01,,,,"Speed feedback = 3834 rpm"
297666,TX,0x201,3,0x90,0x90,0x1E,0x00,,,,,"Set torque = 30"
297693,TX,0x201,3,0x90,0x90,0x99,0x00,,,,,"Set torque = 153"
297719,TX,0x201,3,0x90,0x90,0xA1,0x02,,,,,"Set torque = 673"
297733,RX,0x181,6,0x40,0x40,0x11,0x41,0x80,0x02,0x0B,,"Status word = 0x4111"
297823,RX,0x181,4,0x30,0x30,0x99,0x0F,0x01,,,,"Speed feedback = 3993 rpm"
297829,TX,0x201,3,0x90,0x90,0x1E,0x00,,,,,"Set torque = 30"
297836,RX,0x181,6,0x40,0x40,0x11,0x41,0x80,0x02,0x0B,,"Status word = 0x4111"
297843,RX,0x181,4,0x30,0x30,0x49,0x0F,0x01,,,,"Speed feedback = 3913 rpm"
297856,TX,0x201,3,0x90,0x90,0x5B,0x00,,,,,"Set torque = 91"
297882,TX,0x201,3,0x90,0x90,0x64,0x02,,,,,"Set torque = 612"
297909,TX,0x201,3,0x90,0x90,0xCB,0x01,,,,,"Set torque = 459"
297932,RX,0x181,6,0x40,0x40,0x11,0x41,0x80,0x02,0x0B,,"Status word = 0x4111"
297939,TX,0x201,3,0x90,0x90,0xB5,0x03,,,,,"Set torque = 949"
297946,RX,0x181,4,0x30,0x30,0xD2,0x0E,0x01,,,,"Speed feedback = 3794 rpm"
297966,TX,0x201,3,0x90,0x90,0xFD,0x02,,,,,"Set torque = 765"
297992,TX,0x201,3,0x90,0x90,0x83,0x02,,,,,"Set torque = 643"
298018,TX,0x201,3,0x90,0x90,0x13,0x01,,,,,"Set torque = 275"
298032,RX,0x181,6,0x40,0x40,0x11,0x41,0x80,0x02,0x0B,,"Status word = 0x4111"
298039,RX,0x181,4,0x30,0x30,0x82,0x0E,0x01,,,,"Speed feedback = 3714 rpm"
298046,TX,0x201,3,0x90,0x90,0xA1,0x02,,,,,"Set torque = 673"
298073,TX,0x201,3,0x90,0x90,0xA1,0x02,,,,,"Set torque = 673"
298099,TX,0x201,3,0x90,0x90,0x27,0x02,,,,,"Set torque = 551"
298125,TX,0x201,3,0x90,0x90,0x9F,0x05,,,,,"Set torque = 1439"
298132,RX,0x181,6,0x40,0x40,0x11,0x41,0x80,0x02,0x0B,,"Status word = 0x4111"
298139,RX,0x181,4,0x30,0x30,0xFA,0x0E,0x01,,,,"Speed feedback = 3834 rpm"
298151,TX,0x201,3,0x90,0x90,0xFB,0x05,,,,,"Set torque = 1531"
298177,TX,0x201,3,0x90,0x90,0xF0,0x06,,,,,"Set torque = 1776"
298203,TX,0x201,3,0x90,0x90,0xFB,0x05,,,,,"Set torque = 1531"
298230,TX,0x201,3,0x90,0x90,0x6D,0x04,,,,,"Set torque = 1133"
298236,RX,0x181,6,0x40,0x40,0x11,0x41,0xA0,0x02,0x0B,,"Status word = 0x4111"
298243,RX,0x181,4,0x30,0x30,0x61,0x10,0x01,,,,"Speed feedback = 4193 rpm"
298256,TX,0x201,3,0x90,0x90,0xE7,0x04,,,,,"Set torque = 1255"
298282,TX,0x201,3,0x90,0x90,0x11,0x04,,,,,"Set torque = 1041"
298308,TX,0x201,3,0x90,0x90,0x38,0x06,,,,,"Set torque = 1592"
298332,RX,0x181,6,0x40,0x40,0x11,0x41,0x80,0x02,0x0B,,"Status word = 0x4111"
298338,TX,0x201,3,0x90,0x90,0x24,0x05,,,,,"Set torque = 1316"
298345,RX,0x181,4,0x30,0x30,0xD0,0x13,0x01,,,,"Speed feedback = 5072 rpm"
298365,TX,0x201,3,0x90,0x90,0x4C,0x07,,,,,"Set torque = 1868"
298391,TX,0x201,3,0x90,0x90,0x75,0x06,,,,,"Set torque = 1653"
298417,TX,0x201,3,0x90,0x90,0x62,0x05,,,,,"Set torque = 1378"
298431,RX,0x181,6,0x40,0x40,0x11,0x41,0xA0,0x02,0x0B,,"Status word = 0x4111"
298438,RX,0x181,4,0x30,0x30,0xC6,0x16,0x01,,,,"Speed feedback = 5830 rpm"
298445,TX,0x201,3,0x90,0x90,0x2D,0x07,,,,,"Set torque = 1837"
298472,TX,0x201,3,0x90,0x90,0x24,0x05,,,,,"Set torque = 1316"
298498,TX,0x201,3,0x90,0x90,0xBD,0x05,,,,,"Set torque = 1469"
298524,TX,0x201,3,0x90,0x90,0x9F,0x05,,,,,"Set torque = 1439"
298531,RX,0x181,6,0x40,0x40,0x11,0x41,0x80,0x02,0x0B,,"Status word = 0x4111"
298538,RX,0x181,4,0x30,0x30,0xD5,0x1A,0x01,,,,"Speed feedback = 6869 rpm"
298551,TX,0x201,3,0x90,0x90,0x06,0x05,,,,,"Set torque = 1286"
298577,TX,0x201,3,0x90,0x90,0x06,0x05,,,,,"Set torque = 1286"
298603,TX,0x201,3,0x90,0x90,0x96,0x03,,,,,"Set torque = 918"
298629,TX,0x201,3,0x90,0x90,0xF8,0x08,,,,,"Set torque = 2296"
298635,RX,0x181,6,0x40,0x40,0x11,0x41,0x80,0x02,0x0B,,"Status word = 0x4111"
298642,RX,0x181,4,0x30,0x30,0xF4,0x1D,0x01,,,,"Speed feedback = 7668 rpm"
298655,TX,0x201,3,0x90,0x90,0x19,0x06,,,,,"Set torque = 1561"
298682,TX,0x201,3,0x90,0x90,0xB2,0x06,,,,,"Set torque = 1714"
298708,TX,0x201,3,0x90,0x90,0x07,0x10,,,,,"Set torque = 4103"
298731,RX,0x181,6,0x40,0x40,0x11,0x41,0x80,0x02,0x0B,,"Status word = 0x4111"
298738,TX,0x201,3,0x90,0x90,0x24,0x05,,,,,"Set torque = 1316"
298745,RX,0x181,4,0x30,0x30,0x5B,0x1F,0x01,,,,"Speed feedback = 8027 rpm"
298765,TX,0x201,3,0x90,0x90,0x80,0x05,,,,,"Set torque = 1408"
298791,TX,0x201,3,0x90,0x90,0x0E,0x07,,,,,"Set torque = 1806"
298817,TX,0x201,3,0x90,0x90,0xFB,0x05,,,,,"Set torque = 1531"
298831,RX,0x181,6,0x40,0x40,0x11,0x41,0x80,0x02,0x0B,,"Status word = 0x4111"
298838,RX,0x181,4,0x30,0x30,0x73,0x20,0x01,,,,"Speed feedback = 8307 rpm"
298845,TX,0x201,3,0x90,0x90,0x22,0x08,,,,,"Set torque = 2082"
298872,TX,0x201,3,0x90,0x90,0xC8,0x04,,,,,"Set torque = 1224"
298898,TX,0x201,3,0x90,0x90,0x80,0x05,,,,,"Set torque = 1408"
298924,TX,0x201,3,0x90,0x90,0xBD,0x05,,,,,"Set torque = 1469"
298931,RX,0x181,6,0x40,0x40,0x11,0x41,0xA0,0x02,0x0B,,"Status word = 0x4111"
298938,RX,0x181,4,0x30,0x30,0x83,0x1F,0x01,,,,"Speed feedback = 8067 rpm"
298950,TX,0x201,3,0x90,0x90,0xBD,0x05,,,,,"Set torque = 1469"
298976,TX,0x201,3,0x90,0x90,0xAA,0x04,,,,,"Set torque = 1194"
299003,TX,0x201,3,0x90,0x90,0xC8,0x04,,,,,"Set torque = 1224"
299029,TX,0x201,3,0x90,0x90,0x6D,0x04,,,,,"Set torque = 1133"
299035,RX,0x181,6,0x40,0x40,0x11,0x41,0x80,0x02,0x0B,,"Status word = 0x4111"
299043,RX,0x181,4,0x30,0x30,0xEA,0x20,0x01,,,,"Speed feedback = 8426 rpm"
299055,TX,0x201,3,0x90,0x90,0x2F,0x04,,,,,"Set torque = 1071"
299081,TX,0x201,3,0x90,0x90,0x4E,0x04,,,,,"Set torque = 1102"
299107,TX,0x201,3,0x90,0x90,0x2F,0x04,,,,,"Set torque = 1071"
299130,RX,0x181,6,0x40,0x40,0x11,0x41,0x80,0x02,0x0B,,"Status word = 0x4111"
299137,TX,0x201,3,0x90,0x90,0xB5,0x03,,,,,"Set torque = 949"
299144,RX,0x181,4,0x30,0x30,0x83,0x1F,0x01,,,,"Speed feedback = 8067 rpm"
299164,TX,0x201,3,0x90,0x90,0x45,0x02,,,,,"Set torque = 581"
299190,TX,0x201,3,0x90,0x90,0x45,0x02,,,,,"Set torque = 581"
299216,TX,0x201,3,0x90,0x90,0x7A,0x00,,,,,"Set torque = 122"
299230,RX,0x181,6,0x40,0x40,0x11,0x41,0x80,0x02,0x0B,,"Status word = 0x4111"
299237,RX,0x181,4,0x30,0x30,0x23,0x20,0x01,,,,"Speed feedback = 8227 rpm"
299244,TX,0x201,3,0x90,0x90,0x38,0x06,,,,,"Set torque = 1592"
299271,TX,0x201,3,0x90,0x90,0xF4,0x00,,,,,"Set torque = 244"
299297,TX,0x201,3,0x90,0x90,0xD6,0x00,,,,,"Set torque = 214"
299324,TX,0x201,3,0x90,0x90,0x32,0x01,,,,,"Set torque = 306"
299330,RX,0x181,6,0x40,0x40,0x11,0x41,0x80,0x02,0x0B,,"Status word = 0x4111"
299337,RX,0x181,4,0x30,0x30,0x5B,0x1F,0x01,,,,"Speed feedback = 8027 rpm"
299350,TX,0x201,3,0x90,0x90,0xD6,0x00,,,,,"Set torque = 214"
299376,TX,0x201,3,0x90,0x90,0x83,0x02,,,,,"Set torque = 643"
299402,TX,0x201,3,0x90,0x90,0xB7,0x00,,,,,"Set torque = 183"
299428,TX,0x201,3,0x90,0x90,0x50,0x01,,,,,"Set torque = 336"
299434,RX,0x181,6,0x40,0x40,0x11,0x41,0x80,0x02,0x0B,,"Status word = 0x4111"
299441,RX,0x181,4,0x30,0x30,0xA4,0x1D,0x01,,,,"Speed feedback = 7588 rpm"
299454,TX,0x201,3,0x90,0x90,0x50,0x01,,,,,"Set torque = 336"
299480,TX,0x201,3,0x90,0x90,0x6F,0x01,,,,,"Set torque = 367"
299506,TX,0x201,3,0x90,0x90,0x50,0x01,,,,,"Set torque = 336"
299530,RX,0x181,6,0x40,0x40,0x11,0x41,0x80,0x02,0x0B,,"Status word = 0x4111"
299537,TX,0x201,3,0x90,0x90,0xD6,0x00,,,,,"Set torque = 214"
299543,RX,0x181,4,0x30,0x30,0xC4,0x1B,0x01,,,,"Speed feedback = 7108 rpm"
299563,TX,0x201,3,0x90,0x90,0x1E,0x00,,,,,"Set torque = 30"
299589,TX,0x201,3,0x90,0x90,0x99,0x00,,,,,"Set torque = 153"
299615,TX,0x201,3,0x90,0x90,0xE9,0x01,,,,,"Set torque = 489"
299630,RX,0x181,6,0x40,0x40,0x11,0x41,0x80,0x02,0x0B,,"Status word = 0x4111"
299637,RX,0x181,4,0x30,0x30,0x95,0x19,0x01,,,,"Speed feedback = 6549 rpm"
299643,TX,0x201,3,0x90,0x90,0x5B,0x00,,,,,"Set torque = 91"
299670,TX,0x201,3,0x90,0x90,0x3D,0x00,,,,,"Set torque = 61"
299696,TX,0x201,3,0x90,0x90,0xAC,0x01,,,,,"Set torque = 428"
299722,TX,0x201,3,0x90,0x90,0xF4,0x00,,,,,"Set torque = 244"
299729,RX,0x181,6,0x40,0x40,0x11,0x41,0x80,0x02,0x0B,,"Status word = 0x4111"
299736,RX,0x181,4,0x30,0x30,0x3E,0x17,0x01,,,,"Speed feedback = 5950 rpm"
299748,TX,0x201,3,0x90,0x90,0x13,0x01,,,,,"Set torque = 275"
299775,TX,0x201,3,0x90,0x90,0x1E,0x00,,,,,"Set torque = 30"
299801,TX,0x201,3,0x90,0x90,0x1C,0x03,,,,,"Set torque = 796"
299827,TX,0x201,3,0x90,0x90,0x06,0x05,,,,,"Set torque = 1286"
299831,RX,0x181,6,0x40,0x40,0x11,0x41,0x80,0x02,0x0B,,"Status word = 0x4111"
299838,RX,0x181,4,0x30,0x30,0x0F,0x15,0x01,,,,"Speed feedback = 5391 rpm"
299851,TX,0x201,3,0x90,0x90,0x00,0x00,,,,,"Set torque = 0"
299877,TX,0x201,3,0x90,0x90,0x6F,0x01,,,,,"Set torque = 367"
299903,TX,0x201,3,0x90,0x90,0x1E,0x00,,,,,"Set torque = 30"
299929,TX,0x201,3,0x90,0x90,0x13,0x01,,,,,"Set torque = 275"
299936,RX,0x181,6,0x40,0x40,0x11,0x41,0x80,0x02,0x0B,,"Status word = 0x4111"
299942,RX,0x181,4,0x30,0x30,0xB8,0x12,0x01,,,,"Speed feedback = 4792 rpm"
299956,TX,0x201,3,0x90,0x90,0x13,0x01,,,,,"Set torque = 275"
299982,TX,0x201,3,0x90,0x90,0x27,0x02,,,,,"Set torque = 551"
300008,TX,0x201,3,0x90,0x90,0x00,0x00,,,,,"Set torque = 0"
300029,RX,0x181,6,0x40,0x40,0x11,0x41,0x80,0x02,0x0B,,"Status word = 0x4111"
300036,TX,0x201,3,0x90,0x90,0x99,0x00,,,,,"Set torque = 153"
300042,RX,0x181,4,0x30,0x30,0x90,0x12,0x01,,,,"Speed feedback = 4752 rpm"
300062,TX,0x201,3,0x90,0x90,0x08,0x02,,,,,"Set torque = 520"
300089,TX,0x201,3,0x90,0x90,0x08,0x02,,,,,"Set torque = 520"
300115,TX,0x201,3,0x90,0x90,0xFD,0x02,,,,,"Set torque = 765"
300129,RX,0x181,6,0x40,0x40,0x11,0x41,0x80,0x02,0x0B,,"Status word = 0x4111"
300136,RX,0x181,4,0x30,0x30,0xA0,0x11,0x01,,,,"Speed feedback = 4512 rpm"
300143,TX,0x201,3,0x90,0x90,0x9F,0x05,,,,,"Set torque = 1439"
300169,TX,0x201,3,0x90,0x90,0x62,0x05,,,,,"Set torque = 1378"
300195,TX,0x201,3,0x90,0x90,0x06,0x05,,,,,"Set torque = 1286"
300221,TX,0x201,3,0x90,0x90,0x06,0x05,,,,,"Set torque = 1286"
300229,RX,0x181,6,0x40,0x40,0x11,0x41,0x80,0x02,0x0B,,"Status word = 0x4111"
300236,RX,0x181,4,0x30,0x30,0xB8,0x12,0x01,,,,"Speed feedback = 4792 rpm"
300247,TX,0x201,3,0x90,0x90,0xC8,0x04,,,,,"Set torque = 1224"
300273,TX,0x201,3,0x90,0x90,0xBD,0x05,,,,,"Set torque = 1469"
300299,TX,0x201,3,0x90,0x90,0x94,0x06,,,,,"Set torque = 1684"
300325,TX,0x201,3,0x90,0x90,0xB2,0x06,,,,,"Set torque = 1714"
300331,RX,0x181,6,0x40,0x40,0x11,0x41,0x80,0x02,0x0B,,"Status word = 0x4111"
300338,RX,0x181,4,0x30,0x30,0x4F,0x16,0x01,,,,"Speed feedback = 5711 rpm"
300351,TX,0x201,3,0x90,0x90,0x1C,0x03,,,,,"Set torque = 796"
300377,TX,0x201,3,0x90,0x90,0x9F,0x05,,,,,"Set torque = 1439"
300404,TX,0x201,3,0x90,0x90,0x6A,0x07,,,,,"Set torque = 1898"
300428,RX,0x181,6,0x40,0x40,0x11,0x41,0xA0,0x02,0x0B,,"Status word = 0x4111"
300435,TX,0x201,3,0x90,0x90,0x19,0x06,,,,,"Set torque = 1561"
300442,RX,0x181,4,0x30,0x30,0x4D,0x1B,0x01,,,,"Speed feedback = 6989 rpm"
300462,TX,0x201,3,0x90,0x90,0xFB,0x05,,,,,"Set torque = 1531"
300488,TX,0x201,3,0x90,0x90,0xDC,0x05,,,,,"Set torque = 1500"
300514,TX,0x201,3,0x90,0x90,0x7E,0x08,,,,,"Set torque = 2174"
300528,RX,0x181,6,0x40,0x40,0x11,0x41,0xA0,0x02,0x0B,,"Status word = 0x4111"
300535,RX,0x181,4,0x30,0x30,0x54,0x1D,0x01,,,,"Speed feedback = 7508 rpm"
300542,TX,0x201,3,0x90,0x90,0xDE,0x02,,,,,"Set torque = 734"
300569,TX,0x201,3,0x90,0x90,0x17,0x09,,,,,"Set torque = 2327"
300595,TX,0x201,3,0x90,0x90,0x5F,0x08,,,,,"Set torque = 2143"
300621,TX,0x201,3,0x90,0x90,0xDC,0x05,,,,,"Set torque = 1500"
300628,RX,0x181,6,0x40,0x40,0x11,0x41,0x80,0x02,0x0B,,"Status word = 0x4111"
300635,RX,0x181,4,0x30,0x30,0x4B,0x20,0x01,,,,"Speed feedback = 8267 rpm"
300647,TX,0x201,3,0x90,0x90,0x24,0x05,,,,,"Set torque = 1316"
300673,TX,0x201,3,0x90,0x90,0x43,0x05,,,,,"Set torque = 1347"
300699,TX,0x201,3,0x90,0x90,0x19,0x06,,,,,"Set torque = 1561"
300726,TX,0x201,3,0x90,0x90,0x80,0x05,,,,,"Set torque = 1408"
300732,RX,0x181,6,0x40,0x40,0x11,0x41,0x80,0x02,0x0B,,"Status word = 0x4111"
300740,RX,0x181,4,0x30,0x30,0x0B,0x1F,0x01,,,,"Speed feedback = 7947 rpm"
300752,TX,0x201,3,0x90,0x90,0x38,0x06,,,,,"Set torque = 1592"
300778,TX,0x201,3,0x90,0x90,0x22,0x08,,,,,"Set torque = 2082"
300804,TX,0x201,3,0x90,0x90,0x2D,0x07,,,,,"Set torque = 1837"
300828,RX,0x181,6,0x40,0x40,0x11,0x41,0x80,0x02,0x0B,,"Status word = 0x4111"
300835,TX,0x201,3,0x90,0x90,0xAA,0x04,,,,,"Set torque = 1194"
300841,RX,0x181,4,0x30,0x30,0xC2,0x20,0x01,,,,"Speed feedback = 8386 rpm"
300861,TX,0x201,3,0x90,0x90,0xB5,0x03,,,,,"Set torque = 949"
300887,TX,0x201,3,0x90,0x90,0x50,0x01,,,,,"Set torque = 336"
300913,TX,0x201,3,0x90,0x90,0x00,0x00,,,,,"Set torque = 0"
300928,RX,0x181,6,0x40,0x40,0x11,0x41,0x80,0x02,0x0B,,"Status word = 0x4111"
300934,RX,0x181,4,0x30,0x30,0x4B,0x20,0x01,,,,"Speed feedback = 8267 rpm"
300941,TX,0x201,3,0x90,0x90,0x00,0x00,,,,,"Set torque = 0"
300968,TX,0x201,3,0x90,0x90,0x00,0x00,,,,,"Set torque = 0"
300994,TX,0x201,3,0x90,0x90,0x00,0x00,,,,,"Set torque = 0"
301020,TX,0x201,3,0x90,0x90,0x00,0x00,,,,,"Set torque = 0"
301027,RX,0x181,6,0x40,0x40,0x11,0x41,0x80,0x02,0x0B,,"Status word = 0x4111"
301034,RX,0x181,4,0x30,0x30,0x0B,0x1F,0x01,,,,"Speed feedback = 7947 rpm"
301047,TX,0x201,3,0x90,0x90,0x00,0x00,,,,,"Set torque = 0"
301073,TX,0x201,3,0x90,0x90,0x00,0x00,,,,,"Set torque = 0"
301099,TX,0x201,3,0x90,0x90,0x00,0x00,,,,,"Set torque = 0"
301125,TX,0x201,3,0x90,0x90,0x00,0x00,,,,,"Set torque = 0"
301131,RX,0x181,6,0x40,0x40,0x11,0x41,0x80,0x02,0x0B,,"Status word = 0x4111"
301138,RX,0x181,4,0x30,0x30,0x35,0x1A,0x01,,,,"Speed feedback = 6709 rpm"
301151,TX,0x201,3,0x90,0x90,0x00,0x00,,,,,"Set torque = 0"
301178,TX,0x201,3,0x90,0x90,0x00,0x00,,,,,"Set torque = 0"
301204,TX,0x201,3,0x90,0x90,0x00,0x00,,,,,"Set torque = 0"
301227,RX,0x181,6,0x40,0x40,0x11,0x41,0x80,0x02,0x0B,,"Status word = 0x4111"
301234,TX,0x201,3,0x90,0x90,0x00,0x00,,,,,"Set torque = 0"
301241,RX,0x181,4,0x30,0x30,0xDE,0x17,0x01,,,,"Speed feedback = 6110 rpm"
301261,TX,0x201,3,0x90,0x90,0x00,0x00,,,,,"Set torque = 0"
301287,TX,0x201,3,0x90,0x90,0x00,0x00,,,,,"Set torque = 0"
301313,TX,0x201,3,0x90,0x90,0x00,0x00,,,,,"Set torque = 0"
301327,RX,0x181,6,0x40,0x40,0x11,0x41,0x80,0x02,0x0B,,"Status word = 0x4111"
301334,RX,0x181,4,0x30,0x30,0x87,0x15,0x01,,,,"Speed feedback = 5511 rpm"
301341,TX,0x201,3,0x90,0x90,0x00,0x00,,,,,"Set torque = 0"
301368,TX,0x201,3,0x90,0x90,0x00,0x00,,,,,"Set torque = 0"
301394,TX,0x201,3,0x90,0x90,0x00,0x00,,,,,"Set torque = 0"
301420,TX,0x201,3,0x90,0x90,0x00,0x00,,,,,"Set torque = 0"
301427,RX,0x181,6,0x40,0x40,0x11,0x41,0x80,0x02,0x0B,,"Status word = 0x4111"
301434,RX,0x181,4,0x30,0x30,0xF0,0x11,0x01,,,,"Speed feedback = 4592 rpm"
301446,TX,0x201,3,0x90,0x90,0x00,0x00,,,,,"Set torque = 0"
301472,TX,0x201,3,0x90,0x90,0x00,0x00,,,,,"Set torque = 0"
301499,TX,0x201,3,0x90,0x90,0x00,0x00,,,,,"Set torque = 0"
301525,TX,0x201,3,0x90,0x90,0x00,0x00,,,,,"Set torque = 0"
301531,RX,0x181,6,0x40,0x40,0x11,0x41,0x80,0x02,0x0B,,"Status word = 0x4111"
301538,RX,0x181,4,0x30,0x30,0x11,0x10,0x01,,,,"Speed feedback = 4113 rpm"
301551,TX,0x201,3,0x90,0x90,0x00,0x00,,,,,"Set torque = 0"
301577,TX,0x201,3,0x90,0x90,0x00,0x00,,,,,"Set torque = 0"
301603,TX,0x201,3,0x90,0x90,0x00,0x00,,,,,"Set torque = 0"
301626,RX,0x181,6,0x40,0x40,0x11,0x41,0x80,0x02,0x0B,,"Status word = 0x4111"
301633,TX,0x201,3,0x90,0x90,0x00,0x00,,,,,"Set torque = 0"
301640,RX,0x181,4,0x30,0x30,0x92,0x0D,0x01,,,,"Speed feedback = 3474 rpm"
301660,TX,0x201,3,0x90,0x90,0x00,0x00,,,,,"Set torque = 0"
301686,TX,0x201,3,0x90,0x90,0x00,0x00,,,,,"Set torque = 0"
301712,TX,0x201,3,0x90,0x90,0x00,0x00,,,,,"Set torque = 0"
301726,RX,0x181,6,0x40,0x40,0x11,0x41,0x80,0x02,0x0B,,"Status word = 0x4111"
301733,RX,0x181,4,0x30,0x30,0x63,0x0B,0x01,,,,"Speed feedback = 2915 rpm"
301740,TX,0x201,3,0x90,0x90,0x00,0x00,,,,,"Set torque = 0"
301767,TX,0x201,3,0x90,0x90,0x00,0x00,,,,,"Set torque = 0"
301793,TX,0x201,3,0x90,0x90,0x00,0x00,,,,,"Set torque = 0"
301820,TX,0x201,3,0x90,0x90,0x00,0x00,,,,,"Set torque = 0"
301829,RX,0x181,6,0x40,0x40,0x11,0x41,0x80,0x02,0x0B,,"Status word = 0x4111"
301836,RX,0x181,4,0x30,0x30,0xAC,0x09,0x01,,,,"Speed feedback = 2476 rpm"
301849,TX,0x201,3,0x90,0x90,0x00,0x00,,,,,"Set torque = 0"
301875,TX,0x201,3,0x90,0x90,0x00,0x00,,,,,"Set torque = 0"
301901,TX,0x201,3,0x90,0x90,0x00,0x00,,,,,"Set torque = 0"
301926,RX,0x181,6,0x40,0x40,0x11,0x41,0x80,0x02,0x0B,,"Status word = 0x4111"
301933,TX,0x201,3,0x90,0x90,0x00,0x00,,,,,"Set torque = 0"
301940,RX,0x181,4,0x30,0x30,0x1C,0x08,0x01,,,,"Speed feedback = 2076 rpm"
301960,TX,0x201,3,0x90,0x90,0x00,0x00,,,,,"Set torque = 0"
301986,TX,0x201,3,0x90,0x90,0x00,0x00,,,,,"Set torque = 0"
302012,TX,0x201,3,0x90,0x90,0x00,0x00,,,,,"Set torque = 0"
302026,RX,0x181,6,0x40,0x40,0x11,0x41,0x80,0x02,0x0B,,"Status word = 0x4111"
302033,RX,0x181,4,0x30,0x30,0x65,0x06,0x01,,,,"Speed feedback = 1637 rpm"
302040,TX,0x201,3,0x90,0x90,0x00,0x00,,,,,"Set torque = 0"
302066,TX,0x201,3,0x90,0x90,0x00,0x00,,,,,"Set torque = 0"
302092,TX,0x201,3,0x90,0x90,0x00,0x00,,,,,"Set torque = 0"
302119,TX,0x201,3,0x90,0x90,0x00,0x00,,,,,"Set torque = 0"
302126,RX,0x181,6,0x40,0x40,0x11,0x41,0x80,0x02,0x0B,,"Status word = 0x4111"
302133,RX,0x181,4,0x30,0x30,0x5E,0x04,0x01,,,,"Speed feedback = 1118 rpm"
302145,TX,0x201,3,0x90,0x90,0x00,0x00,,,,,"Set torque = 0"
302171,TX,0x201,3,0x90,0x90,0x00,0x00,,,,,"Set torque = 0"
302197,TX,0x201,3,0x90,0x90,0x00,0x00,,,,,"Set torque = 0"
302223,TX,0x201,3,0x90,0x90,0x00,0x00,,,,,"Set torque = 0"
302229,RX,0x181,6,0x40,0x40,0x11,0x41,0x80,0x02,0x0B,,"Status word = 0x4111"
302236,RX,0x181,4,0x30,0x30,0x1E,0x03,0x01,,,,"Speed feedback = 798 rpm"
302249,TX,0x201,3,0x90,0x90,0x00,0x00,,,,,"Set torque = 0"
302275,TX,0x201,3,0x90,0x90,0x00,0x00,,,,,"Set torque = 0"
302301,TX,0x201,3,0x90,0x90,0x00,0x00,,,,,"Set torque = 0"
302325,RX,0x181,6,0x40,0x40,0x11,0x41,0x80,0x00,0x0B,,"Status word = 0x4111"
302332,TX,0x201,3,0x90,0x90,0x00,0x00,,,,,"Set torque = 0"
302339,RX,0x181,4,0x30,0x30,0xDF,0x01,0x01,,,,"Speed feedback = 479 rpm"
302359,TX,0x201,3,0x90,0x90,0x00,0x00,,,,,"Set torque = 0"
302385,TX,0x201,3,0x90,0x90,0x00,0x00,,,,,"Set torque = 0"
302411,TX,0x201,3,0x90,0x90,0x00,0x00,,,,,"Set torque = 0"
302425,RX,0x181,6,0x40,0x40,0x11,0x41,0x80,0x00,0x0B,,"Status word = 0x4111"
302432,RX,0x181,4,0x30,0x30,0xC7,0x00,0x01,,,,"Speed feedback = 199 rpm"
302439,TX,0x201,3,0x90,0x90,0x00,0x00,,,,,"Set torque = 0"
302466,TX,0x201,3,0x90,0x90,0x00,0x00,,,,,"Set torque = 0"
302492,TX,0x201,3,0x90,0x90,0x00,0x00,,,,,"Set torque = 0"
302518,TX,0x201,3,0x90,0x90,0x00,0x00,,,,,"Set torque = 0"
302525,RX,0x181,6,0x40,0x40,0x11,0x41,0x80,0x00,0x0B,,"Status word = 0x4111"
302532,RX,0x181,4,0x30,0x30,0x4F,0x00,0x01,,,,"Speed feedback = 79 rpm"
302544,TX,0x201,3,0x90,0x90,0xB2,0x06,,,,,"Set torque = 1714"
302571,TX,0x201,3,0x90,0x90,0x70,0x0C,,,,,"Set torque = 3184"
302597,TX,0x201,3,0x90,0x90,0xA0,0x10,,,,,"Set torque = 4256"
302623,TX,0x201,3,0x90,0x90,0xB4,0x11,,,,,"Set torque = 4532"
302629,RX,0x181,6,0x40,0x40,0x11,0x41,0x80,0x00,0x0B,,"Status word = 0x4111"
302636,RX,0x181,4,0x30,0x30,0x9F,0x00,0x01,,,,"Speed feedback = 159 rpm"
302649,TX,0x201,3,0x90,0x90,0x53,0x17,,,,,"Set torque = 5971"
302675,TX,0x201,3,0x90,0x90,0x8E,0x1A,,,,,"Set torque = 6798"
302701,TX,0x201,3,0x90,0x90,0xF2,0x1C,,,,,"Set torque = 7410"
302725,RX,0x181,6,0x40,0x40,0x11,0x41,0x80,0x02,0x0B,,"Status word = 0x4111"
302732,RX,0x181,4,0x30,0x30,0xE6,0x03,0x01,,,,"Speed feedback = 998 rpm"
302739,TX,0x201,3,0x90,0x90,0xA1,0x1B,,,,,"Set torque = 7073"
302765,TX,0x201,3,0x90,0x90,0x43,0x1E,,,,,"Set torque = 7747"
302791,TX,0x201,3,0x90,0x90,0xA1,0x1B,,,,,"Set torque = 7073"
302817,TX,0x201,3,0x90,0x90,0x68,0x23,,,,,"Set torque = 9064"
302825,RX,0x181,6,0x40,0x40,0x11,0x41,0x80,0x02,0x0B,,"Status word = 0x4111"
302831,RX,0x181,4,0x30,0x30,0x34,0x09,0x01,,,,"Speed feedback = 2356 rpm"
302843,TX,0x201,3,0x90,0x90,0x27,0x1B,,,,,"Set torque = 6951"
302869,TX,0x201,3,0x90,0x90,0x00,0x19,,,,,"Set torque = 6400"
302896,TX,0x201,3,0x90,0x90,0xE4,0x15,,,,,"Set torque = 5604"
302922,TX,0x201,3,0x90,0x90,0xE8,0x0F,,,,,"Set torque = 4072"
302928,RX,0x181,6,0x40,0x40,0x11,0x41,0x80,0x02,0x0B,,"Status word = 0x4111"
302935,RX,0x181,4,0x30,0x30,0x0A,0x0E,0x01,,,,"Speed feedback = 3594 rpm"
302948,TX,0x201,3,0x90,0x90,0x54,0x09,,,,,"Set torque = 2388"
302974,TX,0x201,3,0x90,0x90,0xD1,0x06,,,,,"Set torque = 1745"
303000,TX,0x201,3,0x90,0x90,0x00,0x00,,,,,"Set torque = 0"
303024,RX,0x181,6,0x40,0x40,0x11,0x41,0x80,0x02,0x0B,,"Status word = 0x4111"
303031,TX,0x201,3,0x90,0x90,0x00,0x00,,,,,"Set torque = 0"
303038,RX,0x181,4,0x30,0x30,0x68,0x12,0x01,,,,"Speed feedback = 4712 rpm"
303058,TX,0x201,3,0x90,0x90,0x00,0x00,,,,,"Set torque = 0"
303084,TX,0x201,3,0x90,0x90,0x00,0x00,,,,,"Set torque = 0"
303110,TX,0x201,3,0x90,0x90,0x00,0x00,,,,,"Set torque = 0"
303124,RX,0x181,6,0x40,0x40,0x11,0x41,0x80,0x02,0x0B,,"Status word = 0x4111"
303131,RX,0x181,4,0x30,0x30,0x08,0x13,0x01,,,,"Speed feedback = 4872 rpm"
303138,TX,0x201,3,0x90,0x90,0x00,0x00,,,,,"Set torque = 0"
303165,TX,0x201,3,0x90,0x90,0x00,0x00,,,,,"Set torque = 0"
303191,TX,0x201,3,0x90,0x90,0x00,0x00,,,,,"Set torque = 0"
303218,TX,0x201,3,0x90,0x90,0x00,0x00,,,,,"Set torque = 0"
303224,RX,0x181,6,0x40,0x40,0x11,0x41,0x80,0x02,0x0B,,"Status word = 0x4111"
303231,RX,0x181,4,0x30,0x30,0x29,0x11,0x01,,,,"Speed feedback = 4393 rpm"
303244,TX,0x201,3,0x90,0x90,0x00,0x00,,,,,"Set torque = 0"
303270,TX,0x201,3,0x90,0x90,0x00,0x00,,,,,"Set torque = 0"
303296,TX,0x201,3,0x90,0x90,0x00,0x00,,,,,"Set torque = 0"
303322,TX,0x201,3,0x90,0x90,0x00,0x00,,,,,"Set torque = 0"
303328,RX,0x181,6,0x40,0x40,0x11,0x41,0x80,0x02,0x0B,,"Status word = 0x4111"
303335,RX,0x181,4,0x30,0x30,0xBA,0x0D,0x01,,,,"Speed feedback = 3514 rpm"
303348,TX,0x201,3,0x90,0x90,0x00,0x00,,,,,"Set torque = 0"
303374,TX,0x201,3,0x90,0x90,0x00,0x00,,,,,"Set torque = 0"
303400,TX,0x201,3,0x90,0x90,0x00,0x00,,,,,"Set torque = 0"
303424,RX,0x181,6,0x40,0x40,0x11,0x41,0x80,0x02,0x0B,,"Status word = 0x4111"
303430,TX,0x201,3,0x90,0x90,0x00,0x00,,,,,"Set torque = 0"
303437,RX,0x181,4,0x30,0x30,0x7B,0x0C,0x01,,,,"Speed feedback = 3195 rpm"
303457,TX,0x201,3,0x90,0x90,0x00,0x00,,,,,"Set torque = 0"
303483,TX,0x201,3,0x90,0x90,0x00,0x00,,,,,"Set torque = 0"
303509,TX,0x201,3,0x90,0x90,0x00,0x00,,,,,"Set torque = 0"
303523,RX,0x181,6,0x40,0x40,0x11,0x41,0x80,0x02,0x0B,,"Status word = 0x4111"
303530,RX,0x181,4,0x30,0x30,0xD4,0x09,0x01,,,,"Speed feedback = 2516 rpm"
303537,TX,0x201,3,0x90,0x90,0x00,0x00,,,,,"Set torque = 0"
303564,TX,0x201,3,0x90,0x90,0x00,0x00,,,,,"Set torque = 0"
303590,TX,0x201,3,0x90,0x90,0x00,0x00,,,,,"Set torque = 0"
303616,TX,0x201,3,0x90,0x90,0x00,0x00,,,,,"Set torque = 0"
303623,RX,0x181,6,0x40,0x40,0x11,0x41,0x80,0x02,0x0B,,"Status word = 0x4111"
303630,RX,0x181,4,0x30,0x30,0xF4,0x07,0x01,,,,"Speed feedback = 2036 rpm"
303642,TX,0x201,3,0x90,0x90,0x00,0x00,,,,,"Set torque = 0"
303669,TX,0x201,3,0x90,0x90,0x00,0x00,,,,,"Set torque = 0"
303695,TX,0x201,3,0x90,0x90,0x00,0x00,,,,,"Set torque = 0"
303721,TX,0x201,3,0x90,0x90,0x00,0x00,,,,,"Set torque = 0"
303727,RX,0x181,6,0x40,0x40,0x11,0x41,0x80,0x02,0x0B,,"Status word = 0x4111"
303734,RX,0x181,4,0x30,0x30,0x15,0x06,0x01,,,,"Speed feedback = 1557 rpm"
303747,TX,0x201,3,0x90,0x90,0xD3,0x03,,,,,"Set torque = 979"
303773,TX,0x201,3,0x90,0x90,0x5F,0x08,,,,,"Set torque = 2143"
303799,TX,0x201,3,0x90,0x90,0xA3,0x0D,,,,,"Set torque = 3491"
303823,RX,0x181,6,0x40,0x40,0x11,0x41,0x80,0x02,0x0B,,"Status word = 0x4111"
303830,RX,0x181,4,0x30,0x30,0xC5,0x05,0x01,,,,"Speed feedback = 1477 rpm"
303837,TX,0x201,3,0x90,0x90,0xC3,0x18,,,,,"Set torque = 6339"
303864,TX,0x201,3,0x90,0x90,0x41,0x21,,,,,"Set torque = 8513"
303890,TX,0x201,3,0x90,0x90,0x71,0x25,,,,,"Set torque = 9585"
303916,TX,0x201,3,0x90,0x90,0x7B,0x32,,,,,"Set torque = 12923"
303923,RX,0x181,6,0x40,0x40,0x11,0x41,0x80,0x02,0x0B,,"Status word = 0x4111"
303930,RX,0x181,4,0x30,0x30,0x5C,0x09,0x01,,,,"Speed feedback = 2396 rpm"
303942,TX,0x201,3,0x90,0x90,0x7E,0x3A,,,,,"Set torque = 14974"
303968,TX,0x201,3,0x90,0x90,0xFF,0x3F,,,,,"Set torque = 16383"
303995,TX,0x201,3,0x90,0x90,0xFF,0x3F,,,,,"Set torque = 16383"
304021,TX,0x201,3,0x90,0x90,0xFF,0x3F,,,,,"Set torque = 16383"
304027,RX,0x181,6,0x40,0x40,0x11,0x41,0x80,0x02,0x0B,,"Status word = 0x4111"
304034,RX,0x181,4,0x30,0x30,0x82,0x0E,0x01,,,,"Speed feedback = 3714 rpm"
304047,TX,0x201,3,0x90,0x90,0xFF,0x3F,,,,,"Set torque = 16383"
304073,TX,0x201,3,0x90,0x90,0xFF,0x3F,,,,,"Set torque = 16383"
304099,TX,0x201,3,0x90,0x90,0xFF,0x3F,,,,,"Set torque = 16383"
304122,RX,0x181,6,0x40,0x40,0x11,0x41,0x80,0x02,0x0B,,"Status word = 0x4111"
304129,TX,0x201,3,0x90,0x90,0xFF,0x3F,,,,,"Set torque = 16383"
304136,RX,0x181,4,0x30,0x30,0xE0,0x12,0x01,,,,"Speed feedback = 4832 rpm"
304156,TX,0x201,3,0x90,0x90,0xFF,0x3F,,,,,"Set torque = 16383"
304182,TX,0x201,3,0x90,0x90,0x17,0x3B,,,,,"Set torque = 15127"
304208,TX,0x201,3,0x90,0x90,0x5A,0x35,,,,,"Set torque = 13658"
304222,RX,0x181,6,0x40,0x40,0x11,0x41,0x80,0x02,0x0B,,"Status word = 0x4111"
304229,RX,0x181,4,0x30,0x30,0xFF,0x15,0x01,,,,"Speed feedback = 5631 rpm"
304236,TX,0x201,3,0x90,0x90,0xB9,0x3D,,,,,"Set torque = 15801"
304263,TX,0x201,3,0x90,0x90,0xBF,0x29,,,,,"Set torque = 10687"
304289,TX,0x201,3,0x90,0x90,0x68,0x23,,,,,"Set torque = 9064"
304316,TX,0x201,3,0x90,0x90,0xDC,0x1E,,,,,"Set torque = 7900"
304322,RX,0x181,6,0x40,0x40,0x11,0x41,0xA0,0x02,0x0B,,"Status word = 0x4111"
304329,RX,0x181,4,0x30,0x30,0x35,0x1A,0x01,,,,"Speed feedback = 6709 rpm"
304342,TX,0x201,3,0x90,0x90,0x85,0x18,,,,,"Set torque = 6277"
304368,TX,0x201,3,0x90,0x90,0xD2,0x11,,,,,"Set torque = 4562"
304394,TX,0x201,3,0x90,0x90,0x79,0x0E,,,,,"Set torque = 3705"
304420,TX,0x201,3,0x90,0x90,0x17,0x09,,,,,"Set torque = 2327"
304426,RX,0x181,6,0x40,0x40,0x11,0x41,0x80,0x02,0x0B,,"Status word = 0x4111"
304433,RX,0x181,4,0x30,0x30,0x9A,0x20,0x01,,,,"Speed feedback = 8346 rpm"
304446,TX,0x201,3,0x90,0x90,0xD3,0x03,,,,,"Set torque = 979"
304472,TX,0x201,3,0x90,0x90,0x5B,0x00,,,,,"Set torque = 91"
304498,TX,0x201,3,0x90,0x90,0x00,0x00,,,,,"Set torque = 0"
304522,RX,0x181,6,0x40,0x40,0x11,0x41,0x80,0x02,0x0B,,"Status word = 0x4111"
304529,TX,0x201,3,0x90,0x90,0x00,0x00,,,,,"Set torque = 0"
304535,RX,0x181,4,0x30,0x30,0x9A,0x20,0x01,,,,"Speed feedback = 8346 rpm"
304555,TX,0x201,3,0x90,0x90,0x00,0x00,,,,,"Set torque = 0"
304581,TX,0x201,3,0x90,0x90,0x00,0x00,,,,,"Set torque = 0"
304607,TX,0x201,3,0x90,0x90,0x00,0x00,,,,,"Set torque = 0"
304622,RX,0x181,6,0x40,0x40,0x11,0x41,0x80,0x02,0x0B,,"Status word = 0x4111"
304629,RX,0x181,4,0x30,0x30,0xB4,0x1C,0x01,,,,"Speed feedback = 7348 rpm"
304635,TX,0x201,3,0x90,0x90,0x00,0x00,,,,,"Set torque = 0"
304662,TX,0x201,3,0x90,0x90,0x00,0x00,,,,,"Set torque = 0"
304688,TX,0x201,3,0x90,0x90,0x00,0x00,,,,,"Set torque = 0"
304714,TX,0x201,3,0x90,0x90,0x00,0x00,,,,,"Set torque = 0"
304722,RX,0x181,6,0x40,0x40,0x11,0x41,0x80,0x02,0x0B,,"Status word = 0x4111"
304728,RX,0x181,4,0x30,0x30,0x5D,0x1A,0x01,,,,"Speed feedback = 6749 rpm"
304740,TX,0x201,3,0x90,0x90,0x00,0x00,,,,,"Set torque = 0"
304767,TX,0x201,3,0x90,0x90,0x00,0x00,,,,,"Set torque = 0"
304793,TX,0x201,3,0x90,0x90,0x00,0x00,,,,,"Set torque = 0"
304819,TX,0x201,3,0x90,0x90,0x00,0x00,,,,,"Set torque = 0"
304825,RX,0x181,6,0x40,0x40,0x11,0x41,0x80,0x02,0x0B,,"Status word = 0x4111"
304832,RX,0x181,4,0x30,0x30,0x56,0x18,0x01,,,,"Speed feedback = 6230 rpm"
304845,TX,0x201,3,0x90,0x90,0x00,0x00,,,,,"Set torque = 0"
304871,TX,0x201,3,0x90,0x90,0x00,0x00,,,,,"Set torque = 0"
304897,TX,0x201,3,0x90,0x90,0x00,0x00,,,,,"Set torque = 0"
304921,RX,0x181,6,0x40,0x40,0x11,0x41,0x80,0x02,0x0B,,"Status word = 0x4111"
304928,RX,0x181,4,0x30,0x30,0x47,0x14,0x01,,,,"Speed feedback = 5191 rpm"
304935,TX,0x201,3,0x90,0x90,0x00,0x00,,,,,"Set torque = 0"
304962,TX,0x201,3,0x90,0x90,0x00,0x00,,,,,"Set torque = 0"
304988,TX,0x201,3,0x90,0x90,0x00,0x00,,,,,"Set torque = 0"
305014,TX,0x201,3,0x90,0x90,0x00,0x00,,,,,"Set torque = 0"
305021,RX,0x181,6,0x40,0x40,0x11,0x41,0x80,0x02,0x0B,,"Status word = 0x4111"
305029,RX,0x181,4,0x30,0x30,0xE0,0x12,0x01,,,,"Speed feedback = 4832 rpm"
305040,TX,0x201,3,0x90,0x90,0x00,0x00,,,,,"Set torque = 0"
305067,TX,0x201,3,0x90,0x90,0x00,0x00,,,,,"Set torque = 0"
305093,TX,0x201,3,0x90,0x90,0x00,0x00,,,,,"Set torque = 0"
305119,TX,0x201,3,0x90,0x90,0x00,0x00,,,,,"Set torque = 0"
305125,RX,0x181,6,0x40,0x40,0x11,0x41,0x80,0x02,0x0B,,"Status word = 0x4111"
305132,RX,0x181,4,0x30,0x30,0xAA,0x0E,0x01,,,,"Speed feedback = 3754 rpm"
305145,TX,0x201,3,0x90,0x90,0x00,0x00,,,,,"Set torque = 0"
305171,TX,0x201,3,0x90,0x90,0x00,0x00,,,,,"Set torque = 0"
305197,TX,0x201,3,0x90,0x90,0x00,0x00,,,,,"Set torque = 0"
305221,RX,0x181,6,0x40,0x40,0x11,0x41,0x80,0x02,0x0B,,"Status word = 0x4111"
305228,RX,0x181,4,0x30,0x30,0x92,0x0D,0x01,,,,"Speed feedback = 3474 rpm"
305235,TX,0x201,3,0x90,0x90,0x00,0x00,,,,,"Set torque = 0"
305261,TX,0x201,3,0x90,0x90,0x00,0x00,,,,,"Set torque = 0"
305287,TX,0x201,3,0x90,0x90,0x00,0x00,,,,,"Set torque = 0"
305313,TX,0x201,3,0x90,0x90,0x00,0x00,,,,,"Set torque = 0"
305321,RX,0x181,6,0x40,0x40,0x11,0x41,0x80,0x02,0x0B,,"Status word = 0x4111"
305328,RX,0x181,4,0x30,0x30,0x9B,0x0A,0x01,,,,"Speed feedback = 2715 rpm"
305339,TX,0x201,3,0x90,0x90,0x00,0x00,,,,,"Set torque = 0"
305365,TX,0x201,3,0x90,0x90,0x00,0x00,,,,,"Set torque = 0"
305392,TX,0x201,3,0x90,0x90,0x00,0x00,,,,,"Set torque = 0"
305418,TX,0x201,3,0x90,0x90,0x00,0x00,,,,,"Set torque = 0"
305424,RX,0x181,6,0x40,0x40,0x11,0x41,0x80,0x02,0x0B,,"Status word = 0x4111"
305431,RX,0x181,4,0x30,0x30,0x0C,0x09,0x01,,,,"Speed feedback = 2316 rpm"
305444,TX,0x201,3,0x90,0x90,0x00,0x00,,,,,"Set torque = 0"
305470,TX,0x201,3,0x90,0x90,0x00,0x00,,,,,"Set torque = 0"
305496,TX,0x201,3,0x90,0x90,0x00,0x00,,,,,"Set torque = 0"
305520,RX,0x181,6,0x40,0x40,0x11,0x41,0x80,0x02,0x0B,,"Status word = 0x4111"
305527,TX,0x201,3,0x90,0x90,0x00,0x00,,,,,"Set torque = 0"
305534,RX,0x181,4,0x30,0x30,0x2D,0x07,0x01,,,,"Speed feedback = 1837 rpm"
305554,TX,0x201,3,0x90,0x90,0x00,0x00,,,,,"Set torque = 0"
305580,TX,0x201,3,0x90,0x90,0x00,0x00,,,,,"Set torque = 0"
305606,TX,0x201,3,0x90,0x90,0x00,0x00,,,,,"Set torque = 0"
305620,RX,0x181,6,0x40,0x40,0x11,0x41,0x80,0x02,0x0B,,"Status word = 0x4111"
305627,RX,0x181,4,0x30,0x30,0x9D,0x05,0x01,,,,"Speed feedback = 1437 rpm"
305634,TX,0x201,3,0x90,0x90,0x00,0x00,,,,,"Set torque = 0"
305661,TX,0x201,3,0x90,0x90,0x00,0x00,,,,,"Set torque = 0"
305687,TX,0x201,3,0x90,0x90,0x00,0x00,,,,,"Set torque = 0"
305715,TX,0x201,3,0x90,0x90,0x00,0x00,,,,,"Set torque = 0"
305721,RX,0x181,6,0x40,0x40,0x11,0x41,0x80,0x02,0x0B,,"Status word = 0x4111"
305727,RX,0x181,4,0x30,0x30,0x36,0x04,0x01,,,,"Speed feedback = 1078 rpm"
305741,TX,0x201,3,0x90,0x90,0x00,0x00,,,,,"Set torque = 0"
305767,TX,0x201,3,0x90,0x90,0xB7,0x00,,,,,"Set torque = 183"
305793,TX,0x201,3,0x90,0x90,0x13,0x01,,,,,"Set torque = 275"
305819,TX,0x201,3,0x90,0x90,0xAC,0x01,,,,,"Set torque = 428"
305825,RX,0x181,6,0x40,0x40,0x11,0x41,0x80,0x02,0x0B,,"Status word = 0x4111"
305832,RX,0x181,4,0x30,0x30,0xF6,0x02,0x01,,,,"Speed feedback = 758 rpm"
305845,TX,0x201,3,0x90,0x90,0x99,0x00,,,,,"Set torque = 153"
305871,TX,0x201,3,0x90,0x90,0x00,0x00,,,,,"Set torque = 0"
305897,TX,0x201,3,0x90,0x90,0xDE,0x02,,,,,"Set torque = 734"
305920,RX,0x181,6,0x40,0x40,0x11,0x41,0x80,0x00,0x0B,,"Status word = 0x4111"
305926,TX,0x201,3,0x90,0x90,0x7A,0x00,,,,,"Set torque = 122"
305933,RX,0x181,4,0x30,0x30,0xCE,0x02,0x01,,,,"Speed feedback = 718 rpm"
305953,TX,0x201,3,0x90,0x90,0x00,0x00,,,,,"Set torque = 0"
305979,TX,0x201,3,0x90,0x90,0x27,0x02,,,,,"Set torque = 551"
306005,TX,0x201,3,0x90,0x90,0xD6,0x00,,,,,"Set torque = 214"
306019,RX,0x181,6,0x40,0x40,0x11,0x41,0x80,0x00,0x0B,,"Status word = 0x4111"
306026,RX,0x181,4,0x30,0x30,0x2F,0x02,0x01,,,,"Speed feedback = 559 rpm"
306033,TX,0x201,3,0x90,0x90,0xF4,0x00,,,,,"Set torque = 244"
306060,TX,0x201,3,0x90,0x90,0x00,0x00,,,,,"Set torque = 0"
306086,TX,0x201,3,0x90,0x90,0x5B,0x00,,,,,"Set torque = 91"
306112,TX,0x201,3,0x90,0x90,0x00,0x00,,,,,"Set torque = 0"
306119,RX,0x181,6,0x40,0x40,0x11,0x41,0x80,0x00,0x0B,,"Status word = 0x4111"
306129,RX,0x181,4,0x30,0x30,0x8F,0x01,0x01,,,,"Speed feedback = 399 rpm"
306138,TX,0x201,3,0x90,0x90,0x00,0x00,,,,,"Set torque = 0"
306164,TX,0x201,3,0x90,0x90,0x00,0x00,,,,,"Set torque = 0"
306190,TX,0x201,3,0x90,0x90,0x7A,0x00,,,,,"Set torque = 122"
306216,TX,0x201,3,0x90,0x90,0x00,0x00,,,,,"Set torque = 0"
306222,RX,0x181,6,0x40,0x40,0x11,0x41,0x80,0x00,0x0B,,"Status word = 0x4111"
306229,RX,0x181,4,0x30,0x30,0xC7,0x00,0x01,,,,"Speed feedback = 199 rpm"
306242,TX,0x201,3,0x90,0x90,0x00,0x00,,,,,"Set torque = 0"
306268,TX,0x201,3,0x90,0x90,0x3D,0x00,,,,,"Set torque = 61"
306294,TX,0x201,3,0x90,0x90,0x00,0x00,,,,,"Set torque = 0"
306319,RX,0x181,6,0x40,0x40,0x11,0x41,0x80,0x00,0x0B,,"Status word = 0x4111"
306326,TX,0x201,3,0x90,0x90,0xF4,0x00,,,,,"Set torque = 244"
306333,RX,0x181,4,0x30,0x30,0x27,0x00,0x01,,,,"Speed feedback = 39 rpm"
306353,TX,0x201,3,0x90,0x90,0x00,0x00,,,,,"Set torque = 0"
306379,TX,0x201,3,0x90,0x90,0x00,0x00,,,,,"Set torque = 0"
306405,TX,0x201,3,0x90,0x90,0x00,0x00,,,,,"Set torque = 0"
306419,RX,0x181,6,0x40,0x40,0x11,0x43,0x80,0x00,0x0B,,"Status word = 0x4311"
306426,RX,0x181,4,0x30,0x30,0x00,0x00,0x01,,,,"Speed feedback = 0 rpm"
306433,TX,0x201,3,0x90,0x90,0x00,0x00,,,,,"Set torque = 0"
306460,TX,0x201,3,0x90,0x90,0x1E,0x00,,,,,"Set torque = 30"
306486,TX,0x201,3,0x90,0x90,0x13,0x01,,,,,"Set torque = 275"
306512,TX,0x201,3,0x90,0x90,0x13,0x01,,,,,"Set torque = 275"
306519,RX,0x181,6,0x40,0x40,0x11,0x43,0x80,0x00,0x0B,,"Status word = 0x4311"
306526,RX,0x181,4,0x30,0x30,0x00,0x00,0x01,,,,"Speed feedback = 0 rpm"
306538,TX,0x201,3,0x90,0x90,0x4E,0x04,,,,,"Set torque = 1102"
306564,TX,0x201,3,0x90,0x90,0xAC,0x01,,,,,"Set torque = 428"
306590,TX,0x201,3,0x90,0x90,0x96,0x03,,,,,"Set torque = 918"
306616,TX,0x201,3,0x90,0x90,0x64,0x02,,,,,"Set torque = 612"
306623,RX,0x181,6,0x40,0x40,0x11,0x41,0x80,0x00,0x0B,,"Status word = 0x4111"
306629,RX,0x181,4,0x30,0x30,0x3F,0x01,0x01,,,,"Speed feedback = 319 rpm"
306643,TX,0x201,3,0x90,0x90,0x4E,0x04,,,,,"Set torque = 1102"
306669,TX,0x201,3,0x90,0x90,0xDE,0x02,,,,,"Set torque = 734"
306695,TX,0x201,3,0x90,0x90,0xC8,0x04,,,,,"Set torque = 1224"
306718,RX,0x181,6,0x40,0x40,0x11,0x41,0x80,0x02,0x0B,,"Status word = 0x4111"
306725,TX,0x201,3,0x90,0x90,0x96,0x03,,,,,"Set torque = 918"
306732,RX,0x181,4,0x30,0x30,0x46,0x03,0x01,,,,"Speed feedback = 838 rpm"
306752,TX,0x201,3,0x90,0x90,0x59,0x03,,,,,"Set torque = 857"
306779,TX,0x201,3,0x90,0x90,0x27,0x02,,,,,"Set torque = 551"
306805,TX,0x201,3,0x90,0x90,0x8B,0x04,,,,,"Set torque = 1163"
306818,RX,0x181,6,0x40,0x40,0x11,0x41,0x80,0x02,0x0B,,"Status word = 0x4111"
306825,RX,0x181,4,0x30,0x30,0x75,0x05,0x01,,,,"Speed feedback = 1397 rpm"
306832,TX,0x201,3,0x90,0x90,0x45,0x02,,,,,"Set torque = 581"
306859,TX,0x201,3,0x90,0x90,0xD3,0x03,,,,,"Set torque = 979"
306885,TX,0x201,3,0x90,0x90,0xAA,0x04,,,,,"Set torque = 1194"
306911,TX,0x201,3,0x90,0x90,0x1C,0x03,,,,,"Set torque = 796"
306918,RX,0x181,6,0x40,0x40,0x11,0x41,0x80,0x02,0x0B,,"Status word = 0x4111"
306925,RX,0x181,4,0x30,0x30,0x55,0x07,0x01,,,,"Speed feedback = 1877 rpm"
306937,TX,0x201,3,0x90,0x90,0xB5,0x03,,,,,"Set torque = 949"
306963,TX,0x201,3,0x90,0x90,0x83,0x02,,,,,"Set torque = 643"
306989,TX,0x201,3,0x90,0x90,0x3A,0x03,,,,,"Set torque = 826"
307015,TX,0x201,3,0x90,0x90,0x6D,0x04,,,,,"Set torque = 1133"
307021,RX,0x181,6,0x40,0x40,0x11,0x41,0x80,0x02,0x0B,,"Status word = 0x4111"
307028,RX,0x181,4,0x30,0x30,0x0C,0x09,0x01,,,,"Speed feedback = 2316 rpm"
307041,TX,0x201,3,0x90,0x90,0x62,0x05,,,,,"Set torque = 1378"
307067,TX,0x201,3,0x90,0x90,0x64,0x02,,,,,"Set torque = 612"
307094,TX,0x201,3,0x90,0x90,0xDE,0x02,,,,,"Set torque = 734"
307118,RX,0x181,6,0x40,0x40,0x11,0x41,0x80,0x02,0x0B,,"Status word = 0x4111"
307124,TX,0x201,3,0x90,0x90,0xFD,0x02,,,,,"Set torque = 765"
307131,RX,0x181,4,0x30,0x30,0x2B,0x0C,0x01,,,,"Speed feedback = 3115 rpm"
307151,TX,0x201,3,0x90,0x90,0x64,0x02,,,,,"Set torque = 612"
307177,TX,0x201,3,0x90,0x90,0x08,0x02,,,,,"Set torque = 520"
307203,TX,0x201,3,0x90,0x90,0x45,0x02,,,,,"Set torque = 581"
307218,RX,0x181,6,0x40,0x40,0x11,0x41,0x80,0x02,0x0B,,"Status word = 0x4111"
307224,RX,0x181,4,0x30,0x30,0x2B,0x0C,0x01,,,,"Speed feedback = 3115 rpm"
307232,TX,0x201,3,0x90,0x90,0xE9,0x01,,,,,"Set torque = 489"
307258,TX,0x201,3,0x90,0x90,0x99,0x00,,,,,"Set torque = 153"
307284,TX,0x201,3,0x90,0x90,0x00,0x00,,,,,"Set torque = 0"
307310,TX,0x201,3,0x90,0x90,0x00,0x00,,,,,"Set torque = 0"
307317,RX,0x181,6,0x40,0x40,0x11,0x41,0x80,0x02,0x0B,,"Status word = 0x4111"
307324,RX,0x181,4,0x30,0x30,0xB3,0x0B,0x01,,,,"Speed feedback = 2995 rpm"
307336,TX,0x201,3,0x90,0x90,0x1E,0x00,,,,,"Set torque = 30"
307362,TX,0x201,3,0x90,0x90,0x00,0x00,,,,,"Set torque = 0"
307388,TX,0x201,3,0x90,0x90,0x3D,0x00,,,,,"Set torque = 61"
307415,TX,0x201,3,0x90,0x90,0x00,0x00,,,,,"Set torque = 0"
307421,RX,0x181,6,0x40,0x40,0x11,0x41,0x80,0x02,0x0B,,"Status word = 0x4111"
307428,RX,0x181,4,0x30,0x30,0xC3,0x0A,0x01,,,,"Speed feedback = 2755 rpm"
307441,TX,0x201,3,0x90,0x90,0x00,0x00,,,,,"Set torque = 0"
307467,TX,0x201,3,0x90,0x90,0x00,0x00,,,,,"Set torque = 0"
307493,TX,0x201,3,0x90,0x90,0x00,0x00,,,,,"Set torque = 0"
307517,RX,0x181,6,0x40,0x40,0x11,0x41,0x80,0x02,0x0B,,"Status word = 0x4111"
307524,TX,0x201,3,0x90,0x90,0x00,0x00,,,,,"Set torque = 0"
307531,RX,0x181,4,0x30,0x30,0x94,0x08,0x01,,,,"Speed feedback = 2196 rpm"
307551,TX,0x201,3,0x90,0x90,0xD6,0x00,,,,,"Set torque = 214"
307577,TX,0x201,3,0x90,0x90,0x00,0x00,,,,,"Set torque = 0"
307603,TX,0x201,3,0x90,0x90,0x00,0x00,,,,,"Set torque = 0"
307617,RX,0x181,6,0x40,0x40,0x11,0x41,0x80,0x02,0x0B,,"Status word = 0x4111"
307624,RX,0x181,4,0x30,0x30,0xDD,0x06,0x01,,,,"Speed feedback = 1757 rpm"
307631,TX,0x201,3,0x90,0x90,0x3D,0x00,,,,,"Set torque = 61"
307657,TX,0x201,3,0x90,0x90,0xAC,0x01,,,,,"Set torque = 428"
307683,TX,0x201,3,0x90,0x90,0x00,0x00,,,,,"Set torque = 0"
307709,TX,0x201,3,0x90,0x90,0x3D,0x00,,,,,"Set torque = 61"
307717,RX,0x181,6,0x40,0x40,0x11,0x41,0x80,0x02,0x0B,,"Status word = 0x4111"
307724,RX,0x181,4,0x30,0x30,0xED,0x05,0x01,,,,"Speed feedback = 1517 rpm"
307736,TX,0x201,3,0x90,0x90,0x13,0x01,,,,,"Set torque = 275"
307762,TX,0x201,3,0x90,0x90,0xFD,0x02,,,,,"Set torque = 765"
307788,TX,0x201,3,0x90,0x90,0x00,0x00,,,,,"Set torque = 0"
307814,TX,0x201,3,0x90,0x90,0x13,0x01,,,,,"Set torque = 275"
307820,RX,0x181,6,0x40,0x40,0x11,0x41,0x80,0x02,0x0B,,"Status word = 0x4111"
307827,RX,0x181,4,0x30,0x30,0x5E,0x04,0x01,,,,"Speed feedback = 1118 rpm"
307840,TX,0x201,3,0x90,0x90,0xCB,0x01,,,,,"Set torque = 459"
307867,TX,0x201,3,0x90,0x90,0x7A,0x00,,,,,"Set torque = 122"
307893,TX,0x201,3,0x90,0x90,0xB7,0x00,,,,,"Set torque = 183"
307916,RX,0x181,6,0x40,0x40,0x11,0x41,0x80,0x02,0x0B,,"Status word = 0x4111"
307923,TX,0x201,3,0x90,0x90,0x27,0x02,,,,,"Set torque = 551"
307930,RX,0x181,4,0x30,0x30,0x86,0x04,0x01,,,,"Speed feedback = 1158 rpm"
307950,TX,0x201,3,0x90,0x90,0x3D,0x00,,,,,"Set torque = 61"
307976,TX,0x201,3,0x90,0x90,0x3A,0x03,,,,,"Set torque = 826"
308002,TX,0x201,3,0x90,0x90,0xB7,0x00,,,,,"Set torque = 183"
308016,RX,0x181,6,0x40,0x40,0x11,0x41,0x80,0x02,0x0B,,"Status word = 0x4111"
308023,RX,0x181,4,0x30,0x30,0x5E,0x04,0x01,,,,"Speed feedback = 1118 rpm"
308030,TX,0x201,3,0x90,0x90,0x00,0x00,,,,,"Set torque = 0"
308057,TX,0x201,3,0x90,0x90,0xC0,0x02,,,,,"Set torque = 704"
308083,TX,0x201,3,0x90,0x90,0x78,0x03,,,,,"Set torque = 888"
308109,TX,0x201,3,0x90,0x90,0x96,0x03,,,,,"Set torque = 918"
308116,RX,0x181,6,0x40,0x40,0x11,0x41,0x80,0x02,0x0B,,"Status word = 0x4111"
308123,RX,0x181,4,0x30,0x30,0x96,0x03,0x01,,,,"Speed feedback = 918 rpm"
308135,TX,0x201,3,0x90,0x90,0x27,0x02,,,,,"Set torque = 551"
308161,TX,0x201,3,0x90,0x90,0x13,0x01,,,,,"Set torque = 275"
308188,TX,0x201,3,0x90,0x90,0xCB,0x01,,,,,"Set torque = 459"
308214,TX,0x201,3,0x90,0x90,0xFD,0x02,,,,,"Set torque = 765"
308220,RX,0x181,6,0x40,0x40,0x11,0x41,0x80,0x02,0x0B,,"Status word = 0x4111"
308227,RX,0x181,4,0x30,0x30,0xAE,0x04,0x01,,,,"Speed feedback = 1198 rpm"
308240,TX,0x201,3,0x90,0x90,0x59,0x03,,,,,"Set torque = 857"
308266,TX,0x201,3,0x90,0x90,0x06,0x05,,,,,"Set torque = 1286"
308292,TX,0x201,3,0x90,0x90,0xC0,0x02,,,,,"Set torque = 704"
308316,RX,0x181,6,0x40,0x40,0x11,0x41,0x80,0x02,0x0B,,"Status word = 0x4111"
308323,TX,0x201,3,0x90,0x90,0x64,0x02,,,,,"Set torque = 612"
308330,RX,0x181,4,0x30,0x30,0xDD,0x06,0x01,,,,"Speed feedback = 1757 rpm"
308350,TX,0x201,3,0x90,0x90,0xDE,0x02,,,,,"Set torque = 734"
308376,TX,0x201,3,0x90,0x90,0x3A,0x03,,,,,"Set torque = 826"
308402,TX,0x201,3,0x90,0x90,0x1C,0x03,,,,,"Set torque = 796"
308416,RX,0x181,6,0x40,0x40,0x11,0x41,0x80,0x02,0x0B,,"Status word = 0x4111"
308423,RX,0x181,4,0x30,0x30,0x1C,0x08,0x01,,,,"Speed feedback = 2076 rpm"
308429,TX,0x201,3,0x90,0x90,0x1C,0x03,,,,,"Set torque = 796"
308456,TX,0x201,3,0x90,0x90,0x78,0x03,,,,,"Set torque = 888"
308482,TX,0x201,3,0x90,0x90,0x78,0x03,,,,,"Set torque = 888"
308509,TX,0x201,3,0x90,0x90,0x8E,0x01,,,,,"Set torque = 398"
308516,RX,0x181,6,0x40,0x40,0x11,0x41,0x80,0x02,0x0B,,"Status word = 0x4111"
308522,RX,0x181,4,0x30,0x30,0xFC,0x09,0x01,,,,"Speed feedback = 2556 rpm"
308535,TX,0x201,3,0x90,0x90,0x2F,0x04,,,,,"Set torque = 1071"
308561,TX,0x201,3,0x90,0x90,0x8E,0x01,,,,,"Set torque = 398"
308587,TX,0x201,3,0x90,0x90,0x6F,0x01,,,,,"Set torque = 367"
308613,TX,0x201,3,0x90,0x90,0x06,0x05,,,,,"Set torque = 1286"
308619,RX,0x181,6,0x40,0x40,0x11,0x41,0x80,0x02,0x0B,,"Status word = 0x4111"
308626,RX,0x181,4,0x30,0x30,0x13,0x0B,0x01,,,,"Speed feedback = 2835 rpm"
308639,TX,0x201,3,0x90,0x90,0x83,0x02,,,,,"Set torque = 643"
308665,TX,0x201,3,0x90,0x90,0x1C,0x03,,,,,"Set torque = 796"
308691,TX,0x201,3,0x90,0x90,0x27,0x02,,,,,"Set torque = 551"
308715,RX,0x181,6,0x40,0x40,0x11,0x41,0x80,0x02,0x0B,,"Status word = 0x4111"
308722,TX,0x201,3,0x90,0x90,0xCB,0x01,,,,,"Set torque = 459"
308729,RX,0x181,4,0x30,0x30,0x2B,0x0C,0x01,,,,"Speed feedback = 3115 rpm"
308749,TX,0x201,3,0x90,0x90,0x99,0x00,,,,,"Set torque = 153"
308775,TX,0x201,3,0x90,0x90,0x50,0x01,,,,,"Set torque = 336"
308801,TX,0x201,3,0x90,0x90,0x32,0x01,,,,,"Set torque = 306"
308815,RX,0x181,6,0x40,0x40,0x11,0x41,0x80,0x02,0x0B,,"Status word = 0x4111"
308822,RX,0x181,4,0x30,0x30,0xDB,0x0B,0x01,,,,"Speed feedback = 3035 rpm"
308829,TX,0x201,3,0x90,0x90,0x5B,0x00,,,,,"Set torque = 91"
308856,TX,0x201,3,0x90,0x90,0x00,0x00,,,,,"Set torque = 0"
308882,TX,0x201,3,0x90,0x90,0x32,0x01,,,,,"Set torque = 306"
308908,TX,0x201,3,0x90,0x90,0x99,0x00,,,,,"Set torque = 153"
308915,RX,0x181,6,0x40,0x40,0x11,0x41,0x80,0x02,0x0B,,"Status word = 0x4111"
308922,RX,0x181,4,0x30,0x30,0x9B,0x0A,0x01,,,,"Speed feedback = 2715 rpm"
308934,TX,0x201,3,0x90,0x90,0x50,0x01,,,,,"Set torque = 336"
308961,TX,0x201,3,0x90,0x90,0x00,0x00,,,,,"Set torque = 0"
308987,TX,0x201,3,0x90,0x90,0xCB,0x01,,,,,"Set torque = 459"
309013,TX,0x201,3,0x90,0x90,0x00,0x00,,,,,"Set torque = 0"
309021,RX,0x181,6,0x40,0x40,0x11,0x41,0x80,0x02,0x0B,,"Status word = 0x4111"
309028,RX,0x181,4,0x30,0x30,0xAC,0x09,0x01,,,,"Speed feedback = 2476 rpm"
309041,TX,0x201,3,0x90,0x90,0x32,0x01,,,,,"Set torque = 306"
309067,TX,0x201,3,0x90,0x90,0xF4,0x00,,,,,"Set torque = 244"
309093,TX,0x201,3,0x90,0x90,0x3A,0x03,,,,,"Set torque = 826"
309115,RX,0x181,6,0x40,0x40,0x11,0x41,0x80,0x02,0x0B,,"Status word = 0x4111"
309122,RX,0x181,4,0x30,0x30,0xE4,0x08,0x01,,,,"Speed feedback = 2276 rpm"
309128,TX,0x201,3,0x90,0x90,0x00,0x00,,,,,"Set torque = 0"
309155,TX,0x201,3,0x90,0x90,0xD6,0x00,,,,,"Set torque = 214"
309181,TX,0x201,3,0x90,0x90,0xD6,0x00,,,,,"Set torque = 214"
309207,TX,0x201,3,0x90,0x90,0x00,0x00,,,,,"Set torque = 0"
309214,RX,0x181,6,0x40,0x40,0x11,0x41,0x80,0x02,0x0B,,"Status word = 0x4111"
309221,RX,0x181,4,0x30,0x30,0x6C,0x08,0x01,,,,"Speed feedback = 2156 rpm"
309233,TX,0x201,3,0x90,0x90,0x7A,0x00,,,,,"Set torque = 122"
309259,TX,0x201,3,0x90,0x90,0x27,0x02,,,,,"Set torque = 551"
309286,TX,0x201,3,0x90,0x90,0xD6,0x00,,,,,"Set torque = 214"
309312,TX,0x201,3,0x90,0x90,0xB7,0x00,,,,,"Set torque = 183"
309318,RX,0x181,6,0x40,0x40,0x11,0x41,0x80,0x02,0x0B,,"Status word = 0x4111"
309326,RX,0x181,4,0x30,0x30,0x7D,0x07,0x01,,,,"Speed feedback = 1917 rpm"
309338,TX,0x201,3,0x90,0x90,0x00,0x00,,,,,"Set torque = 0"
309364,TX,0x201,3,0x90,0x90,0x6F,0x01,,,,,"Set torque = 367"
309390,TX,0x201,3,0x90,0x90,0xCB,0x01,,,,,"Set torque = 459"
309414,RX,0x181,6,0x40,0x40,0x11,0x41,0x80,0x02,0x0B,,"Status word = 0x4111"
309421,TX,0x201,3,0x90,0x90,0x5B,0x00,,,,,"Set torque = 91"
309428,RX,0x181,4,0x30,0x30,0x05,0x07,0x01,,,,"Speed feedback = 1797 rpm"
309448,TX,0x201,3,0x90,0x90,0x00,0x00,,,,,"Set torque = 0"
309474,TX,0x201,3,0x90,0x90,0x50,0x01,,,,,"Set torque = 336"
309500,TX,0x201,3,0x90,0x90,0x13,0x01,,,,,"Set torque = 275"
309514,RX,0x181,6,0x40,0x40,0x11,0x41,0x80,0x02,0x0B,,"Status word = 0x4111"
309521,RX,0x181,4,0x30,0x30,0xDD,0x06,0x01,,,,"Speed feedback = 1757 rpm"
309528,TX,0x201,3,0x90,0x90,0x00,0x00,,,,,"Set torque = 0"
309554,TX,0x201,3,0x90,0x90,0x99,0x00,,,,,"Set torque = 153"
309580,TX,0x201,3,0x90,0x90,0x1E,0x00,,,,,"Set torque = 30"
309607,TX,0x201,3,0x90,0x90,0x50,0x01,,,,,"Set torque = 336"
309614,RX,0x181,6,0x40,0x40,0x11,0x41,0x80,0x02,0x0B,,"Status word = 0x4111"
309621,RX,0x181,4,0x30,0x30,0x9D,0x05,0x01,,,,"Speed feedback = 1437 rpm"
309633,TX,0x201,3,0x90,0x90,0x1E,0x00,,,,,"Set torque = 30"
309659,TX,0x201,3,0x90,0x90,0x32,0x01,,,,,"Set torque = 306"
309685,TX,0x201,3,0x90,0x90,0x5B,0x00,,,,,"Set torque = 91"
309711,TX,0x201,3,0x90,0x90,0x99,0x00,,,,,"Set torque = 153"
309717,RX,0x181,6,0x40,0x40,0x11,0x41,0x80,0x02,0x0B,,"Status word = 0x4111"
309724,RX,0x181,4,0x30,0x30,0xAE,0x04,0x01,,,,"Speed feedback = 1198 rpm"
309737,TX,0x201,3,0x90,0x90,0x00,0x00,,,,,"Set torque = 0"
309763,TX,0x201,3,0x90,0x90,0x00,0x00,,,,,"Set torque = 0"
309789,TX,0x201,3,0x90,0x90,0x50,0x01,,,,,"Set torque = 336"
309813,RX,0x181,6,0x40,0x40,0x11,0x41,0x80,0x02,0x0B,,"Status word = 0x4111"
309820,TX,0x201,3,0x90,0x90,0x00,0x00,,,,,"Set torque = 0"
309827,RX,0x181,4,0x30,0x30,0xBE,0x03,0x01,,,,"Speed feedback = 958 rpm"
309847,TX,0x201,3,0x90,0x90,0x00,0x00,,,,,"Set torque = 0"
309873,TX,0x201,3,0x90,0x90,0x13,0x01,,,,,"Set torque = 275"
309899,TX,0x201,3,0x90,0x90,0xB7,0x00,,,,,"Set torque = 183"
309913,RX,0x181,6,0x40,0x40,0x11,0x41,0x80,0x02,0x0B,,"Status word = 0x4111"
309920,RX,0x181,4,0x30,0x30,0xF6,0x02,0x01,,,,"Speed feedback = 758 rpm"
309927,TX,0x201,3,0x90,0x90,0x00,0x00,,,,,"Set torque = 0"
309954,TX,0x201,3,0x90,0x90,0x1E,0x00,,,,,"Set torque = 30"
309980,TX,0x201,3,0x90,0x90,0x13,0x01,,,,,"Set torque = 275"
310006,TX,0x201,3,0x90,0x90,0x00,0x00,,,,,"Set torque = 0"
310013,RX,0x181,6,0x40,0x40,0x11,0x41,0x80,0x00,0x0B,,"Status word = 0x4111"
310020,RX,0x181,4,0x30,0x30,0x2F,0x02,0x01,,,,"Speed feedback = 559 rpm"
310032,TX,0x201,3,0x90,0x90,0xAC,0x01,,,,,"Set torque = 428"
310059,TX,0x201,3,0x90,0x90,0xAC,0x01,,,,,"Set torque = 428"
310085,TX,0x201,3,0x90,0x90,0xA1,0x02,,,,,"Set torque = 673"
310111,TX,0x201,3,0x90,0x90,0x00,0x00,,,,,"Set torque = 0"
310117,RX,0x181,6,0x40,0x40,0x11,0x41,0x80,0x00,0x0B,,"Status word = 0x4111"
310124,RX,0x181,4,0x30,0x30,0xA6,0x02,0x01,,,,"Speed feedback = 678 rpm"
310137,TX,0x201,3,0x90,0x90,0xB7,0x00,,,,,"Set torque = 183"
310163,TX,0x201,3,0x90,0x90,0x1C,0x03,,,,,"Set torque = 796"
310189,TX,0x201,3,0x90,0x90,0x00,0x00,,,,,"Set torque = 0"
310213,RX,0x181,6,0x40,0x40,0x11,0x41,0x80,0x00,0x0B,,"Status word = 0x4111"
310220,RX,0x181,4,0x30,0x30,0x57,0x02,0x01,,,,"Speed feedback = 599 rpm"
310227,TX,0x201,3,0x90,0x90,0x5B,0x00,,,,,"Set torque = 91"
310253,TX,0x201,3,0x90,0x90,0x32,0x01,,,,,"Set torque = 306"
310279,TX,0x201,3,0x90,0x90,0xAC,0x01,,,,,"Set torque = 428"
310305,TX,0x201,3,0x90,0x90,0x99,0x00,,,,,"Set torque = 153"
310313,RX,0x181,6,0x40,0x40,0x11,0x41,0x80,0x00,0x0B,,"Status word = 0x4111"
310320,RX,0x181,4,0x30,0x30,0x57,0x02,0x01,,,,"Speed feedback = 599 rpm"
310331,TX,0x201,3,0x90,0x90,0x50,0x01,,,,,"Set torque = 336"
310357,TX,0x201,3,0x90,0x90,0x32,0x01,,,,,"Set torque = 306"
310384,TX,0x201,3,0x90,0x90,0x8E,0x01,,,,,"Set torque = 398"
310412,RX,0x181,6,0x40,0x40,0x11,0x41,0x80,0x00,0x0B,,"Status word = 0x4111"
310419,TX,0x201,3,0x90,0x90,0xAC,0x01,,,,,"Set torque = 428"
310426,RX,0x181,4,0x30,0x30,0x7F,0x02,0x01,,,,"Speed feedback = 639 rpm"
310446,TX,0x201,3,0x90,0x90,0xF2,0x03,,,,,"Set torque = 1010"
310472,TX,0x201,3,0x90,0x90,0xB5,0x03,,,,,"Set torque = 949"
310498,TX,0x201,3,0x90,0x90,0x59,0x03,,,,,"Set torque = 857"
310512,RX,0x181,6,0x40,0x40,0x11,0x41,0x80,0x02,0x0B,,"Status word = 0x4111"
310519,RX,0x181,4,0x30,0x30,0x96,0x03,0x01,,,,"Speed feedback = 918 rpm"
310526,TX,0x201,3,0x90,0x90,0x64,0x02,,,,,"Set torque = 612"
310553,TX,0x201,3,0x90,0x90,0xAA,0x04,,,,,"Set torque = 1194"
310579,TX,0x201,3,0x90,0x90,0x78,0x03,,,,,"Set torque = 888"
310605,TX,0x201,3,0x90,0x90,0xC0,0x02,,,,,"Set torque = 704"
310612,RX,0x181,6,0x40,0x40,0x11,0x41,0x80,0x02,0x0B,,"Status word = 0x4111"
310619,RX,0x181,4,0x30,0x30,0x9D,0x05,0x01,,,,"Speed feedback = 1437 rpm"
310631,TX,0x201,3,0x90,0x90,0xD6,0x00,,,,,"Set torque = 214"
310657,TX,0x201,3,0x90,0x90,0x3A,0x03,,,,,"Set torque = 826"
310684,TX,0x201,3,0x90,0x90,0xD3,0x03,,,,,"Set torque = 979"
310710,TX,0x201,3,0x90,0x90,0x24,0x05,,,,,"Set torque = 1316"
310716,RX,0x181,6,0x40,0x40,0x11,0x41,0x80,0x02,0x0B,,"Status word = 0x4111"
310723,RX,0x181,4,0x30,0x30,0xDD,0x06,0x01,,,,"Speed feedback = 1757 rpm"
310736,TX,0x201,3,0x90,0x90,0x83,0x02,,,,,"Set torque = 643"
310762,TX,0x201,3,0x90,0x90,0xC0,0x02,,,,,"Set torque = 704"
310788,TX,0x201,3,0x90,0x90,0x27,0x02,,,,,"Set torque = 551"
310812,RX,0x181,6,0x40,0x40,0x11,0x41,0x80,0x02,0x0B,,"Status word = 0x4111"
310819,TX,0x201,3,0x90,0x90,0x96,0x03,,,,,"Set torque = 918"
310826,RX,0x181,4,0x30,0x30,0x34,0x09,0x01,,,,"Speed feedback = 2356 rpm"
310846,TX,0x201,3,0x90,0x90,0x78,0x03,,,,,"Set torque = 888"
310872,TX,0x201,3,0x90,0x90,0x83,0x02,,,,,"Set torque = 643"
310898,TX,0x201,3,0x90,0x90,0x4E,0x04,,,,,"Set torque = 1102"
310912,RX,0x181,6,0x40,0x40,0x11,0x41,0x80,0x02,0x0B,,"Status word = 0x4111"
310919,RX,0x181,4,0x30,0x30,0x9B,0x0A,0x01,,,,"Speed feedback = 2715 rpm"
310925,TX,0x201,3,0x90,0x90,0xB5,0x03,,,,,"Set torque = 949"
310952,TX,0x201,3,0x90,0x90,0xA1,0x02,,,,,"Set torque = 673"
310978,TX,0x201,3,0x90,0x90,0x11,0x04,,,,,"Set torque = 1041"
311005,TX,0x201,3,0x90,0x90,0x6D,0x04,,,,,"Set torque = 1133"
311012,RX,0x181,6,0x40,0x40,0x11,0x41,0x80,0x02,0x0B,,"Status word = 0x4111"
311018,RX,0x181,4,0x30,0x30,0xB3,0x0B,0x01,,,,"Speed feedback = 2995 rpm"
311031,TX,0x201,3,0x90,0x90,0x3A,0x03,,,,,"Set torque = 826"
311057,TX,0x201,3,0x90,0x90,0x59,0x03,,,,,"Set torque = 857"
311083,TX,0x201,3,0x90,0x90,0xFD,0x02,,,,,"Set torque = 765"
311109,TX,0x201,3,0x90,0x90,0x13,0x01,,,,,"Set torque = 275"
311115,RX,0x181,6,0x40,0x40,0x11,0x41,0x80,0x02,0x0B,,"Status word = 0x4111"
311122,RX,0x181,4,0x30,0x30,0x92,0x0D,0x01,,,,"Speed feedback = 3474 rpm"
311135,TX,0x201,3,0x90,0x90,0xD3,0x03,,,,,"Set torque = 979"
311161,TX,0x201,3,0x90,0x90,0x45,0x02,,,,,"Set torque = 581"
311187,TX,0x201,3,0x90,0x90,0xC0,0x02,,,,,"Set torque = 704"
311211,RX,0x181,6,0x40,0x40,0x11,0x41,0x80,0x02,0x0B,,"Status word = 0x4111"
311218,TX,0x201,3,0x90,0x90,0xFD,0x02,,,,,"Set torque = 765"
311225,RX,0x181,4,0x30,0x30,0x82,0x0E,0x01,,,,"Speed feedback = 3714 rpm"
311245,TX,0x201,3,0x90,0x90,0xAC,0x01,,,,,"Set torque = 428"
311271,TX,0x201,3,0x90,0x90,0x45,0x02,,,,,"Set torque = 581"
311297,TX,0x201,3,0x90,0x90,0x1E,0x00,,,,,"Set torque = 30"
311311,RX,0x181,6,0x40,0x40,0x11,0x41,0x80,0x02,0x0B,,"Status word = 0x4111"
311318,RX,0x181,4,0x30,0x30,0x82,0x0E,0x01,,,,"Speed feedback = 3714 rpm"
311325,TX,0x201,3,0x90,0x90,0x5B,0x00,,,,,"Set torque = 91"
311352,TX,0x201,3,0x90,0x90,0xCB,0x01,,,,,"Set torque = 459"
311378,TX,0x201,3,0x90,0x90,0x08,0x02,,,,,"Set torque = 520"
311404,TX,0x201,3,0x90,0x90,0x64,0x02,,,,,"Set torque = 612"
311411,RX,0x181,6,0x40,0x40,0x11,0x41,0x80,0x02,0x0B,,"Status word = 0x4111"
311418,RX,0x181,4,0x30,0x30,0x0A,0x0E,0x01,,,,"Speed feedback = 3594 rpm"
311430,TX,0x201,3,0x90,0x90,0x3D,0x00,,,,,"Set torque = 61"
311457,TX,0x201,3,0x90,0x90,0x08,0x02,,,,,"Set torque = 520"
311483,TX,0x201,3,0x90,0x90,0x6F,0x01,,,,,"Set torque = 367"
311509,TX,0x201,3,0x90,0x90,0x08,0x02,,,,,"Set torque = 520"
311515,RX,0x181,6,0x40,0x40,0x11,0x41,0x80,0x02,0x0B,,"Status word = 0x4111"
311522,RX,0x181,4,0x30,0x30,0xBA,0x0D,0x01,,,,"Speed feedback = 3514 rpm"
311535,TX,0x201,3,0x90,0x90,0x32,0x01,,,,,"Set torque = 306"
311561,TX,0x201,3,0x90,0x90,0xF4,0x00,,,,,"Set torque = 244"
311587,TX,0x201,3,0x90,0x90,0x00,0x00,,,,,"Set torque = 0"
311611,RX,0x181,6,0x40,0x40,0x11,0x41,0x80,0x02,0x0B,,"Status word = 0x4111"
311618,RX,0x181,4,0x30,0x30,0x1A,0x0D,0x01,,,,"Speed feedback = 3354 rpm"
311625,TX,0x201,3,0x90,0x90,0xCB,0x01,,,,,"Set torque = 459"
311651,TX,0x201,3,0x90,0x90,0xFD,0x02,,,,,"Set torque = 765"
311677,TX,0x201,3,0x90,0x90,0x99,0x00,,,,,"Set torque = 153"
311703,TX,0x201,3,0x90,0x90,0x6F,0x01,,,,,"Set torque = 367"
311710,RX,0x181,6,0x40,0x40,0x11,0x41,0x80,0x02,0x0B,,"Status word = 0x4111"
311717,RX,0x181,4,0x30,0x30,0xCA,0x0C,0x01,,,,"Speed feedback = 3274 rpm"
311729,TX,0x201,3,0x90,0x90,0xB7,0x00,,,,,"Set torque = 183"
311755,TX,0x201,3,0x90,0x90,0x50,0x01,,,,,"Set torque = 336"
311782,TX,0x201,3,0x90,0x90,0x50,0x01,,,,,"Set torque = 336"
311808,TX,0x201,3,0x90,0x90,0x6F,0x01,,,,,"Set torque = 367"
311814,RX,0x181,6,0x40,0x40,0x11,0x41,0x80,0x02,0x0B,,"Status word = 0x4111"
311821,RX,0x181,4,0x30,0x30,0xB3,0x0B,0x01,,,,"Speed feedback = 2995 rpm"
311834,TX,0x201,3,0x90,0x90,0x1E,0x00,,,,,"Set torque = 30"
311860,TX,0x201,3,0x90,0x90,0x6F,0x01,,,,,"Set torque = 367"
311886,TX,0x201,3,0x90,0x90,0x5B,0x00,,,,,"Set torque = 91"
311910,RX,0x181,6,0x40,0x40,0x11,0x41,0x80,0x02,0x0B,,"Status word = 0x4111"
311917,TX,0x201,3,0x90,0x90,0xCB,0x01,,,,,"Set torque = 459"
311924,RX,0x181,4,0x30,0x30,0x73,0x0A,0x01,,,,"Speed feedback = 2675 rpm"
311944,TX,0x201,3,0x90,0x90,0x00,0x00,,,,,"Set torque = 0"
311970,TX,0x201,3,0x90,0x90,0x6F,0x01,,,,,"Set torque = 367"
311996,TX,0x201,3,0x90,0x90,0xAC,0x01,,,,,"Set torque = 428"
312010,RX,0x181,6,0x40,0x40,0x11,0x41,0x80,0x02,0x0B,,"Status word = 0x4111"
312017,RX,0x181,4,0x30,0x30,0x84,0x09,0x01,,,,"Speed feedback = 2436 rpm"
312024,TX,0x201,3,0x90,0x90,0x3D,0x00,,,,,"Set torque = 61"
312050,TX,0x201,3,0x90,0x90,0x00,0x00,,,,,"Set torque = 0"
312076,TX,0x201,3,0x90,0x90,0xCB,0x01,,,,,"Set torque = 459"
312103,TX,0x201,3,0x90,0x90,0xB5,0x03,,,,,"Set torque = 949"
312110,RX,0x181,6,0x40,0x40,0x11,0x41,0x80,0x02,0x0B,,"Status word = 0x4111"
312117,RX,0x181,4,0x30,0x30,0x6C,0x08,0x01,,,,"Speed feedback = 2156 rpm"
312129,TX,0x201,3,0x90,0x90,0x00,0x00,,,,,"Set torque = 0"
312155,TX,0x201,3,0x90,0x90,0xAC,0x01,,,,,"Set torque = 428"
312181,TX,0x201,3,0x90,0x90,0xE9,0x01,,,,,"Set torque = 489"
312207,TX,0x201,3,0x90,0x90,0x5B,0x00,,,,,"Set torque = 91"
312213,RX,0x181,6,0x40,0x40,0x11,0x41,0x80,0x02,0x0B,,"Status word = 0x4111"
312220,RX,0x181,4,0x30,0x30,0x0C,0x09,0x01,,,,"Speed feedback = 2316 rpm"
312233,TX,0x201,3,0x90,0x90,0x7A,0x00,,,,,"Set torque = 122"
312259,TX,0x201,3,0x90,0x90,0xF4,0x00,,,,,"Set torque = 244"
312285,TX,0x201,3,0x90,0x90,0x13,0x01,,,,,"Set torque = 275"
312309,RX,0x181,6,0x40,0x40,0x11,0x41,0x80,0x02,0x0B,,"Status word = 0x4111"
312316,TX,0x201,3,0x90,0x90,0xD6,0x00,,,,,"Set torque = 214"
312323,RX,0x181,4,0x30,0x30,0xE4,0x08,0x01,,,,"Speed feedback = 2276 rpm"
312343,TX,0x201,3,0x90,0x90,0x7A,0x00,,,,,"Set torque = 122"
312369,TX,0x201,3,0x90,0x90,0x00,0x00,,,,,"Set torque = 0"
312395,TX,0x201,3,0x90,0x90,0x7A,0x00,,,,,"Set torque = 122"
312409,RX,0x181,6,0x40,0x40,0x11,0x41,0x80,0x02,0x0B,,"Status word = 0x4111"
312416,RX,0x181,4,0x30,0x30,0x55,0x07,0x01,,,,"Speed feedback = 1877 rpm"
312423,TX,0x201,3,0x90,0x90,0xD6,0x00,,,,,"Set torque = 214"
312450,TX,0x201,3,0x90,0x90,0x64,0x02,,,,,"Set torque = 612"
312476,TX,0x201,3,0x90,0x90,0xCB,0x01,,,,,"Set torque = 459"
312502,TX,0x201,3,0x90,0x90,0xE9,0x01,,,,,"Set torque = 489"
312509,RX,0x181,6,0x40,0x40,0x11,0x41,0x80,0x02,0x0B,,"Status word = 0x4111"
312516,RX,0x181,4,0x30,0x30,0xB5,0x06,0x01,,,,"Speed feedback = 1717 rpm"
312528,TX,0x201,3,0x90,0x90,0x00,0x00,,,,,"Set torque = 0"
312555,TX,0x201,3,0x90,0x90,0x45,0x02,,,,,"Set torque = 581"
312581,TX,0x201,3,0x90,0x90,0x13,0x01,,,,,"Set torque = 275"
312607,TX,0x201,3,0x90,0x90,0x7A,0x00,,,,,"Set torque = 122"
312613,RX,0x181,6,0x40,0x40,0x11,0x41,0x80,0x02,0x0B,,"Status word = 0x4111"
312620,RX,0x181,4,0x30,0x30,0x3D,0x06,0x01,,,,"Speed feedback = 1597 rpm"
312633,TX,0x201,3,0x90,0x90,0x13,0x01,,,,,"Set torque = 275"
312659,TX,0x201,3,0x90,0x90,0x99,0x00,,,,,"Set torque = 153"
312685,TX,0x201,3,0x90,0x90,0x1E,0x00,,,,,"Set torque = 30"
312709,RX,0x181,6,0x40,0x40,0x11,0x41,0x80,0x02,0x0B,,"Status word = 0x4111"
312716,RX,0x181,4,0x30,0x30,0x75,0x05,0x01,,,,"Speed feedback = 1397 rpm"
312723,TX,0x201,3,0x90,0x90,0x45,0x02,,,,,"Set torque = 581"
312750,TX,0x201,3,0x90,0x90,0x50,0x01,,,,,"Set torque = 336"
312776,TX,0x201,3,0x90,0x90,0x8E,0x01,,,,,"Set torque = 398"
312802,TX,0x201,3,0x90,0x90,0xC0,0x02,,,,,"Set torque = 704"
312809,RX,0x181,6,0x40,0x40,0x11,0x41,0x80,0x02,0x0B,,"Status word = 0x4111"
312816,RX,0x181,4,0x30,0x30,0xD6,0x04,0x01,,,,"Speed feedback = 1238 rpm"
312828,TX,0x201,3,0x90,0x90,0xE9,0x01,,,,,"Set torque = 489"
312854,TX,0x201,3,0x90,0x90,0x27,0x02,,,,,"Set torque = 551"
312881,TX,0x201,3,0x90,0x90,0x24,0x05,,,,,"Set torque = 1316"
312907,TX,0x201,3,0x90,0x90,0xDE,0x02,,,,,"Set torque = 734"
312913,RX,0x181,6,0x40,0x40,0x11,0x41,0x80,0x02,0x0B,,"Status word = 0x4111"
312920,RX,0x181,4,0x30,0x30,0xC5,0x05,0x01,,,,"Speed feedback = 1477 rpm"
312933,TX,0x201,3,0x90,0x90,0xAC,0x01,,,,,"Set torque = 428"
312959,TX,0x201,3,0x90,0x90,0xE9,0x01,,,,,"Set torque = 489"
312985,TX,0x201,3,0x90,0x90,0xD3,0x03,,,,,"Set torque = 979"
313008,RX,0x181,6,0x40,0x40,0x11,0x41,0x80,0x02,0x0B,,"Status word = 0x4111"
313015,TX,0x201,3,0x90,0x90,0xC0,0x02,,,,,"Set torque = 704"
313022,RX,0x181,4,0x30,0x30,0xDD,0x06,0x01,,,,"Speed feedback = 1757 rpm"
313042,TX,0x201,3,0x90,0x90,0x7A,0x00,,,,,"Set torque = 122"
313068,TX,0x201,3,0x90,0x90,0xDE,0x02,,,,,"Set torque = 734"
313094,TX,0x201,3,0x90,0x90,0x45,0x02,,,,,"Set torque = 581"
313108,RX,0x181,6,0x40,0x40,0x11,0x41,0x80,0x02,0x0B,,"Status word = 0x4111"
313115,RX,0x181,4,0x30,0x30,0xCC,0x07,0x01,,,,"Speed feedback = 1996 rpm"
313122,TX,0x201,3,0x90,0x90,0x2F,0x04,,,,,"Set torque = 1071"
313149,TX,0x201,3,0x90,0x90,0x45,0x02,,,,,"Set torque = 581"
313175,TX,0x201,3,0x90,0x90,0x64,0x02,,,,,"Set torque = 612"
313202,TX,0x201,3,0x90,0x90,0x32,0x01,,,,,"Set torque = 306"
313208,RX,0x181,6,0x40,0x40,0x11,0x41,0x80,0x02,0x0B,,"Status word = 0x4111"
313215,RX,0x181,4,0x30,0x30,0xBC,0x08,0x01,,,,"Speed feedback = 2236 rpm"
313228,TX,0x201,3,0x90,0x90,0xCB,0x01,,,,,"Set torque = 459"
313254,TX,0x201,3,0x90,0x90,0xF4,0x00,,,,,"Set torque = 244"
313280,TX,0x201,3,0x90,0x90,0x96,0x03,,,,,"Set torque = 918"
313306,TX,0x201,3,0x90,0x90,0x08,0x02,,,,,"Set torque = 520"
313312,RX,0x181,6,0x40,0x40,0x11,0x41,0x80,0x02,0x0B,,"Status word = 0x4111"
313319,RX,0x181,4,0x30,0x30,0x94,0x08,0x01,,,,"Speed feedback = 2196 rpm"
313332,TX,0x201,3,0x90,0x90,0x64,0x02,,,,,"Set torque = 612"
313358,TX,0x201,3,0x90,0x90,0xD3,0x03,,,,,"Set torque = 979"
313384,TX,0x201,3,0x90,0x90,0xF4,0x00,,,,,"Set torque = 244"
313408,RX,0x181,6,0x40,0x40,0x11,0x41,0x80,0x02,0x0B,,"Status word = 0x4111"
313415,TX,0x201,3,0x90,0x90,0x64,0x02,,,,,"Set torque = 612"
313421,RX,0x181,4,0x30,0x30,0x5C,0x09,0x01,,,,"Speed feedback = 2396 rpm"
313441,TX,0x201,3,0x90,0x90,0xB7,0x00,,,,,"Set torque = 183"
313467,TX,0x201,3,0x90,0x90,0xCB,0x01,,,,,"Set torque = 459"
313493,TX,0x201,3,0x90,0x90,0xD6,0x00,,,,,"Set torque = 214"
313508,RX,0x181,6,0x40,0x40,0x11,0x41,0x80,0x02,0x0B,,"Status word = 0x4111"
313515,RX,0x181,4,0x30,0x30,0x5C,0x09,0x01,,,,"Speed feedback = 2396 rpm"
313521,TX,0x201,3,0x90,0x90,0x64,0x02,,,,,"Set torque = 612"
313548,TX,0x201,3,0x90,0x90,0x6F,0x01,,,,,"Set torque = 367"
313574,TX,0x201,3,0x90,0x90,0x7A,0x00,,,,,"Set torque = 122"
313600,TX,0x201,3,0x90,0x90,0x00,0x00,,,,,"Set torque = 0"
313608,RX,0x181,6,0x40,0x40,0x11,0x41,0x80,0x02,0x0B,,"Status word = 0x4111"
313614,RX,0x181,4,0x30,0x30,0x6C,0x08,0x01,,,,"Speed feedback = 2156 rpm"
313628,TX,0x201,3,0x90,0x90,0x32,0x01,,,,,"Set torque = 306"
313654,TX,0x201,3,0x90,0x90,0x00,0x00,,,,,"Set torque = 0"
313680,TX,0x201,3,0x90,0x90,0x00,0x00,,,,,"Set torque = 0"
313706,TX,0x201,3,0x90,0x90,0x00,0x00,,,,,"Set torque = 0"
313712,RX,0x181,6,0x40,0x40,0x11,0x41,0x80,0x02,0x0B,,"Status word = 0x4111"
313719,RX,0x181,4,0x30,0x30,0x94,0x08,0x01,,,,"Speed feedback = 2196 rpm"
313732,TX,0x201,3,0x90,0x90,0x00,0x00,,,,,"Set torque = 0"
313758,TX,0x201,3,0x90,0x90,0x00,0x00,,,,,"Set torque = 0"
313784,TX,0x201,3,0x90,0x90,0x00,0x00,,,,,"Set torque = 0"
313807,RX,0x181,6,0x40,0x40,0x11,0x41,0x80,0x02,0x0B,,"Status word = 0x4111"
313814,TX,0x201,3,0x90,0x90,0x00,0x00,,,,,"Set torque = 0"
313821,RX,0x181,4,0x30,0x30,0x3D,0x06,0x01,,,,"Speed feedback = 1597 rpm"
313841,TX,0x201,3,0x90,0x90,0x00,0x00,,,,,"Set torque = 0"
313867,TX,0x201,3,0x90,0x90,0x00,0x00,,,,,"Set torque = 0"
313893,TX,0x201,3,0x90,0x90,0x00,0x00,,,,,"Set torque = 0"
313907,RX,0x181,6,0x40,0x40,0x11,0x41,0x80,0x02,0x0B,,"Status word = 0x4111"
313914,RX,0x181,4,0x30,0x30,0xFE,0x04,0x01,,,,"Speed feedback = 1278 rpm"
313921,TX,0x201,3,0x90,0x90,0x00,0x00,,,,,"Set torque = 0"
313948,TX,0x201,3,0x90,0x90,0x00,0x00,,,,,"Set torque = 0"
313974,TX,0x201,3,0x90,0x90,0x00,0x00,,,,,"Set torque = 0"
314000,TX,0x201,3,0x90,0x90,0x00,0x00,,,,,"Set torque = 0"
314007,RX,0x181,6,0x40,0x40,0x11,0x41,0x80,0x02,0x0B,,"Status word = 0x4111"
314014,RX,0x181,4,0x30,0x30,0x46,0x03,0x01,,,,"Speed feedback = 838 rpm"
314026,TX,0x201,3,0x90,0x90,0x00,0x00,,,,,"Set torque = 0"
314052,TX,0x201,3,0x90,0x90,0x00,0x00,,,,,"Set torque = 0"
314078,TX,0x201,3,0x90,0x90,0x00,0x00,,,,,"Set torque = 0"
314104,TX,0x201,3,0x90,0x90,0x00,0x00,,,,,"Set torque = 0"
314111,RX,0x181,6,0x40,0x40,0x11,0x41,0x80,0x00,0x0B,,"Status word = 0x4111"
314117,RX,0x181,4,0x30,0x30,0x07,0x02,0x01,,,,"Speed feedback = 519 rpm"
314131,TX,0x201,3,0x90,0x90,0x00,0x00,,,,,"Set torque = 0"
314157,TX,0x201,3,0x90,0x90,0x00,0x00,,,,,"Set torque = 0"
314183,TX,0x201,3,0x90,0x90,0x00,0x00,,,,,"Set torque = 0"
314206,RX,0x181,6,0x40,0x40,0x11,0x41,0x80,0x00,0x0B,,"Status word = 0x4111"
314213,TX,0x201,3,0x90,0x90,0x00,0x00,,,,,"Set torque = 0"
314220,RX,0x181,4,0x30,0x30,0xEF,0x00,0x01,,,,"Speed feedback = 239 rpm"
314240,TX,0x201,3,0x90,0x90,0x00,0x00,,,,,"Set torque = 0"
314267,TX,0x201,3,0x90,0x90,0x00,0x00,,,,,"Set torque = 0"
314293,TX,0x201,3,0x90,0x90,0x00,0x00,,,,,"Set torque = 0"
314306,RX,0x181,6,0x40,0x40,0x11,0x41,0x80,0x00,0x0B,,"Status word = 0x4111"
314313,RX,0x181,4,0x30,0x30,0x4F,0x00,0x01,,,,"Speed feedback = 79 rpm"
314320,TX,0x201,3,0x90,0x90,0x00,0x00,,,,,"Set torque = 0"
314347,TX,0x201,3,0x90,0x90,0x00,0x00,,,,,"Set torque = 0"
314373,TX,0x201,3,0x90,0x90,0x00,0x00,,,,,"Set torque = 0"
314399,TX,0x201,3,0x90,0x90,0x00,0x00,,,,,"Set torque = 0"
314406,RX,0x181,6,0x40,0x40,0x11,0x41,0x80,0x00,0x0B,,"Status word = 0x4111"
314413,RX,0x181,4,0x30,0x30,0x27,0x00,0x01,,,,"Speed feedback = 39 rpm"
314425,TX,0x201,3,0x90,0x90,0x00,0x00,,,,,"Set torque = 0"
314451,TX,0x201,3,0x90,0x90,0x00,0x00,,,,,"Set torque = 0"
314477,TX,0x201,3,0x90,0x90,0x00,0x00,,,,,"Set torque = 0"
314503,TX,0x201,3,0x90,0x90,0x00,0x00,,,,,"Set torque = 0"
314509,RX,0x181,6,0x40,0x40,0x11,0x41,0x80,0x00,0x0B,,"Status word = 0x4111"
314516,RX,0x181,4,0x30,0x30,0x27,0x00,0x01,,,,"Speed feedback = 39 rpm"
314529,TX,0x201,3,0x90,0x90,0x00,0x00,,,,,"Set torque = 0"
314555,TX,0x201,3,0x90,0x90,0x00,0x00,,,,,"Set torque = 0"
314582,TX,0x201,3,0x90,0x90,0x00,0x00,,,,,"Set torque = 0"
314606,RX,0x181,6,0x40,0x40,0x11,0x43,0x80,0x00,0x0B,,"Status word = 0x4311"
314613,TX,0x201,3,0x90,0x90,0x00,0x00,,,,,"Set torque = 0"
314619,RX,0x181,4,0x30,0x30,0x00,0x00,0x01,,,,"Speed feedback = 0 rpm"
314639,TX,0x201,3,0x90,0x90,0x00,0x00,,,,,"Set torque = 0"
314665,TX,0x201,3,0x90,0x90,0x00,0x00,,,,,"Set torque = 0"
314694,TX,0x201,3,0x90,0x90,0x00,0x00,,,,,"Set torque = 0"
314706,RX,0x181,6,0x40,0x40,0x11,0x43,0x80,0x00,0x0B,,"Status word = 0x4311"
314713,RX,0x181,4,0x30,0x30,0x00,0x00,0x01,,,,"Speed feedback = 0 rpm"
314720,TX,0x201,3,0x90,0x90,0x00,0x00,,,,,"Set torque = 0"
314746,TX,0x201,3,0x90,0x90,0x00,0x00,,,,,"Set torque = 0"
314772,TX,0x201,3,0x90,0x90,0x00,0x00,,,,,"Set torque = 0"
314798,TX,0x201,3,0x90,0x90,0x00,0x00,,,,,"Set torque = 0"
314806,RX,0x181,6,0x40,0x40,0x11,0x43,0x80,0x00,0x0B,,"Status word = 0x4311"
314812,RX,0x181,4,0x30,0x30,0x00,0x00,0x01,,,,"Speed feedback = 0 rpm"
314824,TX,0x201,3,0x90,0x90,0x00,0x00,,,,,"Set torque = 0"
314850,TX,0x201,3,0x90,0x90,0x00,0x00,,,,,"Set torque = 0"
314877,TX,0x201,3,0x90,0x90,0x00,0x00,,,,,"Set torque = 0"
314903,TX,0x201,3,0x90,0x90,0x00,0x00,,,,,"Set torque = 0"
314909,RX,0x181,6,0x40,0x40,0x11,0x43,0x80,0x00,0x0B,,"Status word = 0x4311"
314916,RX,0x181,4,0x30,0x30,0x00,0x00,0x01,,,,"Speed feedback = 0 rpm"
314929,TX,0x201,3,0x90,0x90,0x00,0x00,,,,,"Set torque = 0"
314955,TX,0x201,3,0x90,0x90,0x00,0x00,,,,,"Set torque = 0"
314981,TX,0x201,3,0x90,0x90,0x00,0x00,,,,,"Set torque = 0"
315005,RX,0x181,6,0x40,0x40,0x11,0x43,0x80,0x00,0x0B,,"Status word = 0x4311"
315012,TX,0x201,3,0x90,0x90,0x00,0x00,,,,,"Set torque = 0"
315019,RX,0x181,4,0x30,0x30,0x00,0x00,0x01,,,,"Speed feedback = 0 rpm"
315039,TX,0x201,3,0x90,0x90,0x00,0x00,,,,,"Set torque = 0"
315065,TX,0x201,3,0x90,0x90,0x00,0x00,,,,,"Set torque = 0"
315091,TX,0x201,3,0x90,0x90,0x00,0x00,,,,,"Set torque = 0"
315105,RX,0x181,6,0x40,0x40,0x11,0x43,0x80,0x00,0x0B,,"Status word = 0x4311"
315112,RX,0x181,4,0x30,0x30,0x00,0x00,0x01,,,,"Speed feedback = 0 rpm"
315119,TX,0x201,3,0x90,0x90,0x00,0x00,,,,,"Set torque = 0"
315146,TX,0x201,3,0x90,0x90,0x00,0x00,,,,,"Set torque = 0"
315172,TX,0x201,3,0x90,0x90,0x00,0x00,,,,,"Set torque = 0"
315199,TX,0x201,3,0x90,0x90,0x00,0x00,,,,,"Set torque = 0"
315205,RX,0x181,6,0x40,0x40,0x11,0x43,0x80,0x00,0x0B,,"Status word = 0x4311"
315212,RX,0x181,4,0x30,0x30,0x00,0x00,0x01,,,,"Speed feedback = 0 rpm"
315225,TX,0x201,3,0x90,0x90,0x00,0x00,,,,,"Set torque = 0"
315251,TX,0x201,3,0x90,0x90,0x00,0x00,,,,,"Set torque = 0"
315277,TX,0x201,3,0x90,0x90,0x00,0x00,,,,,"Set torque = 0"
315303,TX,0x201,3,0x90,0x90,0x00,0x00,,,,,"Set torque = 0"
315309,RX,0x181,6,0x40,0x40,0x11,0x43,0x80,0x00,0x0B,,"Status word = 0x4311"
315316,RX,0x181,4,0x30,0x30,0x00,0x00,0x01,,,,"Speed feedback = 0 rpm"
315329,TX,0x201,3,0x90,0x90,0x00,0x00,,,,,"Set torque = 0"
315355,TX,0x201,3,0x90,0x90,0x00,0x00,,,,,"Set torque = 0"
315381,TX,0x201,3,0x90,0x90,0x00,0x00,,,,,"Set torque = 0"
315405,RX,0x181,6,0x40,0x40,0x11,0x43,0x80,0x00,0x0B,,"Status word = 0x4311"
315411,TX,0x201,3,0x90,0x90,0x00,0x00,,,,,"Set torque = 0"
315418,RX,0x181,4,0x30,0x30,0x00,0x00,0x01,,,,"Speed feedback = 0 rpm"
315438,TX,0x201,3,0x90,0x90,0x00,0x00,,,,,"Set torque = 0"
315464,TX,0x201,3,0x90,0x90,0x00,0x00,,,,,"Set torque = 0"
315490,TX,0x201,3,0x90,0x90,0x00,0x00,,,,,"Set torque = 0"
315504,RX,0x181,6,0x40,0x40,0x11,0x43,0x80,0x00,0x0B,,"Status word = 0x4311"
315511,RX,0x181,4,0x30,0x30,0x00,0x00,0x01,,,,"Speed feedback = 0 rpm"
315518,TX,0x201,3,0x90,0x90,0x00,0x00,,,,,"Set torque = 0"
315545,TX,0x201,3,0x90,0x90,0x00,0x00,,,,,"Set torque = 0"
315571,TX,0x201,3,0x90,0x90,0x00,0x00,,,,,"Set torque = 0"
315597,TX,0x201,3,0x90,0x90,0x3D,0x00,,,,,"Set torque = 61"
315604,RX,0x181,6,0x40,0x40,0x11,0x43,0x80,0x00,0x0B,,"Status word = 0x4311"
315611,RX,0x181,4,0x30,0x30,0x00,0x00,0x01,,,,"Speed feedback = 0 rpm"
315623,TX,0x201,3,0x90,0x90,0x00,0x00,,,,,"Set torque = 0"
315651,TX,0x201,3,0x90,0x90,0x00,0x00,,,,,"Set torque = 0"
315677,TX,0x201,3,0x90,0x90,0x00,0x00,,,,,"Set torque = 0"
315703,TX,0x201,3,0x90,0x90,0x00,0x00,,,,,"Set torque = 0"
315709,RX,0x181,6,0x40,0x40,0x11,0x43,0x80,0x00,0x0B,,"Status word = 0x4311"
315716,RX,0x181,4,0x30,0x30,0x00,0x00,0x01,,,,"Speed feedback = 0 rpm"
315729,TX,0x201,3,0x90,0x90,0x00,0x00,,,,,"Set torque = 0"
315755,TX,0x201,3,0x90,0x90,0x00,0x00,,,,,"Set torque = 0"
315781,TX,0x201,3,0x90,0x90,0x00,0x00,,,,,"Set torque = 0"
315804,RX,0x181,6,0x40,0x40,0x11,0x43,0x80,0x00,0x0B,,"Status word = 0x4311"
315811,RX,0x181,4,0x30,0x30,0x00,0x00,0x01,,,,"Speed feedback = 0 rpm"
315818,TX,0x201,3,0x90,0x90,0x8B,0x04,,,,,"Set torque = 1163"
315845,TX,0x201,3,0x90,0x90,0x50,0x01,,,,,"Set torque = 336"
315871,TX,0x201,3,0x90,0x90,0xC8,0x04,,,,,"Set torque = 1224"
315897,TX,0x201,3,0x90,0x90,0xDC,0x05,,,,,"Set torque = 1500"
315904,RX,0x181,6,0x40,0x40,0x11,0x43,0x80,0x00,0x0B,,"Status word = 0x4311"
315911,RX,0x181,4,0x30,0x30,0x77,0x00,0x01,,,,"Speed feedback = 119 rpm"
315923,TX,0x201,3,0x90,0x90,0x1C,0x03,,,,,"Set torque = 796"
315949,TX,0x201,3,0x90,0x90,0xAA,0x04,,,,,"Set torque = 1194"
315976,TX,0x201,3,0x90,0x90,0xD3,0x03,,,,,"Set torque = 979"
316002,TX,0x201,3,0x90,0x90,0xA1,0x02,,,,,"Set torque = 673"
316008,RX,0x181,6,0x40,0x40,0x11,0x41,0x80,0x00,0x0B,,"Status word = 0x4111"
316015,RX,0x181,4,0x30,0x30,0xCE,0x02,0x01,,,,"Speed feedback = 718 rpm"
316028,TX,0x201,3,0x90,0x90,0x4E,0x04,,,,,"Set torque = 1102"
316054,TX,0x201,3,0x90,0x90,0xC8,0x04,,,,,"Set torque = 1224"
316080,TX,0x201,3,0x90,0x90,0xC0,0x02,,,,,"Set torque = 704"
316103,RX,0x181,6,0x40,0x40,0x11,0x41,0x80,0x02,0x0B,,"Status word = 0x4111"
316110,TX,0x201,3,0x90,0x90,0x6D,0x04,,,,,"Set torque = 1133"
316117,RX,0x181,4,0x30,0x30,0x9D,0x05,0x01,,,,"Speed feedback = 1437 rpm"
316137,TX,0x201,3,0x90,0x90,0x9F,0x05,,,,,"Set torque = 1439"
316163,TX,0x201,3,0x90,0x90,0x91,0x09,,,,,"Set torque = 2449"
316189,TX,0x201,3,0x90,0x90,0x94,0x06,,,,,"Set torque = 1684"
316203,RX,0x181,6,0x40,0x40,0x11,0x41,0x80,0x02,0x0B,,"Status word = 0x4111"
316210,RX,0x181,4,0x30,0x30,0x84,0x09,0x01,,,,"Speed feedback = 2436 rpm"
316217,TX,0x201,3,0x90,0x90,0x38,0x06,,,,,"Set torque = 1592"
316244,TX,0x201,3,0x90,0x90,0x8B,0x04,,,,,"Set torque = 1163"
316270,TX,0x201,3,0x90,0x90,0x2D,0x07,,,,,"Set torque = 1837"
316297,TX,0x201,3,0x90,0x90,0xF4,0x00,,,,,"Set torque = 244"
316303,RX,0x181,6,0x40,0x40,0x11,0x41,0x80,0x02,0x0B,,"Status word = 0x4111"
316310,RX,0x181,4,0x30,0x30,0xD2,0x0E,0x01,,,,"Speed feedback = 3794 rpm"
316323,TX,0x201,3,0x90,0x90,0xE7,0x04,,,,,"Set torque = 1255"
316349,TX,0x201,3,0x90,0x90,0x94,0x06,,,,,"Set torque = 1684"
316375,TX,0x201,3,0x90,0x90,0x19,0x06,,,,,"Set torque = 1561"
316401,TX,0x201,3,0x90,0x90,0x24,0x05,,,,,"Set torque = 1316"
316407,RX,0x181,6,0x40,0x40,0x11,0x41,0x80,0x02,0x0B,,"Status word = 0x4111"
316414,RX,0x181,4,0x30,0x30,0xB8,0x12,0x01,,,,"Speed feedback = 4792 rpm"
316427,TX,0x201,3,0x90,0x90,0xBD,0x05,,,,,"Set torque = 1469"
316453,TX,0x201,3,0x90,0x90,0x24,0x05,,,,,"Set torque = 1316"
316479,TX,0x201,3,0x90,0x90,0xE9,0x01,,,,,"Set torque = 489"
316503,RX,0x181,6,0x40,0x40,0x11,0x41,0x80,0x02,0x0B,,"Status word = 0x4111"
316510,TX,0x201,3,0x90,0x90,0x27,0x02,,,,,"Set torque = 551"
316516,RX,0x181,4,0x30,0x30,0xFF,0x15,0x01,,,,"Speed feedback = 5631 rpm"
316536,TX,0x201,3,0x90,0x90,0x7A,0x00,,,,,"Set torque = 122"
316562,TX,0x201,3,0x90,0x90,0xF4,0x00,,,,,"Set torque = 244"
316588,TX,0x201,3,0x90,0x90,0x00,0x00,,,,,"Set torque = 0"
316603,RX,0x181,6,0x40,0x40,0x11,0x41,0x80,0x02,0x0B,,"Status word = 0x4111"
316610,RX,0x181,4,0x30,0x30,0xFF,0x15,0x01,,,,"Speed feedback = 5631 rpm"
316616,TX,0x201,3,0x90,0x90,0x00,0x00,,,,,"Set torque = 0"
316643,TX,0x201,3,0x90,0x90,0x00,0x00,,,,,"Set torque = 0"
316669,TX,0x201,3,0x90,0x90,0x00,0x00,,,,,"Set torque = 0"
316695,TX,0x201,3,0x90,0x90,0x00,0x00,,,,,"Set torque = 0"
316703,RX,0x181,6,0x40,0x40,0x11,0x41,0x80,0x02,0x0B,,"Status word = 0x4111"
316709,RX,0x181,4,0x30,0x30,0xBF,0x14,0x01,,,,"Speed feedback = 5311 rpm"
316721,TX,0x201,3,0x90,0x90,0x00,0x00,,,,,"Set torque = 0"
316748,TX,0x201,3,0x90,0x90,0x00,0x00,,,,,"Set torque = 0"
316774,TX,0x201,3,0x90,0x90,0x00,0x00,,,,,"Set torque = 0"
316800,TX,0x201,3,0x90,0x90,0x00,0x00,,,,,"Set torque = 0"
316806,RX,0x181,6,0x40,0x40,0x11,0x41,0x80,0x02,0x0B,,"Status word = 0x4111"
316813,RX,0x181,4,0x30,0x30,0x29,0x11,0x01,,,,"Speed feedback = 4393 rpm"
316826,TX,0x201,3,0x90,0x90,0x00,0x00,,,,,"Set torque = 0"
316852,TX,0x201,3,0x90,0x90,0x00,0x00,,,,,"Set torque = 0"
316878,TX,0x201,3,0x90,0x90,0x00,0x00,,,,,"Set torque = 0"
316902,RX,0x181,6,0x40,0x40,0x11,0x41,0x80,0x02,0x0B,,"Status word = 0x4111"
316909,RX,0x181,4,0x30,0x30,0x49,0x0F,0x01,,,,"Speed feedback = 3913 rpm"
316916,TX,0x201,3,0x90,0x90,0x00,0x00,,,,,"Set torque = 0"
316943,TX,0x201,3,0x90,0x90,0x00,0x00,,,,,"Set torque = 0"
316969,TX,0x201,3,0x90,0x90,0x00,0x00,,,,,"Set torque = 0"
316995,TX,0x201,3,0x90,0x90,0x00,0x00,,,,,"Set torque = 0"
317002,RX,0x181,6,0x40,0x40,0x11,0x41,0x80,0x02,0x0B,,"Status word = 0x4111"
317009,RX,0x181,4,0x30,0x30,0x1A,0x0D,0x01,,,,"Speed feedback = 3354 rpm"
317021,TX,0x201,3,0x90,0x90,0x00,0x00,,,,,"Set torque = 0"
317047,TX,0x201,3,0x90,0x90,0x00,0x00,,,,,"Set torque = 0"
317074,TX,0x201,3,0x90,0x90,0x00,0x00,,,,,"Set torque = 0"
317100,TX,0x201,3,0x90,0x90,0x00,0x00,,,,,"Set torque = 0"
317106,RX,0x181,6,0x40,0x40,0x11,0x41,0x80,0x02,0x0B,,"Status word = 0x4111"
317113,RX,0x181,4,0x30,0x30,0xEB,0x0A,0x01,,,,"Speed feedback = 2795 rpm"
317126,TX,0x201,3,0x90,0x90,0x00,0x00,,,,,"Set torque = 0"
317152,TX,0x201,3,0x90,0x90,0x00,0x00,,,,,"Set torque = 0"
317178,TX,0x201,3,0x90,0x90,0x00,0x00,,,,,"Set torque = 0"
317202,RX,0x181,6,0x40,0x40,0x11,0x41,0x80,0x02,0x0B,,"Status word = 0x4111"
317209,TX,0x201,3,0x90,0x90,0x00,0x00,,,,,"Set torque = 0"
317216,RX,0x181,4,0x30,0x30,0x44,0x08,0x01,,,,"Speed feedback = 2116 rpm"
317236,TX,0x201,3,0x90,0x90,0x00,0x00,,,,,"Set torque = 0"
317262,TX,0x201,3,0x90,0x90,0x00,0x00,,,,,"Set torque = 0"
317288,TX,0x201,3,0x90,0x90,0x00,0x00,,,,,"Set torque = 0"
317302,RX,0x181,6,0x40,0x40,0x11,0x41,0x80,0x02,0x0B,,"Status word = 0x4111"
317309,RX,0x181,4,0x30,0x30,0x2D,0x07,0x01,,,,"Speed feedback = 1837 rpm"
317315,TX,0x201,3,0x90,0x90,0x00,0x00,,,,,"Set torque = 0"
317342,TX,0x201,3,0x90,0x90,0x00,0x00,,,,,"Set torque = 0"
317368,TX,0x201,3,0x90,0x90,0x00,0x00,,,,,"Set torque = 0"
317395,TX,0x201,3,0x90,0x90,0x00,0x00,,,,,"Set torque = 0"
317401,RX,0x181,6,0x40,0x40,0x11,0x41,0x80,0x02,0x0B,,"Status word = 0x4111"
317408,RX,0x181,4,0x30,0x30,0x4D,0x05,0x01,,,,"Speed feedback = 1357 rpm"
317421,TX,0x201,3,0x90,0x90,0x00,0x00,,,,,"Set torque = 0"
317447,TX,0x201,3,0x90,0x90,0x00,0x00,,,,,"Set torque = 0"
317473,TX,0x201,3,0x90,0x90,0x00,0x00,,,,,"Set torque = 0"
317499,TX,0x201,3,0x90,0x90,0x00,0x00,,,,,"Set torque = 0"
317505,RX,0x181,6,0x40,0x40,0x11,0x41,0x80,0x02,0x0B,,"Status word = 0x4111"
317512,RX,0x181,4,0x30,0x30,0xBE,0x03,0x01,,,,"Speed feedback = 958 rpm"
317525,TX,0x201,3,0x90,0x90,0x00,0x00,,,,,"Set torque = 0"
317551,TX,0x201,3,0x90,0x90,0x00,0x00,,,,,"Set torque = 0"
317577,TX,0x201,3,0x90,0x90,0x00,0x00,,,,,"Set torque = 0"
317601,RX,0x181,6,0x40,0x40,0x11,0x41,0x80,0x00,0x0B,,"Status word = 0x4111"
317608,TX,0x201,3,0x90,0x90,0x00,0x00,,,,,"Set torque = 0"
317615,RX,0x181,4,0x30,0x30,0x2F,0x02,0x01,,,,"Speed feedback = 559 rpm"
317635,TX,0x201,3,0x90,0x90,0x00,0x00,,,,,"Set torque = 0"
317661,TX,0x201,3,0x90,0x90,0x00,0x00,,,,,"Set torque = 0"
317687,TX,0x201,3,0x90,0x90,0x00,0x00,,,,,"Set torque = 0"
317701,RX,0x181,6,0x40,0x40,0x11,0x41,0x80,0x00,0x0B,,"Status word = 0x4111"
317708,RX,0x181,4,0x30,0x30,0x3F,0x01,0x01,,,,"Speed feedback = 319 rpm"
317715,TX,0x201,3,0x90,0x90,0x00,0x00,,,,,"Set torque = 0"
317741,TX,0x201,3,0x90,0x90,0x00,0x00,,,,,"Set torque = 0"
317767,TX,0x201,3,0x90,0x90,0x00,0x00,,,,,"Set torque = 0"
317793,TX,0x201,3,0x90,0x90,0x00,0x00,,,,,"Set torque = 0"
317801,RX,0x181,6,0x40,0x40,0x11,0x41,0x80,0x00,0x0B,,"Status word = 0x4111"
317808,RX,0x181,4,0x30,0x30,0x9F,0x00,0x01,,,,"Speed feedback = 159 rpm"
317819,TX,0x201,3,0x90,0x90,0x00,0x00,,,,,"Set torque = 0"
317846,TX,0x201,3,0x90,0x90,0x00,0x00,,,,,"Set torque = 0"
317872,TX,0x201,3,0x90,0x90,0x00,0x00,,,,,"Set torque = 0"
317898,TX,0x201,3,0x90,0x90,0x00,0x00,,,,,"Set torque = 0"
317904,RX,0x181,6,0x40,0x40,0x11,0x43,0x80,0x00,0x0B,,"Status word = 0x4311"
317911,RX,0x181,4,0x30,0x30,0x27,0x00,0x01,,,,"Speed feedback = 39 rpm"
317924,TX,0x201,3,0x90,0x90,0x00,0x00,,,,,"Set torque = 0"
317950,TX,0x201,3,0x90,0x90,0x00,0x00,,,,,"Set torque = 0"
317976,TX,0x201,3,0x90,0x90,0x00,0x00,,,,,"Set torque = 0"
318000,RX,0x181,6,0x40,0x40,0x11,0x43,0x80,0x00,0x0B,,"Status word = 0x4311"
318008,RX,0x181,4,0x30,0x30,0x00,0x00,0x01,,,,"Speed feedback = 0 rpm"
318014,TX,0x201,3,0x90,0x90,0x00,0x00,,,,,"Set torque = 0"
318041,TX,0x201,3,0x90,0x90,0x00,0x00,,,,,"Set torque = 0"
318067,TX,0x201,3,0x90,0x90,0x00,0x00,,,,,"Set torque = 0"
318093,TX,0x201,3,0x90,0x90,0x00,0x00,,,,,"Set torque = 0"
318100,RX,0x181,6,0x40,0x40,0x11,0x43,0x80,0x00,0x0B,,"Status word = 0x4311"
318107,RX,0x181,4,0x30,0x30,0x00,0x00,0x01,,,,"Speed feedback = 0 rpm"
318119,TX,0x201,3,0x90,0x90,0x00,0x00,,,,,"Set torque = 0"
318145,TX,0x201,3,0x90,0x90,0x00,0x00,,,,,"Set torque = 0"
318172,TX,0x201,3,0x90,0x90,0x00,0x00,,,,,"Set torque = 0"
318198,TX,0x201,3,0x90,0x90,0x00,0x00,,,,,"Set torque = 0"
318204,RX,0x181,6,0x40,0x40,0x11,0x43,0x80,0x00,0x0B,,"Status word = 0x4311"
318211,RX,0x181,4,0x30,0x30,0x00,0x00,0x01,,,,"Speed feedback = 0 rpm"
318224,TX,0x201,3,0x90,0x90,0x00,0x00,,,,,"Set torque = 0"
318250,TX,0x201,3,0x90,0x90,0x00,0x00,,,,,"Set torque = 0"
318276,TX,0x201,3,0x90,0x90,0x00,0x00,,,,,"Set torque = 0"
318300,RX,0x181,6,0x40,0x40,0x11,0x43,0x80,0x00,0x0B,,"Status word = 0x4311"
318307,TX,0x201,3,0x90,0x90,0x00,0x00,,,,,"Set torque = 0"
318314,RX,0x181,4,0x30,0x30,0x00,0x00,0x01,,,,"Speed feedback = 0 rpm"
318334,TX,0x201,3,0x90,0x90,0x00,0x00,,,,,"Set torque = 0"
318360,TX,0x201,3,0x90,0x90,0x00,0x00,,,,,"Set torque = 0"
318386,TX,0x201,3,0x90,0x90,0x00,0x00,,,,,"Set torque = 0"
318400,RX,0x181,6,0x40,0x40,0x11,0x43,0x80,0x00,0x0B,,"Status word = 0x4311"
318407,RX,0x181,4,0x30,0x30,0x00,0x00,0x01,,,,"Speed feedback = 0 rpm"
318414,TX,0x201,3,0x90,0x90,0x00,0x00,,,,,"Set torque = 0"
318440,TX,0x201,3,0x90,0x90,0x00,0x00,,,,,"Set torque = 0"
318466,TX,0x201,3,0x90,0x90,0x00,0x00,,,,,"Set torque = 0"
318493,TX,0x201,3,0x90,0x90,0x00,0x00,,,,,"Set torque = 0"
318500,RX,0x181,6,0x40,0x40,0x11,0x43,0x80,0x00,0x0B,,"Status word = 0x4311"
318507,RX,0x181,4,0x30,0x30,0x00,0x00,0x01,,,,"Speed feedback = 0 rpm"
318519,TX,0x201,3,0x90,0x90,0x00,0x00,,,,,"Set torque = 0"
318545,TX,0x201,3,0x90,0x90,0x00,0x00,,,,,"Set torque = 0"
318571,TX,0x201,3,0x90,0x90,0x00,0x00,,,,,"Set torque = 0"
318597,TX,0x201,3,0x90,0x90,0x00,0x00,,,,,"Set torque = 0"
318603,RX,0x181,6,0x40,0x40,0x11,0x43,0x80,0x00,0x0B,,"Status word = 0x4311"
318610,RX,0x181,4,0x30,0x30,0x00,0x00,0x01,,,,"Speed feedback = 0 rpm"
318623,TX,0x201,3,0x90,0x90,0x00,0x00,,,,,"Set torque = 0"
318649,TX,0x201,3,0x90,0x90,0x00,0x00,,,,,"Set torque = 0"
318675,TX,0x201,3,0x90,0x90,0x00,0x00,,,,,"Set torque = 0"
318699,RX,0x181,6,0x40,0x40,0x11,0x43,0x80,0x00,0x0B,,"Status word = 0x4311"
318706,TX,0x201,3,0x90,0x90,0x00,0x00,,,,,"Set torque = 0"
318713,RX,0x181,4,0x30,0x30,0x00,0x00,0x01,,,,"Speed feedback = 0 rpm"
318733,TX,0x201,3,0x90,0x90,0x00,0x00,,,,,"Set torque = 0"
318757,TX,0x201,3,0x90,0x90,0x00,0x00,,,,,"Set torque = 0"
318783,TX,0x201,3,0x90,0x90,0x00,0x00,,,,,"Set torque = 0"
318799,RX,0x181,6,0x40,0x40,0x11,0x43,0x80,0x00,0x0B,,"Status word = 0x4311"
318806,RX,0x181,4,0x30,0x30,0x00,0x00,0x01,,,,"Speed feedback = 0 rpm"
318813,TX,0x201,3,0x90,0x90,0x00,0x00,,,,,"Set torque = 0"
318840,TX,0x201,3,0x90,0x90,0x00,0x00,,,,,"Set torque = 0"
318866,TX,0x201,3,0x90,0x90,0x00,0x00,,,,,"Set torque = 0"
318892,TX,0x201,3,0x90,0x90,0x00,0x00,,,,,"Set torque = 0"
318899,RX,0x181,6,0x40,0x40,0x11,0x43,0x80,0x00,0x0B,,"Status word = 0x4311"
318906,RX,0x181,4,0x30,0x30,0x00,0x00,0x01,,,,"Speed feedback = 0 rpm"
318918,TX,0x201,3,0x90,0x90,0x00,0x00,,,,,"Set torque = 0"
318945,TX,0x201,3,0x90,0x90,0x00,0x00,,,,,"Set torque = 0"
318971,TX,0x201,3,0x90,0x90,0x00,0x00,,,,,"Set torque = 0"
318997,TX,0x201,3,0x90,0x90,0x00,0x00,,,,,"Set torque = 0"
319005,RX,0x181,6,0x40,0x40,0x11,0x43,0x80,0x00,0x0B,,"Status word = 0x4311"
319014,RX,0x181,4,0x30,0x30,0x00,0x00,0x01,,,,"Speed feedback = 0 rpm"
319025,TX,0x201,3,0x90,0x90,0x00,0x00,,,,,"Set torque = 0"
319051,TX,0x201,3,0x90,0x90,0x00,0x00,,,,,"Set torque = 0"
319077,TX,0x201,3,0x90,0x90,0x00,0x00,,,,,"Set torque = 0"
319099,RX,0x181,6,0x40,0x40,0x11,0x43,0x80,0x00,0x0B,,"Status word = 0x4311"
319106,TX,0x201,3,0x90,0x90,0x00,0x00,,,,,"Set torque = 0"
319112,RX,0x181,4,0x30,0x30,0x00,0x00,0x01,,,,"Speed feedback = 0 rpm"
319132,TX,0x201,3,0x90,0x90,0x00,0x00,,,,,"Set torque = 0"
319158,TX,0x201,3,0x90,0x90,0x00,0x00,,,,,"Set torque = 0"
319184,TX,0x201,3,0x90,0x90,0x00,0x00,,,,,"Set torque = 0"
319199,RX,0x181,6,0x40,0x40,0x11,0x43,0x80,0x00,0x0B,,"Status word = 0x4311"
319206,RX,0x181,4,0x30,0x30,0x00,0x00,0x01,,,,"Speed feedback = 0 rpm"
319212,TX,0x201,3,0x90,0x90,0x00,0x00,,,,,"Set torque = 0"
319239,TX,0x201,3,0x90,0x90,0x00,0x00,,,,,"Set torque = 0"
319265,TX,0x201,3,0x90,0x90,0x00,0x00,,,,,"Set torque = 0"
319291,TX,0x201,3,0x90,0x90,0x00,0x00,,,,,"Set torque = 0"
319298,RX,0x181,6,0x40,0x40,0x11,0x43,0x80,0x00,0x0B,,"Status word = 0x4311"
319305,RX,0x181,4,0x30,0x30,0x00,0x00,0x01,,,,"Speed feedback = 0 rpm"
319317,TX,0x201,3,0x90,0x90,0x00,0x00,,,,,"Set torque = 0"
319343,TX,0x201,3,0x90,0x90,0x00,0x00,,,,,"Set torque = 0"
319369,TX,0x201,3,0x90,0x90,0x00,0x00,,,,,"Set torque = 0"
319395,TX,0x201,3,0x90,0x90,0x00,0x00,,,,,"Set torque = 0"
319402,RX,0x181,6,0x40,0x40,0x11,0x43,0x80,0x00,0x0B,,"Status word = 0x4311"
319408,RX,0x181,4,0x30,0x30,0x00,0x00,0x01,,,,"Speed feedback = 0 rpm"
319422,TX,0x201,3,0x90,0x90,0x00,0x00,,,,,"Set torque = 0"
319448,TX,0x201,3,0x90,0x90,0x00,0x00,,,,,"Set torque = 0"
319474,TX,0x201,3,0x90,0x90,0x00,0x00,,,,,"Set torque = 0"
319498,RX,0x181,6,0x40,0x40,0x11,0x43,0x80,0x00,0x0B,,"Status word = 0x4311"
319505,TX,0x201,3,0x90,0x90,0x99,0x00,,,,,"Set torque = 153"
319512,RX,0x181,4,0x30,0x30,0x00,0x00,0x01,,,,"Speed feedback = 0 rpm"
319532,TX,0x201,3,0x90,0x90,0x00,0x00,,,,,"Set torque = 0"
319559,TX,0x201,3,0x90,0x90,0x50,0x01,,,,,"Set torque = 336"
319585,TX,0x201,3,0x90,0x90,0x00,0x00,,,,,"Set torque = 0"
319598,RX,0x181,6,0x40,0x40,0x11,0x43,0x80,0x00,0x0B,,"Status word = 0x4311"
319605,RX,0x181,4,0x30,0x30,0x00,0x00,0x01,,,,"Speed feedback = 0 rpm"
319612,TX,0x201,3,0x90,0x90,0x00,0x00,,,,,"Set torque = 0"
319638,TX,0x201,3,0x90,0x90,0x00,0x00,,,,,"Set torque = 0"
319664,TX,0x201,3,0x90,0x90,0x99,0x00,,,,,"Set torque = 153"
319690,TX,0x201,3,0x90,0x90,0x1E,0x00,,,,,"Set torque = 30"
319698,RX,0x181,6,0x40,0x40,0x11,0x43,0x80,0x00,0x0B,,"Status word = 0x4311"
319705,RX,0x181,4,0x30,0x30,0x00,0x00,0x01,,,,"Speed feedback = 0 rpm"
319716,TX,0x201,3,0x90,0x90,0x00,0x00,,,,,"Set torque = 0"
319742,TX,0x201,3,0x90,0x90,0x50,0x01,,,,,"Set torque = 336"
319768,TX,0x201,3,0x90,0x90,0x00,0x00,,,,,"Set torque = 0"
319794,TX,0x201,3,0x90,0x90,0xCB,0x01,,,,,"Set torque = 459"
319800,RX,0x181,6,0x40,0x40,0x11,0x43,0x80,0x00,0x0B,,"Status word = 0x4311"
319807,RX,0x181,4,0x30,0x30,0x00,0x00,0x01,,,,"Speed feedback = 0 rpm"
319820,TX,0x201,3,0x90,0x90,0x64,0x02,,,,,"Set torque = 612"
319846,TX,0x201,3,0x90,0x90,0xF4,0x00,,,,,"Set torque = 244"
319873,TX,0x201,3,0x90,0x90,0x8E,0x01,,,,,"Set torque = 398"
319897,RX,0x181,6,0x40,0x40,0x11,0x43,0x80,0x00,0x0B,,"Status word = 0x4311"
319904,TX,0x201,3,0x90,0x90,0x11,0x04,,,,,"Set torque = 1041"
319911,RX,0x181,4,0x30,0x30,0x4F,0x00,0x01,,,,"Speed feedback = 79 rpm"
319931,TX,0x201,3,0x90,0x90,0x78,0x03,,,,,"Set torque = 888"
319957,TX,0x201,3,0x90,0x90,0x6D,0x04,,,,,"Set torque = 1133"
319983,TX,0x201,3,0x90,0x90,0xE7,0x04,,,,,"Set torque = 1255"
319997,RX,0x181,6,0x40,0x40,0x11,0x41,0x80,0x00,0x0B,,"Status word = 0x4111"
320004,RX,0x181,4,0x30,0x30,0x57,0x02,0x01,,,,"Speed feedback = 599 rpm"
320011,TX,0x201,3,0x90,0x90,0x62,0x05,,,,,"Set torque = 1378"
320038,TX,0x201,3,0x90,0x90,0x3A,0x03,,,,,"Set torque = 826"
320064,TX,0x201,3,0x90,0x90,0xD3,0x03,,,,,"Set torque = 979"
320090,TX,0x201,3,0x90,0x90,0xB9,0x0B,,,,,"Set torque = 3001"
320097,RX,0x181,6,0x40,0x40,0x11,0x41,0x80,0x02,0x0B,,"Status word = 0x4111"
320104,RX,0x181,4,0x30,0x30,0xED,0x05,0x01,,,,"Speed feedback = 1517 rpm"
320116,TX,0x201,3,0x90,0x90,0x38,0x06,,,,,"Set torque = 1592"
320142,TX,0x201,3,0x90,0x90,0x19,0x06,,,,,"Set torque = 1561"
320168,TX,0x201,3,0x90,0x90,0x4E,0x04,,,,,"Set torque = 1102"
320195,TX,0x201,3,0x90,0x90,0x8B,0x04,,,,,"Set torque = 1163"
320201,RX,0x181,6,0x40,0x40,0x11,0x41,0x80,0x02,0x0B,,"Status word = 0x4111"
320208,RX,0x181,4,0x30,0x30,0x84,0x09,0x01,,,,"Speed feedback = 2436 rpm"
320221,TX,0x201,3,0x90,0x90,0x27,0x02,,,,,"Set torque = 551"
320247,TX,0x201,3,0x90,0x90,0xD3,0x03,,,,,"Set torque = 979"
320273,TX,0x201,3,0x90,0x90,0x11,0x04,,,,,"Set torque = 1041"
320297,RX,0x181,6,0x40,0x40,0x11,0x41,0x80,0x02,0x0B,,"Status word = 0x4111"
320304,TX,0x201,3,0x90,0x90,0x24,0x05,,,,,"Set torque = 1316"
320310,RX,0x181,4,0x30,0x30,0xA2,0x0C,0x01,,,,"Speed feedback = 3234 rpm"
320330,TX,0x201,3,0x90,0x90,0xDE,0x02,,,,,"Set torque = 734"
320356,TX,0x201,3,0x90,0x90,0x2F,0x04,,,,,"Set torque = 1071"
320382,TX,0x201,3,0x90,0x90,0xD3,0x03,,,,,"Set torque = 979"
320397,RX,0x181,6,0x40,0x40,0x11,0x41,0x80,0x02,0x0B,,"Status word = 0x4111"
320404,RX,0x181,4,0x30,0x30,0xAA,0x0E,0x01,,,,"Speed feedback = 3754 rpm"
320410,TX,0x201,3,0x90,0x90,0x11,0x04,,,,,"Set torque = 1041"
320437,TX,0x201,3,0x90,0x90,0x2F,0x04,,,,,"Set torque = 1071"
320463,TX,0x201,3,0x90,0x90,0x27,0x02,,,,,"Set torque = 551"
320489,TX,0x201,3,0x90,0x90,0xAC,0x01,,,,,"Set torque = 428"
320497,RX,0x181,6,0x40,0x40,0x11,0x41,0x80,0x02,0x0B,,"Status word = 0x4111"
320503,RX,0x181,4,0x30,0x30,0x79,0x11,0x01,,,,"Speed feedback = 4473 rpm"
320516,TX,0x201,3,0x90,0x90,0x00,0x00,,,,,"Set torque = 0"
320542,TX,0x201,3,0x90,0x90,0x00,0x00,,,,,"Set torque = 0"
320568,TX,0x201,3,0x90,0x90,0x1E,0x00,,,,,"Set torque = 30"
320594,TX,0x201,3,0x90,0x90,0x00,0x00,,,,,"Set torque = 0"
320600,RX,0x181,6,0x40,0x40,0x11,0x41,0x80,0x02,0x0B,,"Status word = 0x4111"
320607,RX,0x181,4,0x30,0x30,0xB1,0x10,0x01,,,,"Speed feedback = 4273 rpm"
320620,TX,0x201,3,0x90,0x90,0x00,0x00,,,,,"Set torque = 0"
320696,RX,0x181,6,0x40,0x40,0x11,0x41,0x80,0x02,0x0B,,"Status word = 0x4111"
320703,RX,0x181,4,0x30,0x30,0xFA,0x0E,0x01,,,,"Speed feedback = 3834 rpm"
320714,TX,0x201,3,0x90,0x90,0x00,0x00,,,,,"Set torque = 0"
320740,TX,0x201,3,0x90,0x90,0x00,0x00,,,,,"Set torque = 0"
320766,TX,0x201,3,0x90,0x90,0x00,0x00,,,,,"Set torque = 0"
320792,TX,0x201,3,0x90,0x90,0x00,0x00,,,,,"Set torque = 0"
320798,RX,0x181,6,0x40,0x40,0x11,0x41,0x80,0x02,0x0B,,"Status word = 0x4111"
320805,RX,0x181,4,0x30,0x30,0x03,0x0C,0x01,,,,"Speed feedback = 3075 rpm"
320818,TX,0x201,3,0x90,0x90,0x00,0x00,,,,,"Set torque = 0"
320845,TX,0x201,3,0x90,0x90,0x00,0x00,,,,,"Set torque = 0"
320871,TX,0x201,3,0x90,0x90,0x00,0x00,,,,,"Set torque = 0"
320896,RX,0x181,6,0x40,0x40,0x11,0x41,0x80,0x02,0x0B,,"Status word = 0x4111"
320903,TX,0x201,3,0x90,0x90,0x00,0x00,,,,,"Set torque = 0"
320909,RX,0x181,4,0x30,0x30,0x4B,0x0A,0x01,,,,"Speed feedback = 2635 rpm"
320929,TX,0x201,3,0x90,0x90,0x00,0x00,,,,,"Set torque = 0"
320955,TX,0x201,3,0x90,0x90,0x00,0x00,,,,,"Set torque = 0"
320981,TX,0x201,3,0x90,0x90,0x00,0x00,,,,,"Set torque = 0"
320996,RX,0x181,6,0x40,0x40,0x11,0x41,0x80,0x02,0x0B,,"Status word = 0x4111"
321003,RX,0x181,4,0x30,0x30,0x94,0x08,0x01,,,,"Speed feedback = 2196 rpm"
321010,TX,0x201,3,0x90,0x90,0x00,0x00,,,,,"Set torque = 0"
321036,TX,0x201,3,0x90,0x90,0x00,0x00,,,,,"Set torque = 0"
321062,TX,0x201,3,0x90,0x90,0x00,0x00,,,,,"Set torque = 0"
321088,TX,0x201,3,0x90,0x90,0x00,0x00,,,,,"Set torque = 0"
321096,RX,0x181,6,0x40,0x40,0x11,0x41,0x80,0x02,0x0B,,"Status word = 0x4111"
321186,RX,0x181,4,0x30,0x30,0x15,0x06,0x01,,,,"Speed feedback = 1557 rpm"
321193,TX,0x201,3,0x90,0x90,0x00,0x00,,,,,"Set torque = 0"
321200,RX,0x181,6,0x40,0x40,0x11,0x41,0x80,0x02,0x0B,,"Status word = 0x4111"
321207,RX,0x181,4,0x30,0x30,0xD6,0x04,0x01,,,,"Speed feedback = 1238 rpm"
321220,TX,0x201,3,0x90,0x90,0x00,0x00,,,,,"Set torque = 0"
321246,TX,0x201,3,0x90,0x90,0x00,0x00,,,,,"Set torque = 0"
321272,TX,0x201,3,0x90,0x90,0x00,0x00,,,,,"Set torque = 0"
321295,RX,0x181,6,0x40,0x40,0x11,0x41,0x80,0x02,0x0B,,"Status word = 0x4111"
321302,TX,0x201,3,0x90,0x90,0x00,0x00,,,,,"Set torque = 0"
321309,RX,0x181,4,0x30,0x30,0x6E,0x03,0x01,,,,"Speed feedback = 878 rpm"
321329,TX,0x201,3,0x90,0x90,0x00,0x00,,,,,"Set torque = 0"
321355,TX,0x201,3,0x90,0x90,0x00,0x00,,,,,"Set torque = 0"
321382,TX,0x201,3,0x90,0x90,0x00,0x00,,,,,"Set torque = 0"
321395,RX,0x181,6,0x40,0x40,0x11,0x41,0x80,0x00,0x0B,,"Status word = 0x4111"
321402,RX,0x181,4,0x30,0x30,0x2F,0x02,0x01,,,,"Speed feedback = 559 rpm"
321409,TX,0x201,3,0x90,0x90,0x00,0x00,,,,,"Set torque = 0"
321436,TX,0x201,3,0x90,0x90,0x00,0x00,,,,,"Set torque = 0"
321462,TX,0x201,3,0x90,0x90,0x00,0x00,,,,,"Set torque = 0"
321488,TX,0x201,3,0x90,0x90,0x00,0x00,,,,,"Set torque = 0"
321495,RX,0x181,6,0x40,0x40,0x11,0x41,0x80,0x00,0x0B,,"Status word = 0x4111"
321502,RX,0x181,4,0x30,0x30,0xEF,0x00,0x01,,,,"Speed feedback = 239 rpm"
321514,TX,0x201,3,0x90,0x90,0x00,0x00,,,,,"Set torque = 0"
321540,TX,0x201,3,0x90,0x90,0x00,0x00,,,,,"Set torque = 0"
321566,TX,0x201,3,0x90,0x90,0x00,0x00,,,,,"Set torque = 0"
321664,RX,0x181,6,0x40,0x40,0x11,0x41,0x80,0x00,0x0B,,"Status word = 0x4111"
321671,RX,0x181,4,0x30,0x30,0x77,0x00,0x01,,,,"Speed feedback = 119 rpm"
321684,TX,0x201,3,0x90,0x90,0x00,0x00,,,,,"Set torque = 0"
321695,RX,0x181,6,0x40,0x40,0x11,0x41,0x80,0x00,0x0B,,"Status word = 0x4111"
321702,RX,0x181,4,0x30,0x30,0x27,0x00,0x01,,,,"Speed feedback = 39 rpm"
321710,TX,0x201,3,0x90,0x90,0x00,0x00,,,,,"Set torque = 0"
321737,TX,0x201,3,0x90,0x90,0x00,0x00,,,,,"Set torque = 0"
321763,TX,0x201,3,0x90,0x90,0x00,0x00,,,,,"Set torque = 0"
321789,TX,0x201,3,0x90,0x90,0x00,0x00,,,,,"Set torque = 0"
321795,RX,0x181,6,0x40,0x40,0x11,0x43,0x80,0x00,0x0B,,"Status word = 0x4311"
321802,RX,0x181,4,0x30,0x30,0x00,0x00,0x01,,,,"Speed feedback = 0 rpm"
321815,TX,0x201,3,0x90,0x90,0x00,0x00,,,,,"Set torque = 0"
321841,TX,0x201,3,0x90,0x90,0x00,0x00,,,,,"Set torque = 0"
321867,TX,0x201,3,0x90,0x90,0x00,0x00,,,,,"Set torque = 0"
321893,TX,0x201,3,0x90,0x90,0x00,0x00,,,,,"Set torque = 0"
321900,RX,0x181,6,0x40,0x40,0x11,0x43,0x80,0x00,0x0B,,"Status word = 0x4311"
321906,RX,0x181,4,0x30,0x30,0x00,0x00,0x01,,,,"Speed feedback = 0 rpm"
321920,TX,0x201,3,0x90,0x90,0x00,0x00,,,,,"Set torque = 0"
321946,TX,0x201,3,0x90,0x90,0x00,0x00,,,,,"Set torque = 0"
321972,TX,0x201,3,0x90,0x90,0x00,0x00,,,,,"Set torque = 0"
321994,RX,0x181,6,0x40,0x40,0x11,0x43,0x80,0x00,0x0B,,"Status word = 0x4311"
322001,TX,0x201,3,0x90,0x90,0x00,0x00,,,,,"Set torque = 0"
322008,RX,0x181,4,0x30,0x30,0x00,0x00,0x01,,,,"Speed feedback = 0 rpm"
322028,TX,0x201,3,0x90,0x90,0x00,0x00,,,,,"Set torque = 0"
322127,RX,0x181,6,0x40,0x40,0x11,0x43,0x80,0x00,0x0B,,"Status word = 0x4311"
322133,RX,0x181,4,0x30,0x30,0x00,0x00,0x01,,,,"Speed feedback = 0 rpm"
322147,TX,0x201,3,0x90,0x90,0x00,0x00,,,,,"Set torque = 0"
322173,TX,0x201,3,0x90,0x90,0x00,0x00,,,,,"Set torque = 0"
322194,RX,0x181,6,0x40,0x40,0x11,0x43,0x80,0x00,0x0B,,"Status word = 0x4311"
322201,TX,0x201,3,0x90,0x90,0x00,0x00,,,,,"Set torque = 0"
322207,RX,0x181,4,0x30,0x30,0x00,0x00,0x01,,,,"Speed feedback = 0 rpm"
322227,TX,0x201,3,0x90,0x90,0x00,0x00,,,,,"Set torque = 0"
322253,TX,0x201,3,0x90,0x90,0x00,0x00,,,,,"Set torque = 0"
322280,TX,0x201,3,0x90,0x90,0x00,0x00,,,,,"Set torque = 0"
322294,RX,0x181,6,0x40,0x40,0x11,0x43,0x80,0x00,0x0B,,"Status word = 0x4311"
322301,RX,0x181,4,0x30,0x30,0x00,0x00,0x01,,,,"Speed feedback = 0 rpm"
322307,TX,0x201,3,0x90,0x90,0x00,0x00,,,,,"Set torque = 0"
322334,TX,0x201,3,0x90,0x90,0x00,0x00,,,,,"Set torque = 0"
322360,TX,0x201,3,0x90,0x90,0x00,0x00,,,,,"Set torque = 0"
322386,TX,0x201,3,0x90,0x90,0x00,0x00,,,,,"Set torque = 0"
322394,RX,0x181,6,0x40,0x40,0x11,0x43,0x80,0x00,0x0B,,"Status word = 0x4311"
322400,RX,0x181,4,0x30,0x30,0x00,0x00,0x01,,,,"Speed feedback = 0 rpm"
322412,TX,0x201,3,0x90,0x90,0x00,0x00,,,,,"Set torque = 0"
322438,TX,0x201,3,0x90,0x90,0x00,0x00,,,,,"Set torque = 0"
322466,TX,0x201,3,0x90,0x90,0x00,0x00,,,,,"Set torque = 0"
322492,TX,0x201,3,0x90,0x90,0x00,0x00,,,,,"Set torque = 0"
322498,RX,0x181,6,0x40,0x40,0x11,0x43,0x80,0x00,0x0B,,"Status word = 0x4311"
322588,RX,0x181,4,0x30,0x30,0x00,0x00,0x01,,,,"Speed feedback = 0 rpm"
322595,RX,0x181,6,0x40,0x40,0x11,0x43,0x80,0x00,0x0B,,"Status word = 0x4311"
322602,RX,0x181,4,0x30,0x30,0x00,0x00,0x01,,,,"Speed feedback = 0 rpm"
322609,TX,0x201,3,0x90,0x90,0x00,0x00,,,,,"Set torque = 0"
322636,TX,0x201,3,0x90,0x90,0x00,0x00,,,,,"Set torque = 0"
322662,TX,0x201,3,0x90,0x90,0x00,0x00,,,,,"Set torque = 0"
322688,TX,0x201,3,0x90,0x90,0x00,0x00,,,,,"Set torque = 0"
322694,RX,0x181,6,0x40,0x40,0x11,0x43,0x80,0x00,0x0B,,"Status word = 0x4311"
322701,RX,0x181,4,0x30,0x30,0x00,0x00,0x01,,,,"Speed feedback = 0 rpm"
322714,TX,0x201,3,0x90,0x90,0x00,0x00,,,,,"Set torque = 0"
322740,TX,0x201,3,0x90,0x90,0xF4,0x00,,,,,"Set torque = 244"
322766,TX,0x201,3,0x90,0x90,0x8E,0x01,,,,,"Set torque = 398"
322793,TX,0x201,3,0x90,0x90,0x99,0x00,,,,,"Set torque = 153"
322799,RX,0x181,6,0x40,0x40,0x11,0x43,0x80,0x00,0x0B,,"Status word = 0x4311"
322806,RX,0x181,4,0x30,0x30,0x00,0x00,0x01,,,,"Speed feedback = 0 rpm"
322819,TX,0x201,3,0x90,0x90,0x11,0x04,,,,,"Set torque = 1041"
322845,TX,0x201,3,0x90,0x90,0x83,0x02,,,,,"Set torque = 643"
322871,TX,0x201,3,0x90,0x90,0x45,0x02,,,,,"Set torque = 581"
322893,RX,0x181,6,0x40,0x40,0x11,0x43,0x80,0x00,0x0B,,"Status word = 0x4311"
322899,TX,0x201,3,0x90,0x90,0xA1,0x02,,,,,"Set torque = 673"
322906,RX,0x181,4,0x30,0x30,0x4F,0x00,0x01,,,,"Speed feedback = 79 rpm"
322926,TX,0x201,3,0x90,0x90,0xE9,0x01,,,,,"Set torque = 489"
322952,TX,0x201,3,0x90,0x90,0xCB,0x01,,,,,"Set torque = 459"
322978,TX,0x201,3,0x90,0x90,0xE9,0x01,,,,,"Set torque = 489"
323070,RX,0x181,6,0x40,0x40,0x11,0x41,0x80,0x00,0x0B,,"Status word = 0x4111"
323077,RX,0x181,4,0x30,0x30,0x67,0x01,0x01,,,,"Speed feedback = 359 rpm"
323090,TX,0x201,3,0x90,0x90,0x00,0x00,,,,,"Set torque = 0"
323096,RX,0x181,6,0x40,0x40,0x11,0x41,0x80,0x00,0x0B,,"Status word = 0x4111"
323101,RX,0x181,4,0x30,0x30,0x57,0x02,0x01,,,,"Speed feedback = 599 rpm"
323116,TX,0x201,3,0x90,0x90,0x08,0x02,,,,,"Set torque = 520"
323143,TX,0x201,3,0x90,0x90,0x13,0x01,,,,,"Set torque = 275"
323169,TX,0x201,3,0x90,0x90,0xA1,0x02,,,,,"Set torque = 673"
323192,RX,0x181,6,0x40,0x40,0x11,0x41,0x80,0x00,0x0B,,"Status word = 0x4111"
323199,TX,0x201,3,0x90,0x90,0x50,0x01,,,,,"Set torque = 336"
323206,RX,0x181,4,0x30,0x30,0x7F,0x02,0x01,,,,"Speed feedback = 639 rpm"
323226,TX,0x201,3,0x90,0x90,0xB7,0x00,,,,,"Set torque = 183"
323252,TX,0x201,3,0x90,0x90,0xC0,0x02,,,,,"Set torque = 704"
323278,TX,0x201,3,0x90,0x90,0xB7,0x00,,,,,"Set torque = 183"
323292,RX,0x181,6,0x40,0x40,0x11,0x41,0x80,0x00,0x0B,,"Status word = 0x4111"
323299,RX,0x181,4,0x30,0x30,0xA6,0x02,0x01,,,,"Speed feedback = 678 rpm"
323306,TX,0x201,3,0x90,0x90,0x13,0x01,,,,,"Set torque = 275"
323333,TX,0x201,3,0x90,0x90,0x00,0x00,,,,,"Set torque = 0"
323359,TX,0x201,3,0x90,0x90,0x00,0x00,,,,,"Set torque = 0"
323385,TX,0x201,3,0x90,0x90,0x00,0x00,,,,,"Set torque = 0"
323392,RX,0x181,6,0x40,0x40,0x11,0x41,0x80,0x00,0x0B,,"Status word = 0x4111"
323399,RX,0x181,4,0x30,0x30,0x2F,0x02,0x01,,,,"Speed feedback = 559 rpm"
323411,TX,0x201,3,0x90,0x90,0x00,0x00,,,,,"Set torque = 0"
323437,TX,0x201,3,0x90,0x90,0x00,0x00,,,,,"Set torque = 0"
323530,RX,0x181,6,0x40,0x40,0x11,0x41,0x80,0x00,0x0B,,"Status word = 0x4111"
323537,RX,0x181,4,0x30,0x30,0xEF,0x00,0x01,,,,"Speed feedback = 239 rpm"
323550,TX,0x201,3,0x90,0x90,0x00,0x00,,,,,"Set torque = 0"
323576,TX,0x201,3,0x90,0x90,0x00,0x00,,,,,"Set torque = 0"
323592,RX,0x181,6,0x40,0x40,0x11,0x41,0x80,0x00,0x0B,,"Status word = 0x4111"
323599,RX,0x181,4,0x30,0x30,0x77,0x00,0x01,,,,"Speed feedback = 119 rpm"
323605,TX,0x201,3,0x90,0x90,0x1E,0x00,,,,,"Set torque = 30"
323632,TX,0x201,3,0x90,0x90,0x00,0x00,,,,,"Set torque = 0"
323658,TX,0x201,3,0x90,0x90,0x00,0x00,,,,,"Set torque = 0"
323685,TX,0x201,3,0x90,0x90,0x00,0x00,,,,,"Set torque = 0"
323694,RX,0x181,6,0x40,0x40,0x11,0x41,0x80,0x00,0x0B,,"Status word = 0x4111"
323701,RX,0x181,4,0x30,0x30,0x27,0x00,0x01,,,,"Speed feedback = 39 rpm"
323714,TX,0x201,3,0x90,0x90,0x00,0x00,,,,,"Set torque = 0"
323740,TX,0x201,3,0x90,0x90,0x1E,0x00,,,,,"Set torque = 30"
323766,TX,0x201,3,0x90,0x90,0xCB,0x01,,,,,"Set torque = 459"
323791,RX,0x181,6,0x40,0x40,0x11,0x43,0x80,0x00,0x0B,,"Status word = 0x4311"
323798,TX,0x201,3,0x90,0x90,0xCB,0x01,,,,,"Set torque = 459"
323805,RX,0x181,4,0x30,0x30,0x00,0x00,0x01,,,,"Speed feedback = 0 rpm"
323825,TX,0x201,3,0x90,0x90,0x45,0x02,,,,,"Set torque = 581"
323851,TX,0x201,3,0x90,0x90,0x78,0x03,,,,,"Set torque = 888"
323877,TX,0x201,3,0x90,0x90,0x32,0x01,,,,,"Set torque = 306"
323891,RX,0x181,6,0x40,0x40,0x11,0x41,0x80,0x00,0x0B,,"Status word = 0x4111"
323898,RX,0x181,4,0x30,0x30,0xC7,0x00,0x01,,,,"Speed feedback = 199 rpm"
323992,RX,0x181,6,0x40,0x40,0x11,0x41,0x80,0x00,0x0B,,"Status word = 0x4111"
323999,RX,0x181,4,0x30,0x30,0x3F,0x01,0x01,,,,"Speed feedback = 319 rpm"
324005,TX,0x201,3,0x90,0x90,0x78,0x03,,,,,"Set torque = 888"
324033,TX,0x201,3,0x90,0x90,0xAA,0x04,,,,,"Set torque = 1194"
324059,TX,0x201,3,0x90,0x90,0x83,0x02,,,,,"Set torque = 643"
324085,TX,0x201,3,0x90,0x90,0x1C,0x03,,,,,"Set torque = 796"
324091,RX,0x181,6,0x40,0x40,0x11,0x41,0x80,0x00,0x0B,,"Status word = 0x4111"
324098,RX,0x181,4,0x30,0x30,0x57,0x02,0x01,,,,"Speed feedback = 599 rpm"
324111,TX,0x201,3,0x90,0x90,0xA1,0x02,,,,,"Set torque = 673"
324137,TX,0x201,3,0x90,0x90,0x6F,0x01,,,,,"Set torque = 367"
324163,TX,0x201,3,0x90,0x90,0xA1,0x02,,,,,"Set torque = 673"
324189,TX,0x201,3,0x90,0x90,0xCB,0x01,,,,,"Set torque = 459"
324196,RX,0x181,6,0x40,0x40,0x11,0x41,0x80,0x02,0x0B,,"Status word = 0x4111"
324202,RX,0x181,4,0x30,0x30,0xBE,0x03,0x01,,,,"Speed feedback = 958 rpm"
324216,TX,0x201,3,0x90,0x90,0xF4,0x00,,,,,"Set torque = 244"
324242,TX,0x201,3,0x90,0x90,0x00,0x00,,,,,"Set torque = 0"
324268,TX,0x201,3,0x90,0x90,0x27,0x02,,,,,"Set torque = 551"
324290,RX,0x181,6,0x40,0x40,0x11,0x41,0x80,0x02,0x0B,,"Status word = 0x4111"
324297,TX,0x201,3,0x90,0x90,0xAC,0x01,,,,,"Set torque = 428"
324304,RX,0x181,4,0x30,0x30,0xE6,0x03,0x01,,,,"Speed feedback = 998 rpm"
324324,TX,0x201,3,0x90,0x90,0xD6,0x00,,,,,"Set torque = 214"
324351,TX,0x201,3,0x90,0x90,0xAC,0x01,,,,,"Set torque = 428"
324377,TX,0x201,3,0x90,0x90,0x6F,0x01,,,,,"Set torque = 367"
324390,RX,0x181,6,0x40,0x40,0x11,0x41,0x80,0x02,0x0B,,"Status word = 0x4111"
324487,RX,0x181,4,0x30,0x30,0xBE,0x03,0x01,,,,"Speed feedback = 958 rpm"
324494,RX,0x181,6,0x40,0x40,0x11,0x41,0x80,0x02,0x0B,,"Status word = 0x4111"
324500,RX,0x181,4,0x30,0x30,0xE6,0x03,0x01,,,,"Speed feedback = 998 rpm"
324507,TX,0x201,3,0x90,0x90,0x32,0x01,,,,,"Set torque = 306"
324534,TX,0x201,3,0x90,0x90,0x32,0x01,,,,,"Set torque = 306"
324560,TX,0x201,3,0x90,0x90,0x96,0x03,,,,,"Set torque = 918"
324587,TX,0x201,3,0x90,0x90,0xAC,0x01,,,,,"Set torque = 428"
324593,RX,0x181,6,0x40,0x40,0x11,0x41,0x80,0x02,0x0B,,"Status word = 0x4111"
324600,RX,0x181,4,0x30,0x30,0x36,0x04,0x01,,,,"Speed feedback = 1078 rpm"
324613,TX,0x201,3,0x90,0x90,0x08,0x02,,,,,"Set torque = 520"
324639,TX,0x201,3,0x90,0x90,0xE9,0x01,,,,,"Set torque = 489"
324665,TX,0x201,3,0x90,0x90,0xDE,0x02,,,,,"Set torque = 734"
324690,RX,0x181,6,0x40,0x40,0x11,0x41,0x80,0x02,0x0B,,"Status word = 0x4111"
324697,TX,0x201,3,0x90,0x90,0x08,0x02,,,,,"Set torque = 520"
324703,RX,0x181,4,0x30,0x30,0x5E,0x04,0x01,,,,"Speed feedback = 1118 rpm"
324723,TX,0x201,3,0x90,0x90,0x80,0x05,,,,,"Set torque = 1408"
324749,TX,0x201,3,0x90,0x90,0xFD,0x02,,,,,"Set torque = 765"
324775,TX,0x201,3,0x90,0x90,0x45,0x02,,,,,"Set torque = 581"
324790,RX,0x181,6,0x40,0x40,0x11,0x41,0x80,0x02,0x0B,,"Status word = 0x4111"
324797,RX,0x181,4,0x30,0x30,0xED,0x05,0x01,,,,"Speed feedback = 1517 rpm"
324803,TX,0x201,3,0x90,0x90,0xC0,0x02,,,,,"Set torque = 704"
324830,TX,0x201,3,0x90,0x90,0x83,0x02,,,,,"Set torque = 643"
324856,TX,0x201,3,0x90,0x90,0x00,0x00,,,,,"Set torque = 0"
324882,TX,0x201,3,0x90,0x90,0x8E,0x01,,,,,"Set torque = 398"
324979,RX,0x181,6,0x40,0x40,0x11,0x41,0x80,0x02,0x0B,,"Status word = 0x4111"
324985,RX,0x181,4,0x30,0x30,0x3D,0x06,0x01,,,,"Speed feedback = 1597 rpm"
324992,RX,0x181,6,0x40,0x40,0x11,0x41,0x80,0x02,0x0B,,"Status word = 0x4111"
324999,RX,0x181,4,0x30,0x30,0x8D,0x06,0x01,,,,"Speed feedback = 1677 rpm"
325006,TX,0x201,3,0x90,0x90,0xAC,0x01,,,,,"Set torque = 428"
325033,TX,0x201,3,0x90,0x90,0x11,0x04,,,,,"Set torque = 1041"
325059,TX,0x201,3,0x90,0x90,0x1C,0x03,,,,,"Set torque = 796"
325085,TX,0x201,3,0x90,0x90,0xDE,0x02,,,,,"Set torque = 734"
325091,RX,0x181,6,0x40,0x40,0x11,0x41,0x80,0x02,0x0B,,"Status word = 0x4111"
325098,RX,0x181,4,0x30,0x30,0x55,0x07,0x01,,,,"Speed feedback = 1877 rpm"
325111,TX,0x201,3,0x90,0x90,0xE9,0x01,,,,,"Set torque = 489"
325137,TX,0x201,3,0x90,0x90,0x00,0x00,,,,,"Set torque = 0"
325163,TX,0x201,3,0x90,0x90,0x27,0x02,,,,,"Set torque = 551"
325189,TX,0x201,3,0x90,0x90,0x13,0x01,,,,,"Set torque = 275"
325195,RX,0x181,6,0x40,0x40,0x11,0x41,0x80,0x02,0x0B,,"Status word = 0x4111"
325202,RX,0x181,4,0x30,0x30,0x55,0x07,0x01,,,,"Speed feedback = 1877 rpm"
325215,TX,0x201,3,0x90,0x90,0x00,0x00,,,,,"Set torque = 0"
325241,TX,0x201,3,0x90,0x90,0xC0,0x02,,,,,"Set torque = 704"
325268,TX,0x201,3,0x90,0x90,0xE9,0x01,,,,,"Set torque = 489"
325289,RX,0x181,6,0x40,0x40,0x11,0x41,0x80,0x02,0x0B,,"Status word = 0x4111"
325296,TX,0x201,3,0x90,0x90,0xDE,0x02,,,,,"Set torque = 734"
325302,RX,0x181,4,0x30,0x30,0xDD,0x06,0x01,,,,"Speed feedback = 1757 rpm"
325322,TX,0x201,3,0x90,0x90,0x64,0x02,,,,,"Set torque = 612"
325348,TX,0x201,3,0x90,0x90,0x08,0x02,,,,,"Set torque = 520"
325440,RX,0x181,6,0x40,0x40,0x11,0x41,0x80,0x02,0x0B,,"Status word = 0x4111"
325447,RX,0x181,4,0x30,0x30,0xCC,0x07,0x01,,,,"Speed feedback = 1996 rpm"
325460,TX,0x201,3,0x90,0x90,0x50,0x01,,,,,"Set torque = 336"
325487,TX,0x201,3,0x90,0x90,0x50,0x01,,,,,"Set torque = 336"
325493,RX,0x181,6,0x40,0x40,0x11,0x41,0x80,0x02,0x0B,,"Status word = 0x4111"
325500,RX,0x181,4,0x30,0x30,0xCC,0x07,0x01,,,,"Speed feedback = 1996 rpm"
325513,TX,0x201,3,0x90,0x90,0xB7,0x00,,,,,"Set torque = 183"
325539,TX,0x201,3,0x90,0x90,0xB7,0x00,,,,,"Set torque = 183"
325565,TX,0x201,3,0x90,0x90,0xDE,0x02,,,,,"Set torque = 734"
325588,RX,0x181,6,0x40,0x40,0x11,0x41,0x80,0x02,0x0B,,"Status word = 0x4111"
325595,TX,0x201,3,0x90,0x90,0xE9,0x01,,,,,"Set torque = 489"
325602,RX,0x181,4,0x30,0x30,0x05,0x07,0x01,,,,"Speed feedback = 1797 rpm"
325622,TX,0x201,3,0x90,0x90,0x13,0x01,,,,,"Set torque = 275"
325648,TX,0x201,3,0x90,0x90,0x00,0x00,,,,,"Set torque = 0"
325674,TX,0x201,3,0x90,0x90,0xAC,0x01,,,,,"Set torque = 428"
325688,RX,0x181,6,0x40,0x40,0x11,0x41,0x80,0x02,0x0B,,"Status word = 0x4111"
325695,RX,0x181,4,0x30,0x30,0x05,0x07,0x01,,,,"Speed feedback = 1797 rpm"
325702,TX,0x201,3,0x90,0x90,0x08,0x02,,,,,"Set torque = 520"
325729,TX,0x201,3,0x90,0x90,0xAA,0x04,,,,,"Set torque = 1194"
325755,TX,0x201,3,0x90,0x90,0x27,0x02,,,,,"Set torque = 551"
325781,TX,0x201,3,0x90,0x90,0x59,0x03,,,,,"Set torque = 857"
325788,RX,0x181,6,0x40,0x40,0x11,0x41,0x80,0x02,0x0B,,"Status word = 0x4111"
325795,RX,0x181,4,0x30,0x30,0x55,0x07,0x01,,,,"Speed feedback = 1877 rpm"
325808,TX,0x201,3,0x90,0x90,0xDE,0x02,,,,,"Set torque = 734"
325896,RX,0x181,6,0x40,0x40,0x11,0x41,0x80,0x02,0x0B,,"Status word = 0x4111"
325903,RX,0x181,4,0x30,0x30,0x94,0x08,0x01,,,,"Speed feedback = 2196 rpm"
325916,TX,0x201,3,0x90,0x90,0xF4,0x00,,,,,"Set torque = 244"
325942,TX,0x201,3,0x90,0x90,0xE9,0x01,,,,,"Set torque = 489"
325968,TX,0x201,3,0x90,0x90,0xC0,0x02,,,,,"Set torque = 704"
325988,RX,0x181,6,0x40,0x40,0x11,0x41,0x80,0x02,0x0B,,"Status word = 0x4111"
325995,RX,0x181,4,0x30,0x30,0x34,0x09,0x01,,,,"Speed feedback = 2356 rpm"
326002,TX,0x201,3,0x90,0x90,0x8B,0x04,,,,,"Set torque = 1163"
326028,TX,0x201,3,0x90,0x90,0xC0,0x02,,,,,"Set torque = 704"
326054,TX,0x201,3,0x90,0x90,0x27,0x02,,,,,"Set torque = 551"
326080,TX,0x201,3,0x90,0x90,0x59,0x03,,,,,"Set torque = 857"
326088,RX,0x181,6,0x40,0x40,0x11,0x41,0x80,0x02,0x0B,,"Status word = 0x4111"
326095,RX,0x181,4,0x30,0x30,0x13,0x0B,0x01,,,,"Speed feedback = 2835 rpm"
326106,TX,0x201,3,0x90,0x90,0x64,0x02,,,,,"Set torque = 612"
326132,TX,0x201,3,0x90,0x90,0x6F,0x01,,,,,"Set torque = 367"
326159,TX,0x201,3,0x90,0x90,0x08,0x02,,,,,"Set torque = 520"
326185,TX,0x201,3,0x90,0x90,0xDE,0x02,,,,,"Set torque = 734"
326191,RX,0x181,6,0x40,0x40,0x11,0x41,0x80,0x02,0x0B,,"Status word = 0x4111"
326198,RX,0x181,4,0x30,0x30,0x9B,0x0A,0x01,,,,"Speed feedback = 2715 rpm"
326211,TX,0x201,3,0x90,0x90,0x13,0x01,,,,,"Set torque = 275"
326237,TX,0x201,3,0x90,0x90,0x64,0x02,,,,,"Set torque = 612"
326263,TX,0x201,3,0x90,0x90,0x3A,0x03,,,,,"Set torque = 826"
326287,RX,0x181,6,0x40,0x40,0x11,0x41,0x80,0x02,0x0B,,"Status word = 0x4111"
326294,TX,0x201,3,0x90,0x90,0x64,0x02,,,,,"Set torque = 612"
326384,RX,0x181,4,0x30,0x30,0x3B,0x0B,0x01,,,,"Speed feedback = 2875 rpm"
326391,RX,0x181,6,0x40,0x40,0x11,0x41,0x80,0x02,0x0B,,"Status word = 0x4111"
326398,RX,0x181,4,0x30,0x30,0x8B,0x0B,0x01,,,,"Speed feedback = 2955 rpm"
326404,TX,0x201,3,0x90,0x90,0xB5,0x03,,,,,"Set torque = 949"
326431,TX,0x201,3,0x90,0x90,0x8E,0x01,,,,,"Set torque = 398"
326457,TX,0x201,3,0x90,0x90,0x45,0x02,,,,,"Set torque = 581"
326483,TX,0x201,3,0x90,0x90,0x99,0x00,,,,,"Set torque = 153"
326489,RX,0x181,6,0x40,0x40,0x11,0x41,0x80,0x02,0x0B,,"Status word = 0x4111"
326496,RX,0x181,4,0x30,0x30,0x2B,0x0C,0x01,,,,"Speed feedback = 3115 rpm"
326509,TX,0x201,3,0x90,0x90,0xF2,0x03,,,,,"Set torque = 1010"
326535,TX,0x201,3,0x90,0x90,0x27,0x02,,,,,"Set torque = 551"
326561,TX,0x201,3,0x90,0x90,0xCB,0x01,,,,,"Set torque = 459"
326587,TX,0x201,3,0x90,0x90,0x32,0x01,,,,,"Set torque = 306"
326593,RX,0x181,6,0x40,0x40,0x11,0x41,0x80,0x02,0x0B,,"Status word = 0x4111"
326600,RX,0x181,4,0x30,0x30,0x2B,0x0C,0x01,,,,"Speed feedback = 3115 rpm"
326613,TX,0x201,3,0x90,0x90,0x27,0x02,,,,,"Set torque = 551"
326639,TX,0x201,3,0x90,0x90,0x83,0x02,,,,,"Set torque = 643"
326665,TX,0x201,3,0x90,0x90,0x08,0x02,,,,,"Set torque = 520"
326687,RX,0x181,6,0x40,0x40,0x11,0x41,0x80,0x02,0x0B,,"Status word = 0x4111"
326693,TX,0x201,3,0x90,0x90,0x83,0x02,,,,,"Set torque = 643"
326700,RX,0x181,4,0x30,0x30,0xDB,0x0B,0x01,,,,"Speed feedback = 3035 rpm"
326720,TX,0x201,3,0x90,0x90,0xDE,0x02,,,,,"Set torque = 734"
326746,TX,0x201,3,0x90,0x90,0x3A,0x03,,,,,"Set torque = 826"
326772,TX,0x201,3,0x90,0x90,0x45,0x02,,,,,"Set torque = 581"
326863,RX,0x181,6,0x40,0x40,0x11,0x41,0x80,0x02,0x0B,,"Status word = 0x4111"
326869,RX,0x181,4,0x30,0x30,0x1A,0x0D,0x01,,,,"Speed feedback = 3354 rpm"
326883,TX,0x201,3,0x90,0x90,0xFD,0x02,,,,,"Set torque = 765"
326890,RX,0x181,6,0x40,0x40,0x11,0x41,0x80,0x02,0x0B,,"Status word = 0x4111"
326896,RX,0x181,4,0x30,0x30,0xF2,0x0C,0x01,,,,"Speed feedback = 3314 rpm"
326910,TX,0x201,3,0x90,0x90,0x1C,0x03,,,,,"Set torque = 796"
326936,TX,0x201,3,0x90,0x90,0xAC,0x01,,,,,"Set torque = 428"
326962,TX,0x201,3,0x90,0x90,0x32,0x01,,,,,"Set torque = 306"
326986,RX,0x181,6,0x40,0x40,0x11,0x41,0x80,0x02,0x0B,,"Status word = 0x4111"
326993,TX,0x201,3,0x90,0x90,0x50,0x01,,,,,"Set torque = 336"
327000,RX,0x181,4,0x30,0x30,0xD2,0x0E,0x01,,,,"Speed feedback = 3794 rpm"
327020,TX,0x201,3,0x90,0x90,0x83,0x02,,,,,"Set torque = 643"
327047,TX,0x201,3,0x90,0x90,0x83,0x02,,,,,"Set torque = 643"
327073,TX,0x201,3,0x90,0x90,0x1C,0x03,,,,,"Set torque = 796"
327086,RX,0x181,6,0x40,0x40,0x11,0x41,0x80,0x02,0x0B,,"Status word = 0x4111"
327093,RX,0x181,4,0x30,0x30,0xD2,0x0E,0x01,,,,"Speed feedback = 3794 rpm"
327100,TX,0x201,3,0x90,0x90,0x00,0x00,,,,,"Set torque = 0"
327127,TX,0x201,3,0x90,0x90,0x83,0x02,,,,,"Set torque = 643"
327153,TX,0x201,3,0x90,0x90,0x8E,0x01,,,,,"Set torque = 398"
327179,TX,0x201,3,0x90,0x90,0xE9,0x01,,,,,"Set torque = 489"
327186,RX,0x181,6,0x40,0x40,0x11,0x41,0x80,0x02,0x0B,,"Status word = 0x4111"
327193,RX,0x181,4,0x30,0x30,0x0A,0x0E,0x01,,,,"Speed feedback = 3594 rpm"
327205,TX,0x201,3,0x90,0x90,0x08,0x02,,,,,"Set torque = 520"
327231,TX,0x201,3,0x90,0x90,0x83,0x02,,,,,"Set torque = 643"
327325,RX,0x181,6,0x40,0x40,0x11,0x41,0x80,0x02,0x0B,,"Status word = 0x4111"
327333,RX,0x181,4,0x30,0x30,0x32,0x0E,0x01,,,,"Speed feedback = 3634 rpm"
327345,TX,0x201,3,0x90,0x90,0x3D,0x00,,,,,"Set torque = 61"
327371,TX,0x201,3,0x90,0x90,0xCB,0x01,,,,,"Set torque = 459"
327386,RX,0x181,6,0x40,0x40,0x11,0x41,0x80,0x02,0x0B,,"Status word = 0x4111"
327393,RX,0x181,4,0x30,0x30,0xD2,0x0E,0x01,,,,"Speed feedback = 3794 rpm"
327400,TX,0x201,3,0x90,0x90,0x00,0x00,,,,,"Set torque = 0"
327426,TX,0x201,3,0x90,0x90,0x11,0x04,,,,,"Set torque = 1041"
327452,TX,0x201,3,0x90,0x90,0x6F,0x01,,,,,"Set torque = 367"
327478,TX,0x201,3,0x90,0x90,0x96,0x03,,,,,"Set torque = 918"
327485,RX,0x181,6,0x40,0x40,0x11,0x41,0x80,0x02,0x0B,,"Status word = 0x4111"
327492,RX,0x181,4,0x30,0x30,0x32,0x0E,0x01,,,,"Speed feedback = 3634 rpm"
327504,TX,0x201,3,0x90,0x90,0x1E,0x00,,,,,"Set torque = 30"
327530,TX,0x201,3,0x90,0x90,0x50,0x01,,,,,"Set torque = 336"
327556,TX,0x201,3,0x90,0x90,0x13,0x01,,,,,"Set torque = 275"
327583,TX,0x201,3,0x90,0x90,0x13,0x01,,,,,"Set torque = 275"
327589,RX,0x181,6,0x40,0x40,0x11,0x41,0x80,0x02,0x0B,,"Status word = 0x4111"
327596,RX,0x181,4,0x30,0x30,0x32,0x0E,0x01,,,,"Speed feedback = 3634 rpm"
327609,TX,0x201,3,0x90,0x90,0x83,0x02,,,,,"Set torque = 643"
327635,TX,0x201,3,0x90,0x90,0x64,0x02,,,,,"Set torque = 612"
327661,TX,0x201,3,0x90,0x90,0x13,0x01,,,,,"Set torque = 275"
327685,RX,0x181,6,0x40,0x40,0x11,0x41,0x80,0x02,0x0B,,"Status word = 0x4111"
327692,TX,0x201,3,0x90,0x90,0x50,0x01,,,,,"Set torque = 336"
327699,RX,0x181,4,0x30,0x30,0xA2,0x0C,0x01,,,,"Speed feedback = 3234 rpm"
327794,RX,0x181,4,0x30,0x30,0x7B,0x0C,0x01,,,,"Speed feedback = 3195 rpm"
327801,RX,0x181,6,0x40,0x40,0x11,0x41,0x80,0x02,0x0B,,"Status word = 0x4111"
327808,TX,0x201,3,0x90,0x90,0x83,0x02,,,,,"Set torque = 643"
327835,TX,0x201,3,0x90,0x90,0x13,0x01,,,,,"Set torque = 275"
327861,TX,0x201,3,0x90,0x90,0x8E,0x01,,,,,"Set torque = 398"
327885,RX,0x181,6,0x40,0x40,0x11,0x41,0x80,0x02,0x0B,,"Status word = 0x4111"
327892,TX,0x201,3,0x90,0x90,0x8E,0x01,,,,,"Set torque = 398"
327898,RX,0x181,4,0x30,0x30,0x8B,0x0B,0x01,,,,"Speed feedback = 2955 rpm"
327918,TX,0x201,3,0x90,0x90,0x00,0x00,,,,,"Set torque = 0"
327945,TX,0x201,3,0x90,0x90,0xA1,0x02,,,,,"Set torque = 673"
327971,TX,0x201,3,0x90,0x90,0xE9,0x01,,,,,"Set torque = 489"
327985,RX,0x181,6,0x40,0x40,0x11,0x41,0x80,0x02,0x0B,,"Status word = 0x4111"
327992,RX,0x181,4,0x30,0x30,0xDB,0x0B,0x01,,,,"Speed feedback = 3035 rpm"
327998,TX,0x201,3,0x90,0x90,0xFD,0x02,,,,,"Set torque = 765"
328025,TX,0x201,3,0x90,0x90,0x27,0x02,,,,,"Set torque = 551"
328051,TX,0x201,3,0x90,0x90,0x00,0x00,,,,,"Set torque = 0"
328077,TX,0x201,3,0x90,0x90,0xCB,0x01,,,,,"Set torque = 459"
328084,RX,0x181,6,0x40,0x40,0x11,0x41,0x80,0x02,0x0B,,"Status word = 0x4111"
328092,RX,0x181,4,0x30,0x30,0x03,0x0C,0x01,,,,"Speed feedback = 3075 rpm"
328103,TX,0x201,3,0x90,0x90,0x13,0x01,,,,,"Set torque = 275"
328129,TX,0x201,3,0x90,0x90,0x00,0x00,,,,,"Set torque = 0"
328155,TX,0x201,3,0x90,0x90,0x00,0x00,,,,,"Set torque = 0"
328181,TX,0x201,3,0x90,0x90,0xC0,0x02,,,,,"Set torque = 704"
328187,RX,0x181,6,0x40,0x40,0x11,0x41,0x80,0x02,0x0B,,"Status word = 0x4111"
328284,RX,0x181,4,0x30,0x30,0x13,0x0B,0x01,,,,"Speed feedback = 2835 rpm"
328291,RX,0x181,6,0x40,0x40,0x11,0x41,0x80,0x02,0x0B,,"Status word = 0x4111"
328297,RX,0x181,4,0x30,0x30,0x13,0x0B,0x01,,,,"Speed feedback = 2835 rpm"
328305,TX,0x201,3,0x90,0x90,0x1C,0x03,,,,,"Set torque = 796"
328331,TX,0x201,3,0x90,0x90,0xCB,0x01,,,,,"Set torque = 459"
328357,TX,0x201,3,0x90,0x90,0xC0,0x02,,,,,"Set torque = 704"
328383,TX,0x201,3,0x90,0x90,0x13,0x01,,,,,"Set torque = 275"
328389,RX,0x181,6,0x40,0x40,0x11,0x41,0x80,0x02,0x0B,,"Status word = 0x4111"
328396,RX,0x181,4,0x30,0x30,0xDB,0x0B,0x01,,,,"Speed feedback = 3035 rpm"
328409,TX,0x201,3,0x90,0x90,0x45,0x02,,,,,"Set torque = 581"
328435,TX,0x201,3,0x90,0x90,0xE9,0x01,,,,,"Set torque = 489"
328461,TX,0x201,3,0x90,0x90,0x3D,0x00,,,,,"Set torque = 61"
328484,RX,0x181,6,0x40,0x40,0x11,0x41,0x80,0x02,0x0B,,"Status word = 0x4111"
328494,RX,0x181,4,0x30,0x30,0xA2,0x0C,0x01,,,,"Speed feedback = 3234 rpm"
328500,TX,0x201,3,0x90,0x90,0x8E,0x01,,,,,"Set torque = 398"
328527,TX,0x201,3,0x90,0x90,0xE9,0x01,,,,,"Set torque = 489"
328553,TX,0x201,3,0x90,0x90,0xCB,0x01,,,,,"Set torque = 459"
328579,TX,0x201,3,0x90,0x90,0xCB,0x01,,,,,"Set torque = 459"
328585,RX,0x181,6,0x40,0x40,0x11,0x41,0x80,0x02,0x0B,,"Status word = 0x4111"
328592,RX,0x181,4,0x30,0x30,0xDB,0x0B,0x01,,,,"Speed feedback = 3035 rpm"
328605,TX,0x201,3,0x90,0x90,0x45,0x02,,,,,"Set torque = 581"
328631,TX,0x201,3,0x90,0x90,0xCB,0x01,,,,,"Set torque = 459"
328657,TX,0x201,3,0x90,0x90,0xD6,0x00,,,,,"Set torque = 214"
328748,RX,0x181,6,0x40,0x40,0x11,0x41,0x80,0x02,0x0B,,"Status word = 0x4111"
328755,RX,0x181,4,0x30,0x30,0xDB,0x0B,0x01,,,,"Speed feedback = 3035 rpm"
328768,TX,0x201,3,0x90,0x90,0xD6,0x00,,,,,"Set torque = 214"
328783,RX,0x181,6,0x40,0x40,0x11,0x41,0x80,0x02,0x0B,,"Status word = 0x4111"
328790,RX,0x181,4,0x30,0x30,0xD4,0x09,0x01,,,,"Speed feedback = 2516 rpm"
328797,TX,0x201,3,0x90,0x90,0x7A,0x00,,,,,"Set torque = 122"
328824,TX,0x201,3,0x90,0x90,0x64,0x02,,,,,"Set torque = 612"
328850,TX,0x201,3,0x90,0x90,0x99,0x00,,,,,"Set torque = 153"
328876,TX,0x201,3,0x90,0x90,0xAC,0x01,,,,,"Set torque = 428"
328883,RX,0x181,6,0x40,0x40,0x11,0x41,0x80,0x02,0x0B,,"Status word = 0x4111"
328890,RX,0x181,4,0x30,0x30,0x84,0x09,0x01,,,,"Speed feedback = 2436 rpm"
328902,TX,0x201,3,0x90,0x90,0x6F,0x01,,,,,"Set torque = 367"
328928,TX,0x201,3,0x90,0x90,0x00,0x00,,,,,"Set torque = 0"
328954,TX,0x201,3,0x90,0x90,0xF4,0x00,,,,,"Set torque = 244"
328980,TX,0x201,3,0x90,0x90,0xC0,0x02,,,,,"Set torque = 704"
328987,RX,0x181,6,0x40,0x40,0x11,0x41,0x80,0x02,0x0B,,"Status word = 0x4111"
328993,RX,0x181,4,0x30,0x30,0x94,0x08,0x01,,,,"Speed feedback = 2196 rpm"
329007,TX,0x201,3,0x90,0x90,0x00,0x00,,,,,"Set torque = 0"
329033,TX,0x201,3,0x90,0x90,0x6F,0x01,,,,,"Set torque = 367"
329059,TX,0x201,3,0x90,0x90,0x99,0x00,,,,,"Set torque = 153"
329083,RX,0x181,6,0x40,0x40,0x11,0x41,0x80,0x02,0x0B,,"Status word = 0x4111"
329090,TX,0x201,3,0x90,0x90,0xF4,0x00,,,,,"Set torque = 244"
329096,RX,0x181,4,0x30,0x30,0x94,0x08,0x01,,,,"Speed feedback = 2196 rpm"
329116,TX,0x201,3,0x90,0x90,0x64,0x02,,,,,"Set torque = 612"
329206,RX,0x181,6,0x40,0x40,0x11,0x41,0x80,0x02,0x0B,,"Status word = 0x4111"
329212,RX,0x181,4,0x30,0x30,0x44,0x08,0x01,,,,"Speed feedback = 2116 rpm"
329226,TX,0x201,3,0x90,0x90,0xAC,0x01,,,,,"Set torque = 428"
329252,TX,0x201,3,0x90,0x90,0x50,0x01,,,,,"Set torque = 336"
329278,TX,0x201,3,0x90,0x90,0x64,0x02,,,,,"Set torque = 612"
329284,RX,0x181,6,0x40,0x40,0x11,0x41,0x80,0x02,0x0B,,"Status word = 0x4111"
329291,RX,0x181,4,0x30,0x30,0xBC,0x08,0x01,,,,"Speed feedback = 2236 rpm"
329304,TX,0x201,3,0x90,0x90,0x27,0x02,,,,,"Set torque = 551"
329330,TX,0x201,3,0x90,0x90,0xE9,0x01,,,,,"Set torque = 489"
329357,TX,0x201,3,0x90,0x90,0x7A,0x00,,,,,"Set torque = 122"
329382,RX,0x181,6,0x40,0x40,0x11,0x41,0x80,0x02,0x0B,,"Status word = 0x4111"
329389,TX,0x201,3,0x90,0x90,0x08,0x02,,,,,"Set torque = 520"
329396,RX,0x181,4,0x30,0x30,0x44,0x08,0x01,,,,"Speed feedback = 2116 rpm"
329416,TX,0x201,3,0x90,0x90,0xE9,0x01,,,,,"Set torque = 489"
329442,TX,0x201,3,0x90,0x90,0xFD,0x02,,,,,"Set torque = 765"
329468,TX,0x201,3,0x90,0x90,0x50,0x01,,,,,"Set torque = 336"
329482,RX,0x181,6,0x40,0x40,0x11,0x41,0x80,0x02,0x0B,,"Status word = 0x4111"
329489,RX,0x181,4,0x30,0x30,0xBC,0x08,0x01,,,,"Speed feedback = 2236 rpm"
329496,TX,0x201,3,0x90,0x90,0x6F,0x01,,,,,"Set torque = 367"
329523,TX,0x201,3,0x90,0x90,0xE9,0x01,,,,,"Set torque = 489"
329549,TX,0x201,3,0x90,0x90,0x13,0x01,,,,,"Set torque = 275"
329575,TX,0x201,3,0x90,0x90,0x32,0x01,,,,,"Set torque = 306"
329582,RX,0x181,6,0x40,0x40,0x11,0x41,0x80,0x02,0x0B,,"Status word = 0x4111"
329589,RX,0x181,4,0x30,0x30,0xBC,0x08,0x01,,,,"Speed feedback = 2236 rpm"
329679,TX,0x201,3,0x90,0x90,0x5B,0x00,,,,,"Set torque = 91"
329686,RX,0x181,6,0x40,0x40,0x11,0x41,0x80,0x02,0x0B,,"Status word = 0x4111"
329692,RX,0x181,4,0x30,0x30,0xF4,0x07,0x01,,,,"Speed feedback = 2036 rpm"
329706,TX,0x201,3,0x90,0x90,0xE9,0x01,,,,,"Set torque = 489"
329732,TX,0x201,3,0x90,0x90,0x1E,0x00,,,,,"Set torque = 30"
329758,TX,0x201,3,0x90,0x90,0x4E,0x04,,,,,"Set torque = 1102"
329782,RX,0x181,6,0x40,0x40,0x11,0x41,0x80,0x02,0x0B,,"Status word = 0x4111"
329789,TX,0x201,3,0x90,0x90,0x83,0x02,,,,,"Set torque = 643"
329795,RX,0x181,4,0x30,0x30,0x7D,0x07,0x01,,,,"Speed feedback = 1917 rpm"
329815,TX,0x201,3,0x90,0x90,0xC0,0x02,,,,,"Set torque = 704"
329841,TX,0x201,3,0x90,0x90,0xE9,0x01,,,,,"Set torque = 489"
329867,TX,0x201,3,0x90,0x90,0xAC,0x01,,,,,"Set torque = 428"
329882,RX,0x181,6,0x40,0x40,0x11,0x41,0x80,0x02,0x0B,,"Status word = 0x4111"
329889,RX,0x181,4,0x30,0x30,0xCC,0x07,0x01,,,,"Speed feedback = 1996 rpm"
329895,TX,0x201,3,0x90,0x90,0x00,0x00,,,,,"Set torque = 0"
329922,TX,0x201,3,0x90,0x90,0xDE,0x02,,,,,"Set torque = 734"
329948,TX,0x201,3,0x90,0x90,0x83,0x02,,,,,"Set torque = 643"
329974,TX,0x201,3,0x90,0x90,0x1C,0x03,,,,,"Set torque = 796"
329981,RX,0x181,6,0x40,0x40,0x11,0x41,0x80,0x02,0x0B,,"Status word = 0x4111"
329988,RX,0x181,4,0x30,0x30,0xF4,0x07,0x01,,,,"Speed feedback = 2036 rpm"
330000,TX,0x201,3,0x90,0x90,0x00,0x00,,,,,"Set torque = 0"
330027,TX,0x201,3,0x90,0x90,0xF4,0x00,,,,,"Set torque = 244"
330053,TX,0x201,3,0x90,0x90,0x08,0x02,,,,,"Set torque = 520"
330079,TX,0x201,3,0x90,0x90,0x00,0x00,,,,,"Set torque = 0"
330168,RX,0x181,6,0x40,0x40,0x11,0x41,0x80,0x02,0x0B,,"Status word = 0x4111"
330175,RX,0x181,4,0x30,0x30,0x44,0x08,0x01,,,,"Speed feedback = 2116 rpm"
330182,RX,0x181,6,0x40,0x40,0x11,0x41,0x80,0x02,0x0B,,"Status word = 0x4111"
330189,RX,0x181,4,0x30,0x30,0xB5,0x06,0x01,,,,"Speed feedback = 1717 rpm"
330195,TX,0x201,3,0x90,0x90,0x3A,0x03,,,,,"Set torque = 826"
330222,TX,0x201,3,0x90,0x90,0x08,0x02,,,,,"Set torque = 520"
330249,TX,0x201,3,0x90,0x90,0x13,0x01,,,,,"Set torque = 275"
330275,TX,0x201,3,0x90,0x90,0x00,0x00,,,,,"Set torque = 0"
330281,RX,0x181,6,0x40,0x40,0x11,0x41,0x80,0x02,0x0B,,"Status word = 0x4111"
330288,RX,0x181,4,0x30,0x30,0xB5,0x06,0x01,,,,"Speed feedback = 1717 rpm"
330301,TX,0x201,3,0x90,0x90,0x45,0x02,,,,,"Set torque = 581"
330327,TX,0x201,3,0x90,0x90,0xC0,0x02,,,,,"Set torque = 704"
330353,TX,0x201,3,0x90,0x90,0x13,0x01,,,,,"Set torque = 275"
330379,TX,0x201,3,0x90,0x90,0xC0,0x02,,,,,"Set torque = 704"
330385,RX,0x181,6,0x40,0x40,0x11,0x41,0x80,0x02,0x0B,,"Status word = 0x4111"
330392,RX,0x181,4,0x30,0x30,0x3D,0x06,0x01,,,,"Speed feedback = 1597 rpm"
330405,TX,0x201,3,0x90,0x90,0xB5,0x03,,,,,"Set torque = 949"
330431,TX,0x201,3,0x90,0x90,0x00,0x00,,,,,"Set torque = 0"
330457,TX,0x201,3,0x90,0x90,0x08,0x02,,,,,"Set torque = 520"
330481,RX,0x181,6,0x40,0x40,0x11,0x41,0x80,0x02,0x0B,,"Status word = 0x4111"
330487,TX,0x201,3,0x90,0x90,0x6F,0x01,,,,,"Set torque = 367"
330494,RX,0x181,4,0x30,0x30,0x2D,0x07,0x01,,,,"Speed feedback = 1837 rpm"
330514,TX,0x201,3,0x90,0x90,0xA1,0x02,,,,,"Set torque = 673"
330540,TX,0x201,3,0x90,0x90,0x59,0x03,,,,,"Set torque = 857"
330630,RX,0x181,6,0x40,0x40,0x11,0x41,0x80,0x02,0x0B,,"Status word = 0x4111"
330637,RX,0x181,4,0x30,0x30,0xCC,0x07,0x01,,,,"Speed feedback = 1996 rpm"
330650,TX,0x201,3,0x90,0x90,0xDE,0x02,,,,,"Set torque = 734"
330676,TX,0x201,3,0x90,0x90,0xE9,0x01,,,,,"Set torque = 489"
330682,RX,0x181,6,0x40,0x40,0x11,0x41,0x80,0x02,0x0B,,"Status word = 0x4111"
330689,RX,0x181,4,0x30,0x30,0x5C,0x09,0x01,,,,"Speed feedback = 2396 rpm"
330702,TX,0x201,3,0x90,0x90,0x45,0x02,,,,,"Set torque = 581"
330728,TX,0x201,3,0x90,0x90,0x08,0x02,,,,,"Set torque = 520"
330754,TX,0x201,3,0x90,0x90,0x45,0x02,,,,,"Set torque = 581"
330780,RX,0x181,6,0x40,0x40,0x11,0x41,0x80,0x02,0x0B,,"Status word = 0x4111"
330787,TX,0x201,3,0x90,0x90,0x83,0x02,,,,,"Set torque = 643"
330794,RX,0x181,4,0x30,0x30,0x4B,0x0A,0x01,,,,"Speed feedback = 2635 rpm"
330814,TX,0x201,3,0x90,0x90,0x8E,0x01,,,,,"Set torque = 398"
330840,TX,0x201,3,0x90,0x90,0x50,0x01,,,,,"Set torque = 336"
330866,TX,0x201,3,0x90,0x90,0x27,0x02,,,,,"Set torque = 551"
330880,RX,0x181,6,0x40,0x40,0x11,0x41,0x80,0x02,0x0B,,"Status word = 0x4111"
330887,RX,0x181,4,0x30,0x30,0xFC,0x09,0x01,,,,"Speed feedback = 2556 rpm"
330894,TX,0x201,3,0x90,0x90,0x6F,0x01,,,,,"Set torque = 367"
330921,TX,0x201,3,0x90,0x90,0x64,0x02,,,,,"Set torque = 612"
330947,TX,0x201,3,0x90,0x90,0x08,0x02,,,,,"Set torque = 520"
330973,TX,0x201,3,0x90,0x90,0xFD,0x02,,,,,"Set torque = 765"
330980,RX,0x181,6,0x40,0x40,0x11,0x41,0x80,0x02,0x0B,,"Status word = 0x4111"
330987,RX,0x181,4,0x30,0x30,0x23,0x0A,0x01,,,,"Speed feedback = 2595 rpm"
330999,TX,0x201,3,0x90,0x90,0x27,0x02,,,,,"Set torque = 551"
331088,RX,0x181,6,0x40,0x40,0x11,0x41,0x80,0x02,0x0B,,"Status word = 0x4111"
331095,RX,0x181,4,0x30,0x30,0x73,0x0A,0x01,,,,"Speed feedback = 2675 rpm"
331108,TX,0x201,3,0x90,0x90,0x08,0x02,,,,,"Set torque = 520"
331135,TX,0x201,3,0x90,0x90,0x1C,0x03,,,,,"Set torque = 796"
331161,TX,0x201,3,0x90,0x90,0xC0,0x02,,,,,"Set torque = 704"
331180,RX,0x181,6,0x40,0x40,0x11,0x41,0x80,0x02,0x0B,,"Status word = 0x4111"
331187,TX,0x201,3,0x90,0x90,0x64,0x02,,,,,"Set torque = 612"
331191,RX,0x181,4,0x30,0x30,0x3B,0x0B,0x01,,,,"Speed feedback = 2875 rpm"
331211,TX,0x201,3,0x90,0x90,0xB5,0x03,,,,,"Set torque = 949"
331237,TX,0x201,3,0x90,0x90,0x96,0x03,,,,,"Set torque = 918"
331263,TX,0x201,3,0x90,0x90,0x96,0x03,,,,,"Set torque = 918"
331279,RX,0x181,6,0x40,0x40,0x11,0x41,0x80,0x02,0x0B,,"Status word = 0x4111"
331287,RX,0x181,4,0x30,0x30,0x03,0x0C,0x01,,,,"Speed feedback = 3075 rpm"
331293,TX,0x201,3,0x90,0x90,0x64,0x02,,,,,"Set torque = 612"
331320,TX,0x201,3,0x90,0x90,0x3A,0x03,,,,,"Set torque = 826"
331346,TX,0x201,3,0x90,0x90,0x59,0x03,,,,,"Set torque = 857"
331372,TX,0x201,3,0x90,0x90,0x50,0x01,,,,,"Set torque = 336"
331379,RX,0x181,6,0x40,0x40,0x11,0x41,0x80,0x02,0x0B,,"Status word = 0x4111"
331386,RX,0x181,4,0x30,0x30,0xE2,0x0D,0x01,,,,"Speed feedback = 3554 rpm"
331398,TX,0x201,3,0x90,0x90,0xD3,0x03,,,,,"Set torque = 979"
331424,TX,0x201,3,0x90,0x90,0x7A,0x00,,,,,"Set torque = 122"
331451,TX,0x201,3,0x90,0x90,0xD6,0x00,,,,,"Set torque = 214"
331477,TX,0x201,3,0x90,0x90,0x08,0x02,,,,,"Set torque = 520"
331483,RX,0x181,6,0x40,0x40,0x11,0x41,0x80,0x02,0x0B,,"Status word = 0x4111"
331576,RX,0x181,4,0x30,0x30,0x32,0x0E,0x01,,,,"Speed feedback = 3634 rpm"
331583,RX,0x181,6,0x40,0x40,0x11,0x41,0x80,0x02,0x0B,,"Status word = 0x4111"
331589,RX,0x181,4,0x30,0x30,0xFA,0x0E,0x01,,,,"Speed feedback = 3834 rpm"
331596,TX,0x201,3,0x90,0x90,0xA1,0x02,,,,,"Set torque = 673"
331623,TX,0x201,3,0x90,0x90,0x32,0x01,,,,,"Set torque = 306"
331649,TX,0x201,3,0x90,0x90,0x3A,0x03,,,,,"Set torque = 826"
331676,TX,0x201,3,0x90,0x90,0x96,0x03,,,,,"Set torque = 918"
331682,RX,0x181,6,0x40,0x40,0x11,0x41,0x80,0x02,0x0B,,"Status word = 0x4111"
331689,RX,0x181,4,0x30,0x30,0x82,0x0E,0x01,,,,"Speed feedback = 3714 rpm"
331702,TX,0x201,3,0x90,0x90,0xE9,0x01,,,,,"Set torque = 489"
331728,TX,0x201,3,0x90,0x90,0x4E,0x04,,,,,"Set torque = 1102"
331754,TX,0x201,3,0x90,0x90,0x45,0x02,,,,,"Set torque = 581"
331779,RX,0x181,6,0x40,0x40,0x11,0x41,0x80,0x02,0x0B,,"Status word = 0x4111"
331785,TX,0x201,3,0x90,0x90,0xD3,0x03,,,,,"Set torque = 979"
331792,RX,0x181,4,0x30,0x30,0x99,0x0F,0x01,,,,"Speed feedback = 3993 rpm"
331812,TX,0x201,3,0x90,0x90,0xA1,0x02,,,,,"Set torque = 673"
331838,TX,0x201,3,0x90,0x90,0x64,0x02,,,,,"Set torque = 612"
331864,TX,0x201,3,0x90,0x90,0xCB,0x01,,,,,"Set torque = 459"
331878,RX,0x181,6,0x40,0x40,0x11,0x41,0x80,0x02,0x0B,,"Status word = 0x4111"
331885,RX,0x181,4,0x30,0x30,0xC1,0x0F,0x01,,,,"Speed feedback = 4033 rpm"
331892,TX,0x201,3,0x90,0x90,0x08,0x02,,,,,"Set torque = 520"
331919,TX,0x201,3,0x90,0x90,0x13,0x01,,,,,"Set torque = 275"
331945,TX,0x201,3,0x90,0x90,0xC0,0x02,,,,,"Set torque = 704"
331971,TX,0x201,3,0x90,0x90,0x11,0x04,,,,,"Set torque = 1041"
332075,RX,0x181,6,0x40,0x40,0x11,0x41,0x80,0x02,0x0B,,"Status word = 0x4111"
332082,RX,0x181,6,0x40,0x40,0x11,0x41,0x80,0x02,0x0B,,"Status word = 0x4111"
332088,RX,0x181,4,0x30,0x30,0x79,0x11,0x01,,,,"Speed feedback = 4473 rpm"
332095,RX,0x181,4,0x30,0x30,0xC1,0x0F,0x01,,,,"Speed feedback = 4033 rpm"
332103,TX,0x201,3,0x90,0x90,0xA1,0x02,,,,,"Set torque = 673"
332130,TX,0x201,3,0x90,0x90,0xDE,0x02,,,,,"Set torque = 734"
332156,TX,0x201,3,0x90,0x90,0xAC,0x01,,,,,"Set torque = 428"
332178,RX,0x181,6,0x40,0x40,0x11,0x41,0x80,0x02,0x0B,,"Status word = 0x4111"
332185,RX,0x181,4,0x30,0x30,0xB8,0x12,0x01,,,,"Speed feedback = 4792 rpm"
332192,TX,0x201,3,0x90,0x90,0xF4,0x00,,,,,"Set torque = 244"
332219,TX,0x201,3,0x90,0x90,0xFD,0x02,,,,,"Set torque = 765"
332245,TX,0x201,3,0x90,0x90,0xB5,0x03,,,,,"Set torque = 949"
332271,TX,0x201,3,0x90,0x90,0x59,0x03,,,,,"Set torque = 857"
332278,RX,0x181,6,0x40,0x40,0x11,0x41,0x80,0x02,0x0B,,"Status word = 0x4111"
332285,RX,0x181,4,0x30,0x30,0xC8,0x11,0x01,,,,"Speed feedback = 4552 rpm"
332297,TX,0x201,3,0x90,0x90,0xFD,0x02,,,,,"Set torque = 765"
332323,TX,0x201,3,0x90,0x90,0xDE,0x02,,,,,"Set torque = 734"
332350,TX,0x201,3,0x90,0x90,0xA1,0x02,,,,,"Set torque = 673"
332376,TX,0x201,3,0x90,0x90,0x3A,0x03,,,,,"Set torque = 826"
332382,RX,0x181,6,0x40,0x40,0x11,0x41,0x80,0x02,0x0B,,"Status word = 0x4111"
332389,RX,0x181,4,0x30,0x30,0x90,0x12,0x01,,,,"Speed feedback = 4752 rpm"
332402,TX,0x201,3,0x90,0x90,0xD6,0x00,,,,,"Set torque = 214"
332428,TX,0x201,3,0x90,0x90,0x99,0x00,,,,,"Set torque = 153"
332531,RX,0x181,6,0x40,0x40,0x11,0x41,0x80,0x02,0x0B,,"Status word = 0x4111"
332538,RX,0x181,4,0x30,0x30,0x79,0x11,0x01,,,,"Speed feedback = 4473 rpm"
332551,TX,0x201,3,0x90,0x90,0x27,0x02,,,,,"Set torque = 551"
332577,RX,0x181,6,0x40,0x40,0x11,0x41,0x80,0x02,0x0B,,"Status word = 0x4111"
332582,TX,0x201,3,0x90,0x90,0x1E,0x00,,,,,"Set torque = 30"
332589,RX,0x181,4,0x30,0x30,0xB1,0x10,0x01,,,,"Speed feedback = 4273 rpm"
332609,TX,0x201,3,0x90,0x90,0xCB,0x01,,,,,"Set torque = 459"
332635,TX,0x201,3,0x90,0x90,0x8E,0x01,,,,,"Set torque = 398"
332661,TX,0x201,3,0x90,0x90,0xA1,0x02,,,,,"Set torque = 673"
332677,RX,0x181,6,0x40,0x40,0x11,0x41,0x80,0x02,0x0B,,"Status word = 0x4111"
332684,RX,0x181,4,0x30,0x30,0x49,0x0F,0x01,,,,"Speed feedback = 3913 rpm"
332691,TX,0x201,3,0x90,0x90,0x45,0x02,,,,,"Set torque = 581"
332718,TX,0x201,3,0x90,0x90,0xC0,0x02,,,,,"Set torque = 704"
332744,TX,0x201,3,0x90,0x90,0x83,0x02,,,,,"Set torque = 643"
332770,TX,0x201,3,0x90,0x90,0x50,0x01,,,,,"Set torque = 336"
332777,RX,0x181,6,0x40,0x40,0x11,0x41,0x80,0x02,0x0B,,"Status word = 0x4111"
332784,RX,0x181,4,0x30,0x30,0xC1,0x0F,0x01,,,,"Speed feedback = 4033 rpm"
332796,TX,0x201,3,0x90,0x90,0x6F,0x01,,,,,"Set torque = 367"
332822,TX,0x201,3,0x90,0x90,0xD3,0x03,,,,,"Set torque = 979"
332848,TX,0x201,3,0x90,0x90,0xDE,0x02,,,,,"Set torque = 734"
332874,TX,0x201,3,0x90,0x90,0x06,0x05,,,,,"Set torque = 1286"
332881,RX,0x181,6,0x40,0x40,0x11,0x41,0x80,0x02,0x0B,,"Status word = 0x4111"
332887,RX,0x181,4,0x30,0x30,0x99,0x0F,0x01,,,,"Speed feedback = 3993 rpm"
332901,TX,0x201,3,0x90,0x90,0x8E,0x01,,,,,"Set torque = 398"
333041,RX,0x181,6,0x40,0x40,0x11,0x41,0x80,0x02,0x0B,,"Status word = 0x4111"
333048,RX,0x181,4,0x30,0x30,0x61,0x10,0x01,,,,"Speed feedback = 4193 rpm"
333061,TX,0x201,3,0x90,0x90,0x27,0x02,,,,,"Set torque = 551"
333077,RX,0x181,6,0x40,0x40,0x11,0x41,0x80,0x02,0x0B,,"Status word = 0x4111"
333084,RX,0x181,4,0x30,0x30,0x49,0x0F,0x01,,,,"Speed feedback = 3913 rpm"
333090,TX,0x201,3,0x90,0x90,0x59,0x03,,,,,"Set torque = 857"
333117,TX,0x201,3,0x90,0x90,0x45,0x02,,,,,"Set torque = 581"
333143,TX,0x201,3,0x90,0x90,0xAC,0x01,,,,,"Set torque = 428"
333169,TX,0x201,3,0x90,0x90,0x13,0x01,,,,,"Set torque = 275"
333176,RX,0x181,6,0x40,0x40,0x11,0x41,0x80,0x02,0x0B,,"Status word = 0x4111"
333183,RX,0x181,4,0x30,0x30,0x49,0x0F,0x01,,,,"Speed feedback = 3913 rpm"
333195,TX,0x201,3,0x90,0x90,0x45,0x02,,,,,"Set torque = 581"
333221,TX,0x201,3,0x90,0x90,0xFD,0x02,,,,,"Set torque = 765"
333247,TX,0x201,3,0x90,0x90,0xB5,0x03,,,,,"Set torque = 949"
333273,TX,0x201,3,0x90,0x90,0x83,0x02,,,,,"Set torque = 643"
333280,RX,0x181,6,0x40,0x40,0x11,0x41,0x80,0x02,0x0B,,"Status word = 0x4111"
333286,RX,0x181,4,0x30,0x30,0xAA,0x0E,0x01,,,,"Speed feedback = 3754 rpm"
333300,TX,0x201,3,0x90,0x90,0x45,0x02,,,,,"Set torque = 581"
333326,TX,0x201,3,0x90,0x90,0x00,0x00,,,,,"Set torque = 0"
333352,TX,0x201,3,0x90,0x90,0xA1,0x02,,,,,"Set torque = 673"
333376,RX,0x181,6,0x40,0x40,0x11,0x41,0x80,0x02,0x0B,,"Status word = 0x4111"
333383,TX,0x201,3,0x90,0x90,0x1C,0x03,,,,,"Set torque = 796"
333390,RX,0x181,4,0x30,0x30,0xE9,0x0F,0x01,,,,"Speed feedback = 4073 rpm"
333448,TX,0x201,3,0x90,0x90,0x08,0x02,,,,,"Set torque = 520"
333475,TX,0x201,3,0x90,0x90,0x78,0x03,,,,,"Set torque = 888"
333481,RX,0x181,6,0x40,0x40,0x11,0x41,0x80,0x02,0x0B,,"Status word = 0x4111"
333488,RX,0x181,4,0x30,0x30,0x11,0x10,0x01,,,,"Speed feedback = 4113 rpm"
333501,TX,0x201,3,0x90,0x90,0xA1,0x02,,,,,"Set torque = 673"
333527,TX,0x201,3,0x90,0x90,0x08,0x02,,,,,"Set torque = 520"
333553,TX,0x201,3,0x90,0x90,0x3A,0x03,,,,,"Set torque = 826"
333576,RX,0x181,6,0x40,0x40,0x11,0x41,0x80,0x02,0x0B,,"Status word = 0x4111"
333583,TX,0x201,3,0x90,0x90,0x1C,0x03,,,,,"Set torque = 796"
333590,RX,0x181,4,0x30,0x30,0x29,0x11,0x01,,,,"Speed feedback = 4393 rpm"
333610,TX,0x201,3,0x90,0x90,0xFD,0x02,,,,,"Set torque = 765"
333636,TX,0x201,3,0x90,0x90,0x11,0x04,,,,,"Set torque = 1041"
333662,TX,0x201,3,0x90,0x90,0xA1,0x02,,,,,"Set torque = 673"
333676,RX,0x181,6,0x40,0x40,0x11,0x41,0x80,0x02,0x0B,,"Status word = 0x4111"
333683,RX,0x181,4,0x30,0x30,0x61,0x10,0x01,,,,"Speed feedback = 4193 rpm"
333690,TX,0x201,3,0x90,0x90,0x83,0x02,,,,,"Set torque = 643"
333716,TX,0x201,3,0x90,0x90,0x00,0x00,,,,,"Set torque = 0"
333742,TX,0x201,3,0x90,0x90,0xC0,0x02,,,,,"Set torque = 704"
333769,TX,0x201,3,0x90,0x90,0xA1,0x02,,,,,"Set torque = 673"
333775,RX,0x181,6,0x40,0x40,0x11,0x41,0x80,0x02,0x0B,,"Status word = 0x4111"
333782,RX,0x181,4,0x30,0x30,0x01,0x11,0x01,,,,"Speed feedback = 4353 rpm"
333795,TX,0x201,3,0x90,0x90,0x27,0x02,,,,,"Set torque = 551"
333821,TX,0x201,3,0x90,0x90,0xFD,0x02,,,,,"Set torque = 765"
333847,TX,0x201,3,0x90,0x90,0x59,0x03,,,,,"Set torque = 857"
333937,RX,0x181,6,0x40,0x40,0x11,0x41,0x80,0x02,0x0B,,"Status word = 0x4111"
333943,RX,0x181,4,0x30,0x30,0xF0,0x11,0x01,,,,"Speed feedback = 4592 rpm"
333957,TX,0x201,3,0x90,0x90,0xA1,0x02,,,,,"Set torque = 673"
333975,RX,0x181,6,0x40,0x40,0x11,0x41,0x80,0x02,0x0B,,"Status word = 0x4111"
333982,RX,0x181,4,0x30,0x30,0x68,0x12,0x01,,,,"Speed feedback = 4712 rpm"
333989,TX,0x201,3,0x90,0x90,0x13,0x01,,,,,"Set torque = 275"
334016,TX,0x201,3,0x90,0x90,0x8E,0x01,,,,,"Set torque = 398"
334042,TX,0x201,3,0x90,0x90,0xFD,0x02,,,,,"Set torque = 765"
334068,TX,0x201,3,0x90,0x90,0xD6,0x00,,,,,"Set torque = 214"
334075,RX,0x181,6,0x40,0x40,0x11,0x41,0x80,0x02,0x0B,,"Status word = 0x4111"
334082,RX,0x181,4,0x30,0x30,0x40,0x12,0x01,,,,"Speed feedback = 4672 rpm"
334094,TX,0x201,3,0x90,0x90,0x4E,0x04,,,,,"Set torque = 1102"
334121,TX,0x201,3,0x90,0x90,0x96,0x03,,,,,"Set torque = 918"
334147,TX,0x201,3,0x90,0x90,0x45,0x02,,,,,"Set torque = 581"
334173,TX,0x201,3,0x90,0x90,0xFD,0x02,,,,,"Set torque = 765"
334179,RX,0x181,6,0x40,0x40,0x11,0x41,0x80,0x02,0x0B,,"Status word = 0x4111"
334186,RX,0x181,4,0x30,0x30,0x18,0x12,0x01,,,,"Speed feedback = 4632 rpm"
334199,TX,0x201,3,0x90,0x90,0xF2,0x03,,,,,"Set torque = 1010"
334225,TX,0x201,3,0x90,0x90,0x08,0x02,,,,,"Set torque = 520"
334251,TX,0x201,3,0x90,0x90,0x59,0x03,,,,,"Set torque = 857"
334275,RX,0x181,6,0x40,0x40,0x11,0x41,0x80,0x02,0x0B,,"Status word = 0x4111"
334282,RX,0x181,4,0x30,0x30,0x30,0x13,0x01,,,,"Speed feedback = 4912 rpm"
334289,TX,0x201,3,0x90,0x90,0x1C,0x03,,,,,"Set torque = 796"
334315,TX,0x201,3,0x90,0x90,0xA1,0x02,,,,,"Set torque = 673"
334405,RX,0x181,6,0x40,0x40,0x11,0x41,0x80,0x02,0x0B,,"Status word = 0x4111"
334412,RX,0x181,4,0x30,0x30,0xE0,0x12,0x01,,,,"Speed feedback = 4832 rpm"
334425,TX,0x201,3,0x90,0x90,0xF4,0x00,,,,,"Set torque = 244"
334451,TX,0x201,3,0x90,0x90,0x78,0x03,,,,,"Set torque = 888"
334474,RX,0x181,6,0x40,0x40,0x11,0x41,0x80,0x02,0x0B,,"Status word = 0x4111"
334481,TX,0x201,3,0x90,0x90,0xC0,0x02,,,,,"Set torque = 704"
334488,RX,0x181,4,0x30,0x30,0x1F,0x14,0x01,,,,"Speed feedback = 5151 rpm"
334508,TX,0x201,3,0x90,0x90,0x3A,0x03,,,,,"Set torque = 826"
334534,TX,0x201,3,0x90,0x90,0x83,0x02,,,,,"Set torque = 643"
334560,TX,0x201,3,0x90,0x90,0xB5,0x03,,,,,"Set torque = 949"
334574,RX,0x181,6,0x40,0x40,0x11,0x41,0x80,0x02,0x0B,,"Status word = 0x4111"
334581,RX,0x181,4,0x30,0x30,0x0F,0x15,0x01,,,,"Speed feedback = 5391 rpm"
334588,TX,0x201,3,0x90,0x90,0xFD,0x02,,,,,"Set torque = 765"
334615,TX,0x201,3,0x90,0x90,0xAC,0x01,,,,,"Set torque = 428"
334641,TX,0x201,3,0x90,0x90,0xAC,0x01,,,,,"Set torque = 428"
334668,TX,0x201,3,0x90,0x90,0x83,0x02,,,,,"Set torque = 643"
334674,RX,0x181,6,0x40,0x40,0x11,0x41,0x80,0x02,0x0B,,"Status word = 0x4111"
334681,RX,0x181,4,0x30,0x30,0x97,0x14,0x01,,,,"Speed feedback = 5271 rpm"
334694,TX,0x201,3,0x90,0x90,0xDE,0x02,,,,,"Set torque = 734"
334720,TX,0x201,3,0x90,0x90,0xA1,0x02,,,,,"Set torque = 673"
334746,TX,0x201,3,0x90,0x90,0xAC,0x01,,,,,"Set torque = 428"
334772,TX,0x201,3,0x90,0x90,0x96,0x03,,,,,"Set torque = 918"
334778,RX,0x181,6,0x40,0x40,0x11,0x41,0x80,0x02,0x0B,,"Status word = 0x4111"
334785,RX,0x181,4,0x30,0x30,0x47,0x14,0x01,,,,"Speed feedback = 5191 rpm"
334870,TX,0x201,3,0x90,0x90,0xD3,0x03,,,,,"Set torque = 979"
334877,RX,0x181,6,0x40,0x40,0x11,0x41,0x80,0x02,0x0B,,"Status word = 0x4111"
334883,RX,0x181,4,0x30,0x30,0x0F,0x15,0x01,,,,"Speed feedback = 5391 rpm"
334897,TX,0x201,3,0x90,0x90,0xAC,0x01,,,,,"Set torque = 428"
334923,TX,0x201,3,0x90,0x90,0x08,0x02,,,,,"Set torque = 520"
334949,TX,0x201,3,0x90,0x90,0xFD,0x02,,,,,"Set torque = 765"
334974,RX,0x181,6,0x40,0x40,0x11,0x41,0x80,0x02,0x0B,,"Status word = 0x4111"
334980,TX,0x201,3,0x90,0x90,0xCB,0x01,,,,,"Set torque = 459"
334987,RX,0x181,4,0x30,0x30,0x27,0x16,0x01,,,,"Speed feedback = 5671 rpm"
335007,TX,0x201,3,0x90,0x90,0x32,0x01,,,,,"Set torque = 306"
335033,TX,0x201,3,0x90,0x90,0x08,0x02,,,,,"Set torque = 520"
335059,TX,0x201,3,0x90,0x90,0xB5,0x03,,,,,"Set torque = 949"
335073,RX,0x181,6,0x40,0x40,0x11,0x41,0x80,0x02,0x0B,,"Status word = 0x4111"
335080,RX,0x181,4,0x30,0x30,0x0F,0x15,0x01,,,,"Speed feedback = 5391 rpm"
335087,TX,0x201,3,0x90,0x90,0xAC,0x01,,,,,"Set torque = 428"
335114,TX,0x201,3,0x90,0x90,0xD3,0x03,,,,,"Set torque = 979"
335140,TX,0x201,3,0x90,0x90,0x64,0x02,,,,,"Set torque = 612"
335166,TX,0x201,3,0x90,0x90,0xAC,0x01,,,,,"Set torque = 428"
335173,RX,0x181,6,0x40,0x40,0x11,0x41,0x80,0x02,0x0B,,"Status word = 0x4111"
335180,RX,0x181,4,0x30,0x30,0x27,0x16,0x01,,,,"Speed feedback = 5671 rpm"
335193,TX,0x201,3,0x90,0x90,0x3A,0x03,,,,,"Set torque = 826"
335219,TX,0x201,3,0x90,0x90,0x83,0x02,,,,,"Set torque = 643"
335245,TX,0x201,3,0x90,0x90,0x6F,0x01,,,,,"Set torque = 367"
335271,TX,0x201,3,0x90,0x90,0xE9,0x01,,,,,"Set torque = 489"
335355,RX,0x181,6,0x40,0x40,0x11,0x41,0x80,0x02,0x0B,,"Status word = 0x4111"
335361,RX,0x181,4,0x30,0x30,0xE7,0x14,0x01,,,,"Speed feedback = 5351 rpm"
335373,RX,0x181,6,0x40,0x40,0x11,0x41,0x80,0x02,0x0B,,"Status word = 0x4111"
335380,RX,0x181,4,0x30,0x30,0x0F,0x15,0x01,,,,"Speed feedback = 5391 rpm"
335387,TX,0x201,3,0x90,0x90,0xDE,0x02,,,,,"Set torque = 734"
335414,TX,0x201,3,0x90,0x90,0x27,0x02,,,,,"Set torque = 551"
335440,TX,0x201,3,0x90,0x90,0xA1,0x02,,,,,"Set torque = 673"
335466,TX,0x201,3,0x90,0x90,0x5B,0x00,,,,,"Set torque = 91"
335473,RX,0x181,6,0x40,0x40,0x11,0x41,0x80,0x02,0x0B,,"Status word = 0x4111"
335480,RX,0x181,4,0x30,0x30,0xB8,0x12,0x01,,,,"Speed feedback = 4792 rpm"
335492,TX,0x201,3,0x90,0x90,0x45,0x02,,,,,"Set torque = 581"
335518,TX,0x201,3,0x90,0x90,0xF2,0x03,,,,,"Set torque = 1010"
335545,TX,0x201,3,0x90,0x90,0x00,0x00,,,,,"Set torque = 0"
335571,TX,0x201,3,0x90,0x90,0xAC,0x01,,,,,"Set torque = 428"
335577,RX,0x181,6,0x40,0x40,0x11,0x41,0x80,0x02,0x0B,,"Status word = 0x4111"
335584,RX,0x181,4,0x30,0x30,0xF8,0x13,0x01,,,,"Speed feedback = 5112 rpm"
335597,TX,0x201,3,0x90,0x90,0x8E,0x01,,,,,"Set torque = 398"
335623,TX,0x201,3,0x90,0x90,0xCB,0x01,,,,,"Set torque = 459"
335649,TX,0x201,3,0x90,0x90,0x00,0x00,,,,,"Set torque = 0"
335672,RX,0x181,6,0x40,0x40,0x11,0x41,0x80,0x02,0x0B,,"Status word = 0x4111"
335677,TX,0x201,3,0x90,0x90,0x3D,0x00,,,,,"Set torque = 61"
335684,RX,0x181,4,0x30,0x30,0x68,0x12,0x01,,,,"Speed feedback = 4712 rpm"
335704,TX,0x201,3,0x90,0x90,0x00,0x00,,,,,"Set torque = 0"
335730,TX,0x201,3,0x90,0x90,0x7A,0x00,,,,,"Set torque = 122"
335815,RX,0x181,6,0x40,0x40,0x11,0x41,0x80,0x02,0x0B,,"Status word = 0x4111"
335822,RX,0x181,4,0x30,0x30,0xA0,0x11,0x01,,,,"Speed feedback = 4512 rpm"
335835,TX,0x201,3,0x90,0x90,0x00,0x00,,,,,"Set torque = 0"
335861,TX,0x201,3,0x90,0x90,0x00,0x00,,,,,"Set torque = 0"
335872,RX,0x181,6,0x40,0x40,0x11,0x41,0x80,0x02,0x0B,,"Status word = 0x4111"
335879,RX,0x181,4,0x30,0x30,0xFA,0x0E,0x01,,,,"Speed feedback = 3834 rpm"
335887,TX,0x201,3,0x90,0x90,0x00,0x00,,,,,"Set torque = 0"
335913,TX,0x201,3,0x90,0x90,0x00,0x00,,,,,"Set torque = 0"
335939,TX,0x201,3,0x90,0x90,0x00,0x00,,,,,"Set torque = 0"
335965,TX,0x201,3,0x90,0x90,0x00,0x00,,,,,"Set torque = 0"
335972,RX,0x181,6,0x40,0x40,0x11,0x41,0x80,0x02,0x0B,,"Status word = 0x4111"
335979,RX,0x181,4,0x30,0x30,0xA2,0x0C,0x01,,,,"Speed feedback = 3234 rpm"
335991,TX,0x201,3,0x90,0x90,0x00,0x00,,,,,"Set torque = 0"
336017,TX,0x201,3,0x90,0x90,0x00,0x00,,,,,"Set torque = 0"
336043,TX,0x201,3,0x90,0x90,0x00,0x00,,,,,"Set torque = 0"
336070,TX,0x201,3,0x90,0x90,0x00,0x00,,,,,"Set torque = 0"
336076,RX,0x181,6,0x40,0x40,0x11,0x41,0x80,0x02,0x0B,,"Status word = 0x4111"
336083,RX,0x181,4,0x30,0x30,0x3B,0x0B,0x01,,,,"Speed feedback = 2875 rpm"
336096,TX,0x201,3,0x90,0x90,0x00,0x00,,,,,"Set torque = 0"
336122,TX,0x201,3,0x90,0x90,0x00,0x00,,,,,"Set torque = 0"
336148,TX,0x201,3,0x90,0x90,0x00,0x00,,,,,"Set torque = 0"
336172,RX,0x181,6,0x40,0x40,0x11,0x41,0x80,0x02,0x0B,,"Status word = 0x4111"
336178,TX,0x201,3,0x90,0x90,0x00,0x00,,,,,"Set torque = 0"
336185,RX,0x181,4,0x30,0x30,0x84,0x09,0x01,,,,"Speed feedback = 2436 rpm"
336271,TX,0x201,3,0x90,0x90,0x00,0x00,,,,,"Set torque = 0"
336278,RX,0x181,6,0x40,0x40,0x11,0x41,0x80,0x02,0x0B,,"Status word = 0x4111"
336284,RX,0x181,4,0x30,0x30,0x7D,0x07,0x01,,,,"Speed feedback = 1917 rpm"
336298,TX,0x201,3,0x90,0x90,0x00,0x00,,,,,"Set torque = 0"
336324,TX,0x201,3,0x90,0x90,0x00,0x00,,,,,"Set torque = 0"
336350,TX,0x201,3,0x90,0x90,0x00,0x00,,,,,"Set torque = 0"
336371,RX,0x181,6,0x40,0x40,0x11,0x41,0x80,0x02,0x0B,,"Status word = 0x4111"
336378,TX,0x201,3,0x90,0x90,0x00,0x00,,,,,"Set torque = 0"
336385,RX,0x181,4,0x30,0x30,0x4D,0x05,0x01,,,,"Speed feedback = 1357 rpm"
336405,TX,0x201,3,0x90,0x90,0x00,0x00,,,,,"Set torque = 0"
336431,TX,0x201,3,0x90,0x90,0x00,0x00,,,,,"Set torque = 0"
336457,TX,0x201,3,0x90,0x90,0x00,0x00,,,,,"Set torque = 0"
336471,RX,0x181,6,0x40,0x40,0x11,0x41,0x80,0x02,0x0B,,"Status word = 0x4111"
336478,RX,0x181,4,0x30,0x30,0xE6,0x03,0x01,,,,"Speed feedback = 998 rpm"
336485,TX,0x201,3,0x90,0x90,0x00,0x00,,,,,"Set torque = 0"
336512,TX,0x201,3,0x90,0x90,0x00,0x00,,,,,"Set torque = 0"
336538,TX,0x201,3,0x90,0x90,0x00,0x00,,,,,"Set torque = 0"
336564,TX,0x201,3,0x90,0x90,0x00,0x00,,,,,"Set torque = 0"
336571,RX,0x181,6,0x40,0x40,0x11,0x41,0x80,0x02,0x0B,,"Status word = 0x4111"
336578,RX,0x181,4,0x30,0x30,0xCE,0x02,0x01,,,,"Speed feedback = 718 rpm"
336591,TX,0x201,3,0x90,0x90,0x00,0x00,,,,,"Set torque = 0"
336617,TX,0x201,3,0x90,0x90,0x00,0x00,,,,,"Set torque = 0"
336643,TX,0x201,3,0x90,0x90,0x00,0x00,,,,,"Set torque = 0"
336669,TX,0x201,3,0x90,0x90,0x00,0x00,,,,,"Set torque = 0"
336755,RX,0x181,6,0x40,0x40,0x11,0x41,0x80,0x00,0x0B,,"Status word = 0x4111"
336762,RX,0x181,4,0x30,0x30,0x8F,0x01,0x01,,,,"Speed feedback = 399 rpm"
336771,RX,0x181,6,0x40,0x40,0x11,0x41,0x80,0x00,0x0B,,"Status word = 0x4111"
336778,RX,0x181,4,0x30,0x30,0xC7,0x00,0x01,,,,"Speed feedback = 199 rpm"
336785,TX,0x201,3,0x90,0x90,0x00,0x00,,,,,"Set torque = 0"
336811,TX,0x201,3,0x90,0x90,0x00,0x00,,,,,"Set torque = 0"
336837,TX,0x201,3,0x90,0x90,0x00,0x00,,,,,"Set torque = 0"
336863,TX,0x201,3,0x90,0x90,0x00,0x00,,,,,"Set torque = 0"
336871,RX,0x181,6,0x40,0x40,0x11,0x41,0x80,0x00,0x0B,,"Status word = 0x4111"
336879,RX,0x181,4,0x30,0x30,0x4F,0x00,0x01,,,,"Speed feedback = 79 rpm"
336889,TX,0x201,3,0x90,0x90,0x00,0x00,,,,,"Set torque = 0"
336915,TX,0x201,3,0x90,0x90,0x00,0x00,,,,,"Set torque = 0"
336942,TX,0x201,3,0x90,0x90,0x00,0x00,,,,,"Set torque = 0"
336968,TX,0x201,3,0x90,0x90,0x00,0x00,,,,,"Set torque = 0"
336974,RX,0x181,6,0x40,0x40,0x11,0x43,0x80,0x00,0x0B,,"Status word = 0x4311"
336981,RX,0x181,4,0x30,0x30,0x00,0x00,0x01,,,,"Speed feedback = 0 rpm"
336994,TX,0x201,3,0x90,0x90,0x00,0x00,,,,,"Set torque = 0"
337020,TX,0x201,3,0x90,0x90,0x00,0x00,,,,,"Set torque = 0"
337046,TX,0x201,3,0x90,0x90,0x00,0x00,,,,,"Set torque = 0"
337070,RX,0x181,6,0x40,0x40,0x11,0x43,0x80,0x00,0x0B,,"Status word = 0x4311"
337077,TX,0x201,3,0x90,0x90,0x00,0x00,,,,,"Set torque = 0"
337084,RX,0x181,4,0x30,0x30,0x00,0x00,0x01,,,,"Speed feedback = 0 rpm"
337104,TX,0x201,3,0x90,0x90,0x00,0x00,,,,,"Set torque = 0"
337130,TX,0x201,3,0x90,0x90,0x00,0x00,,,,,"Set torque = 0"
337214,RX,0x181,6,0x40,0x40,0x11,0x43,0x80,0x00,0x0B,,"Status word = 0x4311"
337221,RX,0x181,4,0x30,0x30,0x00,0x00,0x01,,,,"Speed feedback = 0 rpm"
337234,TX,0x201,3,0x90,0x90,0x00,0x00,,,,,"Set torque = 0"
337260,TX,0x201,3,0x90,0x90,0x00,0x00,,,,,"Set torque = 0"
337270,RX,0x181,6,0x40,0x40,0x11,0x43,0x80,0x00,0x0B,,"Status word = 0x4311"
337277,RX,0x181,4,0x30,0x30,0x00,0x00,0x01,,,,"Speed feedback = 0 rpm"
337286,TX,0x201,3,0x90,0x90,0x00,0x00,,,,,"Set torque = 0"
337312,TX,0x201,3,0x90,0x90,0x00,0x00,,,,,"Set torque = 0"
337338,TX,0x201,3,0x90,0x90,0x00,0x00,,,,,"Set torque = 0"
337364,TX,0x201,3,0x90,0x90,0x00,0x00,,,,,"Set torque = 0"
337370,RX,0x181,6,0x40,0x40,0x11,0x43,0x80,0x00,0x0B,,"Status word = 0x4311"
337377,RX,0x181,4,0x30,0x30,0x00,0x00,0x01,,,,"Speed feedback = 0 rpm"
337390,TX,0x201,3,0x90,0x90,0x00,0x00,,,,,"Set torque = 0"
337416,TX,0x201,3,0x90,0x90,0x00,0x00,,,,,"Set torque = 0"
337442,TX,0x201,3,0x90,0x90,0x00,0x00,,,,,"Set torque = 0"
337469,TX,0x201,3,0x90,0x90,0x00,0x00,,,,,"Set torque = 0"
337475,RX,0x181,6,0x40,0x40,0x11,0x43,0x80,0x00,0x0B,,"Status word = 0x4311"
337482,RX,0x181,4,0x30,0x30,0x00,0x00,0x01,,,,"Speed feedback = 0 rpm"
337495,TX,0x201,3,0x90,0x90,0x00,0x00,,,,,"Set torque = 0"
337521,TX,0x201,3,0x90,0x90,0x00,0x00,,,,,"Set torque = 0"
337547,TX,0x201,3,0x90,0x90,0x00,0x00,,,,,"Set torque = 0"
337569,RX,0x181,6,0x40,0x40,0x11,0x43,0x80,0x00,0x0B,,"Status word = 0x4311"
337576,TX,0x201,3,0x90,0x90,0x00,0x00,,,,,"Set torque = 0"
337583,RX,0x181,4,0x30,0x30,0x00,0x00,0x01,,,,"Speed feedback = 0 rpm"
337663,TX,0x201,3,0x90,0x90,0x00,0x00,,,,,"Set torque = 0"
337670,RX,0x181,6,0x40,0x40,0x11,0x43,0x80,0x00,0x0B,,"Status word = 0x4311"
337676,RX,0x181,4,0x30,0x30,0x00,0x00,0x01,,,,"Speed feedback = 0 rpm"
337690,TX,0x201,3,0x90,0x90,0x00,0x00,,,,,"Set torque = 0"
337716,TX,0x201,3,0x90,0x90,0x00,0x00,,,,,"Set torque = 0"
337742,TX,0x201,3,0x90,0x90,0x00,0x00,,,,,"Set torque = 0"
337768,TX,0x201,3,0x90,0x90,0x00,0x00,,,,,"Set torque = 0"
337774,RX,0x181,6,0x40,0x40,0x11,0x43,0x80,0x00,0x0B,,"Status word = 0x4311"
337781,RX,0x181,4,0x30,0x30,0x00,0x00,0x01,,,,"Speed feedback = 0 rpm"
337794,TX,0x201,3,0x90,0x90,0x00,0x00,,,,,"Set torque = 0"
337820,TX,0x201,3,0x90,0x90,0x00,0x00,,,,,"Set torque = 0"
337846,TX,0x201,3,0x90,0x90,0x00,0x00,,,,,"Set torque = 0"
337869,RX,0x181,6,0x40,0x40,0x11,0x43,0x80,0x00,0x0B,,"Status word = 0x4311"
337876,TX,0x201,3,0x90,0x90,0x00,0x00,,,,,"Set torque = 0"
337883,RX,0x181,4,0x30,0x30,0x00,0x00,0x01,,,,"Speed feedback = 0 rpm"
337903,TX,0x201,3,0x90,0x90,0x00,0x00,,,,,"Set torque = 0"
337929,TX,0x201,3,0x90,0x90,0x00,0x00,,,,,"Set torque = 0"
337955,TX,0x201,3,0x90,0x90,0x00,0x00,,,,,"Set torque = 0"
337969,RX,0x181,6,0x40,0x40,0x11,0x43,0x80,0x00,0x0B,,"Status word = 0x4311"
337976,RX,0x181,4,0x30,0x30,0x00,0x00,0x01,,,,"Speed feedback = 0 rpm"
337983,TX,0x201,3,0x90,0x90,0x00,0x00,,,,,"Set torque = 0"
338009,TX,0x201,3,0x90,0x90,0x00,0x00,,,,,"Set torque = 0"
338035,TX,0x201,3,0x90,0x90,0x00,0x00,,,,,"Set torque = 0"
338120,RX,0x181,6,0x40,0x40,0x11,0x43,0x80,0x00,0x0B,,"Status word = 0x4311"
338126,RX,0x181,4,0x30,0x30,0x00,0x00,0x01,,,,"Speed feedback = 0 rpm"
338140,TX,0x201,3,0x90,0x90,0x00,0x00,,,,,"Set torque = 0"
338167,TX,0x201,3,0x90,0x90,0x00,0x00,,,,,"Set torque = 0"
338173,RX,0x181,6,0x40,0x40,0x11,0x43,0x80,0x00,0x0B,,"Status word = 0x4311"
338180,RX,0x181,4,0x30,0x30,0x00,0x00,0x01,,,,"Speed feedback = 0 rpm"
338193,TX,0x201,3,0x90,0x90,0x00,0x00,,,,,"Set torque = 0"
338219,TX,0x201,3,0x90,0x90,0x00,0x00,,,,,"Set torque = 0"
338245,TX,0x201,3,0x90,0x90,0x00,0x00,,,,,"Set torque = 0"
338268,RX,0x181,6,0x40,0x40,0x11,0x43,0x80,0x00,0x0B,,"Status word = 0x4311"
338275,TX,0x201,3,0x90,0x90,0x00,0x00,,,,,"Set torque = 0"
338282,RX,0x181,4,0x30,0x30,0x00,0x00,0x01,,,,"Speed feedback = 0 rpm"
338302,TX,0x201,3,0x90,0x90,0x00,0x00,,,,,"Set torque = 0"
338328,TX,0x201,3,0x90,0x90,0x00,0x00,,,,,"Set torque = 0"
338354,TX,0x201,3,0x90,0x90,0x00,0x00,,,,,"Set torque = 0"
338368,RX,0x181,6,0x40,0x40,0x11,0x43,0x80,0x00,0x0B,,"Status word = 0x4311"
338375,RX,0x181,4,0x30,0x30,0x00,0x00,0x01,,,,"Speed feedback = 0 rpm"
338382,TX,0x201,3,0x90,0x90,0x00,0x00,,,,,"Set torque = 0"
338409,TX,0x201,3,0x90,0x90,0x00,0x00,,,,,"Set torque = 0"
338435,TX,0x201,3,0x90,0x90,0x00,0x00,,,,,"Set torque = 0"
338461,TX,0x201,3,0x90,0x90,0x00,0x00,,,,,"Set torque = 0"
338468,RX,0x181,6,0x40,0x40,0x11,0x43,0x80,0x00,0x0B,,"Status word = 0x4311"
338475,RX,0x181,4,0x30,0x30,0x00,0x00,0x01,,,,"Speed feedback = 0 rpm"
338488,TX,0x201,3,0x90,0x90,0x00,0x00,,,,,"Set torque = 0"
338571,RX,0x181,6,0x40,0x40,0x11,0x43,0x80,0x00,0x0B,,"Status word = 0x4311"
338578,RX,0x181,4,0x30,0x30,0x00,0x00,0x01,,,,"Speed feedback = 0 rpm"
338591,TX,0x201,3,0x90,0x90,0x00,0x00,,,,,"Set torque = 0"
338617,TX,0x201,3,0x90,0x90,0x00,0x00,,,,,"Set torque = 0"
338643,TX,0x201,3,0x90,0x90,0x00,0x00,,,,,"Set torque = 0"
338668,RX,0x181,6,0x40,0x40,0x11,0x43,0x80,0x00,0x0B,,"Status word = 0x4311"
338675,RX,0x181,4,0x30,0x30,0x00,0x00,0x01,,,,"Speed feedback = 0 rpm"
338682,TX,0x201,3,0x90,0x90,0x00,0x00,,,,,"Set torque = 0"
338708,TX,0x201,3,0x90,0x90,0x00,0x00,,,,,"Set torque = 0"
338734,TX,0x201,3,0x90,0x90,0x00,0x00,,,,,"Set torque = 0"
338760,TX,0x201,3,0x90,0x90,0x00,0x00,,,,,"Set torque = 0"
338768,RX,0x181,6,0x40,0x40,0x11,0x43,0x80,0x00,0x0B,,"Status word = 0x4311"
338775,RX,0x181,4,0x30,0x30,0x00,0x00,0x01,,,,"Speed feedback = 0 rpm"
338786,TX,0x201,3,0x90,0x90,0x00,0x00,,,,,"Set torque = 0"
338812,TX,0x201,3,0x90,0x90,0x00,0x00,,,,,"Set torque = 0"
338839,TX,0x201,3,0x90,0x90,0x00,0x00,,,,,"Set torque = 0"
338865,TX,0x201,3,0x90,0x90,0x00,0x00,,,,,"Set torque = 0"
338871,RX,0x181,6,0x40,0x40,0x11,0x43,0x80,0x00,0x0B,,"Status word = 0x4311"
338878,RX,0x181,4,0x30,0x30,0x00,0x00,0x01,,,,"Speed feedback = 0 rpm"
338891,TX,0x201,3,0x90,0x90,0x00,0x00,,,,,"Set torque = 0"
338917,TX,0x201,3,0x90,0x90,0x00,0x00,,,,,"Set torque = 0"
338943,TX,0x201,3,0x90,0x90,0x00,0x00,,,,,"Set torque = 0"
338967,RX,0x181,6,0x40,0x40,0x11,0x43,0x80,0x00,0x0B,,"Status word = 0x4311"
338974,TX,0x201,3,0x90,0x90,0x00,0x00,,,,,"Set torque = 0"
339059,RX,0x181,4,0x30,0x30,0x00,0x00,0x01,,,,"Speed feedback = 0 rpm"
339067,RX,0x181,6,0x40,0x40,0x11,0x43,0x80,0x00,0x0B,,"Status word = 0x4311"
339074,RX,0x181,4,0x30,0x30,0x00,0x00,0x01,,,,"Speed feedback = 0 rpm"
339081,TX,0x201,3,0x90,0x90,0x00,0x00,,,,,"Set torque = 0"
339108,TX,0x201,3,0x90,0x90,0x00,0x00,,,,,"Set torque = 0"
339134,TX,0x201,3,0x90,0x90,0x00,0x00,,,,,"Set torque = 0"
339160,TX,0x201,3,0x90,0x90,0x00,0x00,,,,,"Set torque = 0"
339167,RX,0x181,6,0x40,0x40,0x11,0x43,0x80,0x00,0x0B,,"Status word = 0x4311"
339174,RX,0x181,4,0x30,0x30,0x00,0x00,0x01,,,,"Speed feedback = 0 rpm"
339186,TX,0x201,3,0x90,0x90,0x00,0x00,,,,,"Set torque = 0"
339212,TX,0x201,3,0x90,0x90,0x00,0x00,,,,,"Set torque = 0"
339238,TX,0x201,3,0x90,0x90,0x00,0x00,,,,,"Set torque = 0"
339264,TX,0x201,3,0x90,0x90,0x00,0x00,,,,,"Set torque = 0"
339270,RX,0x181,6,0x40,0x40,0x11,0x43,0x80,0x00,0x0B,,"Status word = 0x4311"
339277,RX,0x181,4,0x30,0x30,0x00,0x00,0x01,,,,"Speed feedback = 0 rpm"
339290,TX,0x201,3,0x90,0x90,0x00,0x00,,,,,"Set torque = 0"
339316,TX,0x201,3,0x90,0x90,0x00,0x00,,,,,"Set torque = 0"
339342,TX,0x201,3,0x90,0x90,0x00,0x00,,,,,"Set torque = 0"
339367,RX,0x181,6,0x40,0x40,0x11,0x43,0x80,0x00,0x0B,,"Status word = 0x4311"
339373,TX,0x201,3,0x90,0x90,0x00,0x00,,,,,"Set torque = 0"
339380,RX,0x181,4,0x30,0x30,0x00,0x00,0x01,,,,"Speed feedback = 0 rpm"
339400,TX,0x201,3,0x90,0x90,0x00,0x00,,,,,"Set torque = 0"
339426,TX,0x201,3,0x90,0x90,0x00,0x00,,,,,"Set torque = 0"
339452,TX,0x201,3,0x90,0x90,0x00,0x00,,,,,"Set torque = 0"
339539,RX,0x181,6,0x40,0x40,0x10,0x43,0x80,0x00,0x0B,,"Status word = 0x4310"
339545,RX,0x181,4,0x30,0x30,0x00,0x00,0x01,,,,"Speed feedback = 0 rpm"
339559,TX,0x201,3,0x90,0x90,0x00,0x00,,,,,"Set torque = 0"
339566,RX,0x181,6,0x40,0x40,0x10,0x43,0x80,0x00,0x0B,,"Status word = 0x4310"
339573,RX,0x181,4,0x30,0x30,0x00,0x00,0x01,,,,"Speed feedback = 0 rpm"
339586,TX,0x201,3,0x90,0x90,0x00,0x00,,,,,"Set torque = 0"
339612,TX,0x201,3,0x90,0x90,0x00,0x00,,,,,"Set torque = 0"
339638,TX,0x201,3,0x90,0x90,0x00,0x00,,,,,"Set torque = 0"
339664,TX,0x201,3,0x90,0x90,0x00,0x00,,,,,"Set torque = 0"
339670,RX,0x181,6,0x40,0x40,0x10,0x43,0x80,0x00,0x0B,,"Status word = 0x4310"
339677,RX,0x181,4,0x30,0x30,0x00,0x00,0x01,,,,"Speed feedback = 0 rpm"
339690,TX,0x201,3,0x90,0x90,0x00,0x00,,,,,"Set torque = 0"
339717,TX,0x201,3,0x90,0x90,0x00,0x00,,,,,"Set torque = 0"
339743,TX,0x201,3,0x90,0x90,0x00,0x00,,,,,"Set torque = 0"
339766,RX,0x181,6,0x40,0x40,0x10,0x43,0x80,0x00,0x0B,,"Status word = 0x4310"
339773,TX,0x201,3,0x90,0x90,0x00,0x00,,,,,"Set torque = 0"
339780,RX,0x181,4,0x30,0x30,0x00,0x00,0x01,,,,"Speed feedback = 0 rpm"
339800,TX,0x201,3,0x90,0x90,0x00,0x00,,,,,"Set torque = 0"
339826,TX,0x201,3,0x90,0x90,0x00,0x00,,,,,"Set torque = 0"
339852,TX,0x201,3,0x90,0x90,0x00,0x00,,,,,"Set torque = 0"
339866,RX,0x181,6,0x40,0x40,0x10,0x43,0x80,0x00,0x0B,,"Status word = 0x4310"
339873,RX,0x181,4,0x30,0x30,0x00,0x00,0x01,,,,"Speed feedback = 0 rpm"
339880,TX,0x201,3,0x90,0x90,0x00,0x00,,,,,"Set torque = 0"
339906,TX,0x201,3,0x90,0x90,0x00,0x00,,,,,"Set torque = 0"
339991,RX,0x181,6,0x40,0x40,0x10,0x43,0x80,0x00,0x0B,,"Status word = 0x4310"
339998,RX,0x181,4,0x30,0x30,0x00,0x00,0x01,,,,"Speed feedback = 0 rpm"
340011,TX,0x201,3,0x90,0x90,0x00,0x00,,,,,"Set torque = 0"
340037,TX,0x201,3,0x90,0x90,0x00,0x00,,,,,"Set torque = 0"
340063,TX,0x201,3,0x90,0x90,0x00,0x00,,,,,"Set torque = 0"
340069,RX,0x181,6,0x40,0x40,0x10,0x43,0x80,0x00,0x0B,,"Status word = 0x4310"
340076,RX,0x181,4,0x30,0x30,0x00,0x00,0x01,,,,"Speed feedback = 0 rpm"
340089,TX,0x201,3,0x90,0x90,0x00,0x00,,,,,"Set torque = 0"
340115,TX,0x201,3,0x90,0x90,0x00,0x00,,,,,"Set torque = 0"
340141,TX,0x201,3,0x90,0x90,0x00,0x00,,,,,"Set torque = 0"
340165,RX,0x181,6,0x40,0x40,0x10,0x43,0x80,0x00,0x0B,,"Status word = 0x4310"
340172,TX,0x201,3,0x90,0x90,0x00,0x00,,,,,"Set torque = 0"
340179,RX,0x181,4,0x30,0x30,0x00,0x00,0x01,,,,"Speed feedback = 0 rpm"
340199,TX,0x201,3,0x90,0x90,0x00,0x00,,,,,"Set torque = 0"
340225,TX,0x201,3,0x90,0x90,0x00,0x00,,,,,"Set torque = 0"
340252,TX,0x201,3,0x90,0x90,0x00,0x00,,,,,"Set torque = 0"
340265,RX,0x181,6,0x40,0x40,0x10,0x43,0x80,0x00,0x0B,,"Status word = 0x4310"
340272,RX,0x181,4,0x30,0x30,0x00,0x00,0x01,,,,"Speed feedback = 0 rpm"
340279,TX,0x201,3,0x90,0x90,0x00,0x00,,,,,"Set torque = 0"
340306,TX,0x201,3,0x90,0x90,0x00,0x00,,,,,"Set torque = 0"
340332,TX,0x201,3,0x90,0x90,0x00,0x00,,,,,"Set torque = 0"
340358,TX,0x201,3,0x90,0x90,0x00,0x00,,,,,"Set torque = 0"
340365,RX,0x181,6,0x40,0x40,0x10,0x43,0x80,0x00,0x0B,,"Status word = 0x4310"
340372,RX,0x181,4,0x30,0x30,0x00,0x00,0x01,,,,"Speed feedback = 0 rpm"
340456,TX,0x201,3,0x90,0x90,0x00,0x00,,,,,"Set torque = 0"
340465,RX,0x181,6,0x40,0x40,0x10,0x43,0x80,0x00,0x0B,,"Status word = 0x4310"
340472,RX,0x181,4,0x30,0x30,0x00,0x00,0x01,,,,"Speed feedback = 0 rpm"
340483,TX,0x201,3,0x90,0x90,0x00,0x00,,,,,"Set torque = 0"
340509,TX,0x201,3,0x90,0x90,0x00,0x00,,,,,"Set torque = 0"
340535,TX,0x201,3,0x90,0x90,0x00,0x00,,,,,"Set torque = 0"
340561,TX,0x201,3,0x90,0x90,0x00,0x00,,,,,"Set torque = 0"
340567,RX,0x181,6,0x40,0x40,0x10,0x43,0x80,0x00,0x0B,,"Status word = 0x4310"
340574,RX,0x181,4,0x30,0x30,0x00,0x00,0x01,,,,"Speed feedback = 0 rpm"
340587,TX,0x201,3,0x90,0x90,0x00,0x00,,,,,"Set torque = 0"
340613,TX,0x201,3,0x90,0x90,0x00,0x00,,,,,"Set torque = 0"
340639,TX,0x201,3,0x90,0x90,0x00,0x00,,,,,"Set torque = 0"
340665,TX,0x201,3,0x90,0x90,0x00,0x00,,,,,"Set torque = 0"
340669,RX,0x181,6,0x40,0x40,0x10,0x43,0x80,0x00,0x0B,,"Status word = 0x4310"
340676,RX,0x181,4,0x30,0x30,0x00,0x00,0x01,,,,"Speed feedback = 0 rpm"
340689,TX,0x201,3,0x90,0x90,0x00,0x00,,,,,"Set torque = 0"
340715,TX,0x201,3,0x90,0x90,0x00,0x00,,,,,"Set torque = 0"
340741,TX,0x201,3,0x90,0x90,0x00,0x00,,,,,"Set torque = 0"
340764,RX,0x181,6,0x40,0x40,0x10,0x43,0x80,0x00,0x0B,,"Status word = 0x4310"
340771,TX,0x201,3,0x90,0x90,0x00,0x00,,,,,"Set torque = 0"
340778,RX,0x181,4,0x30,0x30,0x00,0x00,0x01,,,,"Speed feedback = 0 rpm"
340798,TX,0x201,3,0x90,0x90,0x00,0x00,,,,,"Set torque = 0"
340824,TX,0x201,3,0x90,0x90,0x00,0x00,,,,,"Set torque = 0"
340850,TX,0x201,3,0x90,0x90,0x00,0x00,,,,,"Set torque = 0"
340935,RX,0x181,6,0x40,0x40,0x10,0x43,0x80,0x00,0x0B,,"Status word = 0x4310"
340942,RX,0x181,4,0x30,0x30,0x00,0x00,0x01,,,,"Speed feedback = 0 rpm"
340955,TX,0x201,3,0x90,0x90,0x00,0x00,,,,,"Set torque = 0"
340964,RX,0x181,6,0x40,0x40,0x10,0x43,0x80,0x00,0x0B,,"Status word = 0x4310"
340971,RX,0x181,4,0x30,0x30,0x00,0x00,0x01,,,,"Speed feedback = 0 rpm"
340982,TX,0x201,3,0x90,0x90,0x00,0x00,,,,,"Set torque = 0"
341008,TX,0x201,3,0x90,0x90,0x00,0x00,,,,,"Set torque = 0"
341034,TX,0x201,3,0x90,0x90,0x00,0x00,,,,,"Set torque = 0"
341060,TX,0x201,3,0x90,0x90,0x00,0x00,,,,,"Set torque = 0"
341066,RX,0x181,6,0x40,0x40,0x10,0x43,0x80,0x00,0x0B,,"Status word = 0x4310"
341073,RX,0x181,4,0x30,0x30,0x00,0x00,0x01,,,,"Speed feedback = 0 rpm"
341086,TX,0x201,3,0x90,0x90,0x00,0x00,,,,,"Set torque = 0"
341113,TX,0x201,3,0x90,0x90,0x00,0x00,,,,,"Set torque = 0"
341139,TX,0x201,3,0x90,0x90,0x00,0x00,,,,,"Set torque = 0"
341164,RX,0x181,6,0x40,0x40,0x10,0x43,0x80,0x00,0x0B,,"Status word = 0x4310"
341171,TX,0x201,3,0x90,0x90,0x00,0x00,,,,,"Set torque = 0"
341177,RX,0x181,4,0x30,0x30,0x00,0x00,0x01,,,,"Speed feedback = 0 rpm"
341197,TX,0x201,3,0x90,0x90,0x00,0x00,,,,,"Set torque = 0"
341223,TX,0x201,3,0x90,0x90,0x00,0x00,,,,,"Set torque = 0"
341249,TX,0x201,3,0x90,0x90,0x00,0x00,,,,,"Set torque = 0"
341264,RX,0x181,6,0x40,0x40,0x10,0x43,0x80,0x00,0x0B,,"Status word = 0x4310"
341271,RX,0x181,4,0x30,0x30,0x00,0x00,0x01,,,,"Speed feedback = 0 rpm"
341277,TX,0x201,3,0x90,0x90,0x00,0x00,,,,,"Set torque = 0"
341304,TX,0x201,3,0x90,0x90,0x00,0x00,,,,,"Set torque = 0"
341389,RX,0x181,6,0x40,0x40,0x10,0x43,0x80,0x00,0x0B,,"Status word = 0x4310"
341396,RX,0x181,4,0x30,0x30,0x00,0x00,0x01,,,,"Speed feedback = 0 rpm"
341409,TX,0x201,3,0x90,0x90,0x00,0x00,,,,,"Set torque = 0"
341435,TX,0x201,3,0x90,0x90,0x00,0x00,,,,,"Set torque = 0"
341461,TX,0x201,3,0x90,0x90,0x00,0x00,,,,,"Set torque = 0"
341467,RX,0x181,6,0x40,0x40,0x10,0x43,0x80,0x00,0x0B,,"Status word = 0x4310"
341474,RX,0x181,4,0x30,0x30,0x00,0x00,0x01,,,,"Speed feedback = 0 rpm"
341487,TX,0x201,3,0x90,0x90,0x00,0x00,,,,,"Set torque = 0"
341513,TX,0x201,3,0x90,0x90,0x00,0x00,,,,,"Set torque = 0"
341539,TX,0x201,3,0x90,0x90,0x00,0x00,,,,,"Set torque = 0"
341563,RX,0x181,6,0x40,0x40,0x10,0x43,0x80,0x00,0x0B,,"Status word = 0x4310"
341570,TX,0x201,3,0x90,0x90,0x00,0x00,,,,,"Set torque = 0"
341577,RX,0x181,4,0x30,0x30,0x00,0x00,0x01,,,,"Speed feedback = 0 rpm"
341597,TX,0x201,3,0x90,0x90,0x00,0x00,,,,,"Set torque = 0"
341623,TX,0x201,3,0x90,0x90,0x00,0x00,,,,,"Set torque = 0"
341650,TX,0x201,3,0x90,0x90,0x00,0x00,,,,,"Set torque = 0"
341663,RX,0x181,6,0x40,0x40,0x10,0x43,0x80,0x00,0x0B,,"Status word = 0x4310"
341670,RX,0x181,4,0x30,0x30,0x00,0x00,0x01,,,,"Speed feedback = 0 rpm"
341677,TX,0x201,3,0x90,0x90,0x00,0x00,,,,,"Set torque = 0"
341705,TX,0x201,3,0x90,0x90,0x00,0x00,,,,,"Set torque = 0"
341731,TX,0x201,3,0x90,0x90,0x00,0x00,,,,,"Set torque = 0"
341757,TX,0x201,3,0x90,0x90,0x00,0x00,,,,,"Set torque = 0"
341763,RX,0x181,6,0x40,0x40,0x10,0x43,0x80,0x00,0x0B,,"Status word = 0x4310"
341849,RX,0x181,4,0x30,0x30,0x00,0x00,0x01,,,,"Speed feedback = 0 rpm"
341856,TX,0x201,3,0x90,0x90,0x00,0x00,,,,,"Set torque = 0"
341863,RX,0x181,6,0x40,0x40,0x10,0x43,0x80,0x00,0x0B,,"Status word = 0x4310"
341870,RX,0x181,4,0x30,0x30,0x00,0x00,0x01,,,,"Speed feedback = 0 rpm"
341883,TX,0x201,3,0x90,0x90,0x00,0x00,,,,,"Set torque = 0"
341909,TX,0x201,3,0x90,0x90,0x00,0x00,,,,,"Set torque = 0"
341935,TX,0x201,3,0x90,0x90,0x00,0x00,,,,,"Set torque = 0"
341961,TX,0x201,3,0x90,0x90,0x00,0x00,,,,,"Set torque = 0"
341967,RX,0x181,6,0x40,0x40,0x10,0x43,0x80,0x00,0x0B,,"Status word = 0x4310"
341974,RX,0x181,4,0x30,0x30,0x00,0x00,0x01,,,,"Speed feedback = 0 rpm"
341987,TX,0x201,3,0x90,0x90,0x00,0x00,,,,,"Set torque = 0"
342013,TX,0x201,3,0x90,0x90,0x00,0x00,,,,,"Set torque = 0"
342039,TX,0x201,3,0x90,0x90,0x00,0x00,,,,,"Set torque = 0"
342062,RX,0x181,6,0x40,0x40,0x10,0x43,0x80,0x00,0x0B,,"Status word = 0x4310"
342069,TX,0x201,3,0x90,0x90,0x00,0x00,,,,,"Set torque = 0"
342076,RX,0x181,4,0x30,0x30,0x00,0x00,0x01,,,,"Speed feedback = 0 rpm"
342096,TX,0x201,3,0x90,0x90,0x00,0x00,,,,,"Set torque = 0"
342122,TX,0x201,3,0x90,0x90,0x00,0x00,,,,,"Set torque = 0"
342149,TX,0x201,3,0x90,0x90,0x00,0x00,,,,,"Set torque = 0"
342162,RX,0x181,6,0x40,0x40,0x10,0x43,0x80,0x00,0x0B,,"Status word = 0x4310"
342169,RX,0x181,4,0x30,0x30,0x00,0x00,0x01,,,,"Speed feedback = 0 rpm"
342176,TX,0x201,3,0x90,0x90,0x00,0x00,,,,,"Set torque = 0"
342203,TX,0x201,3,0x90,0x90,0x00,0x00,,,,,"Set torque = 0"
342229,TX,0x201,3,0x90,0x90,0x00,0x00,,,,,"Set torque = 0"
342313,RX,0x181,6,0x40,0x40,0x10,0x43,0x80,0x00,0x0B,,"Status word = 0x4310"
342320,RX,0x181,4,0x30,0x30,0x00,0x00,0x01,,,,"Speed feedback = 0 rpm"
342333,TX,0x201,3,0x90,0x90,0x00,0x00,,,,,"Set torque = 0"
342360,TX,0x201,3,0x90,0x90,0x00,0x00,,,,,"Set torque = 0"
342366,RX,0x181,6,0x40,0x40,0x10,0x43,0x80,0x00,0x0B,,"Status word = 0x4310"
342373,RX,0x181,4,0x30,0x30,0x00,0x00,0x01,,,,"Speed feedback = 0 rpm"
342386,TX,0x201,3,0x90,0x90,0x00,0x00,,,,,"Set torque = 0"
342412,TX,0x201,3,0x90,0x90,0x00,0x00,,,,,"Set torque = 0"
342438,TX,0x201,3,0x90,0x90,0x00,0x00,,,,,"Set torque = 0"
342462,RX,0x181,6,0x40,0x40,0x10,0x43,0x80,0x00,0x0B,,"Status word = 0x4310"
342468,TX,0x201,3,0x90,0x90,0x00,0x00,,,,,"Set torque = 0"
342475,RX,0x181,4,0x30,0x30,0x00,0x00,0x01,,,,"Speed feedback = 0 rpm"
342495,TX,0x201,3,0x90,0x90,0x00,0x00,,,,,"Set torque = 0"
342521,TX,0x201,3,0x90,0x90,0x00,0x00,,,,,"Set torque = 0"
342547,TX,0x201,3,0x90,0x90,0x00,0x00,,,,,"Set torque = 0"
342562,RX,0x181,6,0x40,0x40,0x10,0x43,0x80,0x00,0x0B,,"Status word = 0x4310"
342568,RX,0x181,4,0x30,0x30,0x00,0x00,0x01,,,,"Speed feedback = 0 rpm"
342575,TX,0x201,3,0x90,0x90,0x00,0x00,,,,,"Set torque = 0"
342602,TX,0x201,3,0x90,0x90,0x00,0x00,,,,,"Set torque = 0"
342628,TX,0x201,3,0x90,0x90,0x00,0x00,,,,,"Set torque = 0"
342654,TX,0x201,3,0x90,0x90,0x00,0x00,,,,,"Set torque = 0"
342661,RX,0x181,6,0x40,0x40,0x10,0x43,0x80,0x00,0x0B,,"Status word = 0x4310"
342668,RX,0x181,4,0x30,0x30,0x00,0x00,0x01,,,,"Speed feedback = 0 rpm"
342681,TX,0x201,3,0x90,0x90,0x00,0x00,,,,,"Set torque = 0"
342768,RX,0x181,6,0x40,0x40,0x10,0x43,0x80,0x00,0x0B,,"Status word = 0x4310"
342775,RX,0x181,4,0x30,0x30,0x00,0x00,0x01,,,,"Speed feedback = 0 rpm"
342788,TX,0x201,3,0x90,0x90,0x00,0x00,,,,,"Set torque = 0"
342814,TX,0x201,3,0x90,0x90,0x00,0x00,,,,,"Set torque = 0"
342840,TX,0x201,3,0x90,0x90,0x00,0x00,,,,,"Set torque = 0"
342861,RX,0x181,6,0x40,0x40,0x10,0x43,0x80,0x00,0x0B,,"Status word = 0x4310"
342868,RX,0x181,4,0x30,0x30,0x00,0x00,0x01,,,,"Speed feedback = 0 rpm"
342875,TX,0x201,3,0x90,0x90,0x00,0x00,,,,,"Set torque = 0"
342902,TX,0x201,3,0x90,0x90,0x00,0x00,,,,,"Set torque = 0"
342928,TX,0x201,3,0x90,0x90,0x00,0x00,,,,,"Set torque = 0"
342957,TX,0x201,3,0x90,0x90,0x00,0x00,,,,,"Set torque = 0"
342963,RX,0x181,6,0x40,0x40,0x10,0x43,0x80,0x00,0x0B,,"Status word = 0x4310"
342970,RX,0x181,4,0x30,0x30,0x00,0x00,0x01,,,,"Speed feedback = 0 rpm"
342983,TX,0x201,3,0x90,0x90,0x00,0x00,,,,,"Set torque = 0"
343010,TX,0x201,3,0x90,0x90,0x00,0x00,,,,,"Set torque = 0"
343036,TX,0x201,3,0x90,0x90,0x00,0x00,,,,,"Set torque = 0"
343061,RX,0x181,6,0x40,0x40,0x10,0x43,0x80,0x00,0x0B,,"Status word = 0x4310"
343068,TX,0x201,3,0x90,0x90,0x00,0x00,,,,,"Set torque = 0"
343074,RX,0x181,4,0x30,0x30,0x00,0x00,0x01,,,,"Speed feedback = 0 rpm"
343094,TX,0x201,3,0x90,0x90,0x00,0x00,,,,,"Set torque = 0"
343120,TX,0x201,3,0x90,0x90,0x00,0x00,,,,,"Set torque = 0"
343146,TX,0x201,3,0x90,0x90,0x00,0x00,,,,,"Set torque = 0"
343161,RX,0x181,6,0x40,0x40,0x10,0x43,0x80,0x00,0x0B,,"Status word = 0x4310"
343254,RX,0x181,4,0x30,0x30,0x00,0x00,0x01,,,,"Speed feedback = 0 rpm"
343261,RX,0x181,6,0x40,0x40,0x10,0x43,0x80,0x00,0x0B,,"Status word = 0x4310"
343268,RX,0x181,4,0x30,0x30,0x00,0x00,0x01,,,,"Speed feedback = 0 rpm"
343274,TX,0x201,3,0x90,0x90,0x00,0x00,,,,,"Set torque = 0"
343301,TX,0x201,3,0x90,0x90,0x00,0x00,,,,,"Set torque = 0"
343327,TX,0x201,3,0x90,0x90,0x00,0x00,,,,,"Set torque = 0"
343353,TX,0x201,3,0x90,0x90,0x00,0x00,,,,,"Set torque = 0"
343360,RX,0x181,6,0x40,0x40,0x10,0x43,0x80,0x00,0x0B,,"Status word = 0x4310"
343367,RX,0x181,4,0x30,0x30,0x00,0x00,0x01,,,,"Speed feedback = 0 rpm"
343379,TX,0x201,3,0x90,0x90,0x00,0x00,,,,,"Set torque = 0"
343405,TX,0x201,3,0x90,0x90,0x00,0x00,,,,,"Set torque = 0"
343431,TX,0x201,3,0x90,0x90,0x00,0x00,,,,,"Set torque = 0"
343457,TX,0x201,3,0x90,0x90,0x00,0x00,,,,,"Set torque = 0"
343463,RX,0x181,6,0x40,0x40,0x10,0x43,0x80,0x00,0x0B,,"Status word = 0x4310"
343470,RX,0x181,4,0x30,0x30,0x00,0x00,0x01,,,,"Speed feedback = 0 rpm"
343483,TX,0x201,3,0x90,0x90,0x00,0x00,,,,,"Set torque = 0"
343509,TX,0x201,3,0x90,0x90,0x00,0x00,,,,,"Set torque = 0"
343535,TX,0x201,3,0x90,0x90,0x00,0x00,,,,,"Set torque = 0"
343560,RX,0x181,6,0x40,0x40,0x10,0x43,0x80,0x00,0x0B,,"Status word = 0x4310"
343567,TX,0x201,3,0x90,0x90,0x00,0x00,,,,,"Set torque = 0"
343573,RX,0x181,4,0x30,0x30,0x00,0x00,0x01,,,,"Speed feedback = 0 rpm"
343593,TX,0x201,3,0x90,0x90,0x00,0x00,,,,,"Set torque = 0"
343619,TX,0x201,3,0x90,0x90,0x00,0x00,,,,,"Set torque = 0"
343645,TX,0x201,3,0x90,0x90,0x00,0x00,,,,,"Set torque = 0"
343737,RX,0x181,6,0x40,0x40,0x10,0x43,0x80,0x00,0x0B,,"Status word = 0x4310"
343743,RX,0x181,4,0x30,0x30,0x00,0x00,0x01,,,,"Speed feedback = 0 rpm"
343757,TX,0x201,3,0x90,0x90,0x00,0x00,,,,,"Set torque = 0"
343764,RX,0x181,6,0x40,0x40,0x10,0x43,0x80,0x00,0x0B,,"Status word = 0x4310"
343770,RX,0x181,4,0x30,0x30,0x00,0x00,0x01,,,,"Speed feedback = 0 rpm"
343784,TX,0x201,3,0x90,0x90,0x00,0x00,,,,,"Set torque = 0"
343810,TX,0x201,3,0x90,0x90,0x00,0x00,,,,,"Set torque = 0"
343836,TX,0x201,3,0x90,0x90,0x00,0x00,,,,,"Set torque = 0"
343859,RX,0x181,6,0x40,0x40,0x10,0x43,0x80,0x00,0x0B,,"Status word = 0x4310"
343866,TX,0x201,3,0x90,0x90,0x00,0x00,,,,,"Set torque = 0"
343873,RX,0x181,4,0x30,0x30,0x00,0x00,0x01,,,,"Speed feedback = 0 rpm"
343893,TX,0x201,3,0x90,0x90,0x00,0x00,,,,,"Set torque = 0"
343920,TX,0x201,3,0x90,0x90,0x00,0x00,,,,,"Set torque = 0"
343946,TX,0x201,3,0x90,0x90,0x00,0x00,,,,,"Set torque = 0"
343959,RX,0x181,6,0x40,0x40,0x10,0x43,0x80,0x00,0x0B,,"Status word = 0x4310"
343966,RX,0x181,4,0x30,0x30,0x00,0x00,0x01,,,,"Speed feedback = 0 rpm"
343973,TX,0x201,3,0x90,0x90,0x00,0x00,,,,,"Set torque = 0"
344000,TX,0x201,3,0x90,0x90,0x00,0x00,,,,,"Set torque = 0"
344026,TX,0x201,3,0x90,0x90,0x00,0x00,,,,,"Set torque = 0"
344052,TX,0x201,3,0x90,0x90,0x00,0x00,,,,,"Set torque = 0"
344059,RX,0x181,6,0x40,0x40,0x10,0x43,0x80,0x00,0x0B,,"Status word = 0x4310"
344066,RX,0x181,4,0x30,0x30,0x00,0x00,0x01,,,,"Speed feedback = 0 rpm"
344078,TX,0x201,3,0x90,0x90,0x00,0x00,,,,,"Set torque = 0"
344104,TX,0x201,3,0x90,0x90,0x00,0x00,,,,,"Set torque = 0"
344195,RX,0x181,6,0x40,0x40,0x10,0x43,0x80,0x00,0x0B,,"Status word = 0x4310"
344202,RX,0x181,4,0x30,0x30,0x00,0x00,0x01,,,,"Speed feedback = 0 rpm"
344215,TX,0x201,3,0x90,0x90,0x00,0x00,,,,,"Set torque = 0"
344241,TX,0x201,3,0x90,0x90,0x00,0x00,,,,,"Set torque = 0"
344259,RX,0x181,6,0x40,0x40,0x10,0x43,0x80,0x00,0x0B,,"Status word = 0x4310"
344266,RX,0x181,4,0x30,0x30,0x00,0x00,0x01,,,,"Speed feedback = 0 rpm"
344273,TX,0x201,3,0x90,0x90,0x00,0x00,,,,,"Set torque = 0"
344300,TX,0x201,3,0x90,0x90,0x00,0x00,,,,,"Set torque = 0"
344326,TX,0x201,3,0x90,0x90,0x00,0x00,,,,,"Set torque = 0"
344352,TX,0x201,3,0x90,0x90,0x00,0x00,,,,,"Set torque = 0"
344359,RX,0x181,6,0x40,0x40,0x10,0x43,0x80,0x00,0x0B,,"Status word = 0x4310"
344366,RX,0x181,4,0x30,0x30,0x00,0x00,0x01,,,,"Speed feedback = 0 rpm"
344378,TX,0x201,3,0x90,0x90,0x00,0x00,,,,,"Set torque = 0"
344404,TX,0x201,3,0x90,0x90,0x00,0x00,,,,,"Set torque = 0"
344430,TX,0x201,3,0x90,0x90,0x00,0x00,,,,,"Set torque = 0"
344457,TX,0x201,3,0x90,0x90,0x00,0x00,,,,,"Set torque = 0"
344463,RX,0x181,6,0x40,0x40,0x10,0x43,0x80,0x00,0x0B,,"Status word = 0x4310"
344470,RX,0x181,4,0x30,0x30,0x00,0x00,0x01,,,,"Speed feedback = 0 rpm"
344483,TX,0x201,3,0x90,0x90,0x00,0x00,,,,,"Set torque = 0"
344509,TX,0x201,3,0x90,0x90,0x00,0x00,,,,,"Set torque = 0"
344535,TX,0x201,3,0x90,0x90,0x00,0x00,,,,,"Set torque = 0"
344558,RX,0x181,6,0x40,0x40,0x10,0x43,0x80,0x00,0x0B,,"Status word = 0x4310"
344565,TX,0x201,3,0x90,0x90,0x00,0x00,,,,,"Set torque = 0"
344572,RX,0x181,4,0x30,0x30,0x00,0x00,0x01,,,,"Speed feedback = 0 rpm"
344665,RX,0x181,6,0x40,0x40,0x10,0x43,0x80,0x00,0x0B,,"Status word = 0x4310"
344671,RX,0x181,4,0x30,0x30,0x00,0x00,0x01,,,,"Speed feedback = 0 rpm"
344678,TX,0x201,3,0x90,0x90,0x00,0x00,,,,,"Set torque = 0"
344705,TX,0x201,3,0x90,0x90,0x00,0x00,,,,,"Set torque = 0"
344731,TX,0x201,3,0x90,0x90,0x00,0x00,,,,,"Set torque = 0"
344757,TX,0x201,3,0x90,0x90,0x00,0x00,,,,,"Set torque = 0"
344763,RX,0x181,6,0x40,0x40,0x10,0x43,0x80,0x00,0x0B,,"Status word = 0x4310"
344770,RX,0x181,4,0x30,0x30,0x00,0x00,0x01,,,,"Speed feedback = 0 rpm"
344783,TX,0x201,3,0x90,0x90,0x00,0x00,,,,,"Set torque = 0"
344810,TX,0x201,3,0x90,0x90,0x00,0x00,,,,,"Set torque = 0"
344836,TX,0x201,3,0x90,0x90,0x00,0x00,,,,,"Set torque = 0"
344858,RX,0x181,6,0x40,0x40,0x10,0x43,0x80,0x00,0x0B,,"Status word = 0x4310"
344865,TX,0x201,3,0x90,0x90,0x00,0x00,,,,,"Set torque = 0"
344871,RX,0x181,4,0x30,0x30,0x00,0x00,0x01,,,,"Speed feedback = 0 rpm"
344891,TX,0x201,3,0x90,0x90,0x00,0x00,,,,,"Set torque = 0"
344917,TX,0x201,3,0x90,0x90,0x00,0x00,,,,,"Set torque = 0"
344943,TX,0x201,3,0x90,0x90,0x00,0x00,,,,,"Set torque = 0"
344958,RX,0x181,6,0x40,0x40,0x10,0x43,0x80,0x00,0x0B,,"Status word = 0x4310"
344965,RX,0x181,4,0x30,0x30,0x00,0x00,0x01,,,,"Speed feedback = 0 rpm"
344972,TX,0x201,3,0x90,0x90,0x00,0x00,,,,,"Set torque = 0"
344998,TX,0x201,3,0x90,0x90,0x00,0x00,,,,,"Set torque = 0"
345024,TX,0x201,3,0x90,0x90,0x00,0x00,,,,,"Set torque = 0"
345050,TX,0x201,3,0x90,0x90,0x00,0x00,,,,,"Set torque = 0"
345058,RX,0x181,6,0x40,0x40,0x10,0x43,0x80,0x00,0x0B,,"Status word = 0x4310"
345153,RX,0x181,4,0x30,0x30,0x00,0x00,0x01,,,,"Speed feedback = 0 rpm"
345160,RX,0x181,6,0x40,0x40,0x10,0x43,0x80,0x00,0x0B,,"Status word = 0x4310"
345166,RX,0x181,4,0x30,0x30,0x00,0x00,0x01,,,,"Speed feedback = 0 rpm"
345174,TX,0x201,3,0x90,0x90,0x00,0x00,,,,,"Set torque = 0"
345200,TX,0x201,3,0x90,0x90,0x00,0x00,,,,,"Set torque = 0"
345226,TX,0x201,3,0x90,0x90,0x00,0x00,,,,,"Set torque = 0"
345252,TX,0x201,3,0x90,0x90,0x00,0x00,,,,,"Set torque = 0"
345258,RX,0x181,6,0x40,0x40,0x10,0x43,0x80,0x00,0x0B,,"Status word = 0x4310"
345264,RX,0x181,4,0x30,0x30,0x00,0x00,0x01,,,,"Speed feedback = 0 rpm"
345278,TX,0x201,3,0x90,0x90,0x00,0x00,,,,,"Set torque = 0"
345304,TX,0x201,3,0x90,0x90,0x00,0x00,,,,,"Set torque = 0"
345330,TX,0x201,3,0x90,0x90,0x00,0x00,,,,,"Set torque = 0"
345357,TX,0x201,3,0x90,0x90,0x00,0x00,,,,,"Set torque = 0"
345363,RX,0x181,6,0x40,0x40,0x10,0x43,0x80,0x00,0x0B,,"Status word = 0x4310"
345370,RX,0x181,4,0x30,0x30,0x00,0x00,0x01,,,,"Speed feedback = 0 rpm"
345383,TX,0x201,3,0x90,0x90,0x00,0x00,,,,,"Set torque = 0"
345409,TX,0x201,3,0x90,0x90,0x00,0x00,,,,,"Set torque = 0"
345435,TX,0x201,3,0x90,0x90,0x00,0x00,,,,,"Set torque = 0"
345457,RX,0x181,6,0x40,0x40,0x10,0x43,0x80,0x00,0x0B,,"Status word = 0x4310"
345464,TX,0x201,3,0x90,0x90,0x00,0x00,,,,,"Set torque = 0"
345470,RX,0x181,4,0x30,0x30,0x00,0x00,0x01,,,,"Speed feedback = 0 rpm"
345490,TX,0x201,3,0x90,0x90,0x00,0x00,,,,,"Set torque = 0"
345516,TX,0x201,3,0x90,0x90,0x00,0x00,,,,,"Set torque = 0"
345542,TX,0x201,3,0x90,0x90,0x00,0x00,,,,,"Set torque = 0"
345632,RX,0x181,6,0x40,0x40,0x10,0x43,0x80,0x00,0x0B,,"Status word = 0x4310"
345638,RX,0x181,4,0x30,0x30,0x00,0x00,0x01,,,,"Speed feedback = 0 rpm"
345652,TX,0x201,3,0x90,0x90,0x00,0x00,,,,,"Set torque = 0"
345658,RX,0x181,6,0x40,0x40,0x10,0x43,0x80,0x00,0x0B,,"Status word = 0x4310"
345665,RX,0x181,4,0x30,0x30,0x00,0x00,0x01,,,,"Speed feedback = 0 rpm"
345678,TX,0x201,3,0x90,0x90,0x00,0x00,,,,,"Set torque = 0"
345705,TX,0x201,3,0x90,0x90,0x00,0x00,,,,,"Set torque = 0"
345731,TX,0x201,3,0x90,0x90,0x00,0x00,,,,,"Set torque = 0"
345756,RX,0x181,6,0x40,0x40,0x10,0x43,0x80,0x00,0x0B,,"Status word = 0x4310"
345763,TX,0x201,3,0x90,0x90,0x00,0x00,,,,,"Set torque = 0"
345770,RX,0x181,4,0x30,0x30,0x00,0x00,0x01,,,,"Speed feedback = 0 rpm"
345790,TX,0x201,3,0x90,0x90,0x00,0x00,,,,,"Set torque = 0"
345816,TX,0x201,3,0x90,0x90,0x00,0x00,,,,,"Set torque = 0"
345842,TX,0x201,3,0x90,0x90,0x00,0x00,,,,,"Set torque = 0"
345856,RX,0x181,6,0x40,0x40,0x10,0x43,0x80,0x00,0x0B,,"Status word = 0x4310"
345863,RX,0x181,4,0x30,0x30,0x00,0x00,0x01,,,,"Speed feedback = 0 rpm"
345870,TX,0x201,3,0x90,0x90,0x00,0x00,,,,,"Set torque = 0"
345897,TX,0x201,3,0x90,0x90,0x00,0x00,,,,,"Set torque = 0"
345923,TX,0x201,3,0x90,0x90,0x00,0x00,,,,,"Set torque = 0"
345949,TX,0x201,3,0x90,0x90,0x00,0x00,,,,,"Set torque = 0"
345956,RX,0x181,6,0x40,0x40,0x10,0x43,0x80,0x00,0x0B,,"Status word = 0x4310"
345963,RX,0x181,4,0x30,0x30,0x00,0x00,0x01,,,,"Speed feedback = 0 rpm"
345975,TX,0x201,3,0x90,0x90,0x00,0x00,,,,,"Set torque = 0"
346001,TX,0x201,3,0x90,0x90,0x00,0x00,,,,,"Set torque = 0"
346028,TX,0x201,3,0x90,0x90,0x00,0x00,,,,,"Set torque = 0"
346054,TX,0x201,3,0x90,0x90,0x00,0x00,,,,,"Set torque = 0"
346060,RX,0x181,6,0x40,0x40,0x10,0x43,0x80,0x00,0x0B,,"Status word = 0x4310"
346067,RX,0x181,4,0x30,0x30,0x00,0x00,0x01,,,,"Speed feedback = 0 rpm"
346080,TX,0x201,3,0x90,0x90,0x00,0x00,,,,,"Set torque = 0"
346106,TX,0x201,3,0x90,0x90,0x00,0x00,,,,,"Set torque = 0"
346132,TX,0x201,3,0x90,0x90,0x00,0x00,,,,,"Set torque = 0"
346156,RX,0x181,6,0x40,0x40,0x10,0x43,0x80,0x00,0x0B,,"Status word = 0x4310"
346163,TX,0x201,3,0x90,0x90,0x00,0x00,,,,,"Set torque = 0"
346170,RX,0x181,4,0x30,0x30,0x00,0x00,0x01,,,,"Speed feedback = 0 rpm"
346190,TX,0x201,3,0x90,0x90,0x00,0x00,,,,,"Set torque = 0"
346216,TX,0x201,3,0x90,0x90,0x00,0x00,,,,,"Set torque = 0"
346242,TX,0x201,3,0x90,0x90,0x00,0x00,,,,,"Set torque = 0"
346256,RX,0x181,6,0x40,0x40,0x10,0x43,0x80,0x00,0x0B,,"Status word = 0x4310"
346263,RX,0x181,4,0x30,0x30,0x00,0x00,0x01,,,,"Speed feedback = 0 rpm"
346269,TX,0x201,3,0x90,0x90,0x00,0x00,,,,,"Set torque = 0"
346296,TX,0x201,3,0x90,0x90,0x00,0x00,,,,,"Set torque = 0"
346322,TX,0x201,3,0x90,0x90,0x00,0x00,,,,,"Set torque = 0"
346349,TX,0x201,3,0x90,0x90,0x00,0x00,,,,,"Set torque = 0"
346356,RX,0x181,6,0x40,0x40,0x10,0x43,0x80,0x00,0x0B,,"Status word = 0x4310"
346362,RX,0x181,4,0x30,0x30,0x00,0x00,0x01,,,,"Speed feedback = 0 rpm"
346375,TX,0x201,3,0x90,0x90,0x00,0x00,,,,,"Set torque = 0"
346401,TX,0x201,3,0x90,0x90,0x00,0x00,,,,,"Set torque = 0"
346427,TX,0x201,3,0x90,0x90,0x00,0x00,,,,,"Set torque = 0"
346453,TX,0x201,3,0x90,0x90,0x00,0x00,,,,,"Set torque = 0"
346459,RX,0x181,6,0x40,0x40,0x10,0x43,0x80,0x00,0x0B,,"Status word = 0x4310"
346466,RX,0x181,4,0x30,0x30,0x00,0x00,0x01,,,,"Speed feedback = 0 rpm"
346479,TX,0x201,3,0x90,0x90,0x00,0x00,,,,,"Set torque = 0"
346505,TX,0x201,3,0x90,0x90,0x00,0x00,,,,,"Set torque = 0"
346531,TX,0x201,3,0x90,0x90,0x00,0x00,,,,,"Set torque = 0"
346555,RX,0x181,6,0x40,0x40,0x10,0x43,0x80,0x00,0x0B,,"Status word = 0x4310"
346562,TX,0x201,3,0x90,0x90,0x00,0x00,,,,,"Set torque = 0"
346569,RX,0x181,4,0x30,0x30,0x00,0x00,0x01,,,,"Speed feedback = 0 rpm"
346589,TX,0x201,3,0x90,0x90,0x00,0x00,,,,,"Set torque = 0"
346615,TX,0x201,3,0x90,0x90,0x00,0x00,,,,,"Set torque = 0"
346641,TX,0x201,3,0x90,0x90,0x00,0x00,,,,,"Set torque = 0"
346655,RX,0x181,6,0x40,0x40,0x10,0x43,0x80,0x00,0x0B,,"Status word = 0x4310"
346662,RX,0x181,4,0x30,0x30,0x00,0x00,0x01,,,,"Speed feedback = 0 rpm"
346669,TX,0x201,3,0x90,0x90,0x00,0x00,,,,,"Set torque = 0"
346696,TX,0x201,3,0x90,0x90,0x00,0x00,,,,,"Set torque = 0"
346722,TX,0x201,3,0x90,0x90,0x00,0x00,,,,,"Set torque = 0"
346748,TX,0x201,3,0x90,0x90,0x00,0x00,,,,,"Set torque = 0"
346755,RX,0x181,6,0x40,0x40,0x10,0x43,0x80,0x00,0x0B,,"Status word = 0x4310"
346762,RX,0x181,4,0x30,0x30,0x00,0x00,0x01,,,,"Speed feedback = 0 rpm"
346774,TX,0x201,3,0x90,0x90,0x00,0x00,,,,,"Set torque = 0"
346801,TX,0x201,3,0x90,0x90,0x00,0x00,,,,,"Set torque = 0"
346827,TX,0x201,3,0x90,0x90,0x00,0x00,,,,,"Set torque = 0"
346853,TX,0x201,3,0x90,0x90,0x00,0x00,,,,,"Set torque = 0"
346861,RX,0x181,6,0x40,0x40,0x10,0x43,0x80,0x00,0x0B,,"Status word = 0x4310"
346867,RX,0x181,4,0x30,0x30,0x00,0x00,0x01,,,,"Speed feedback = 0 rpm"
346881,TX,0x201,3,0x90,0x90,0x00,0x00,,,,,"Set torque = 0"
346907,TX,0x201,3,0x90,0x90,0x00,0x00,,,,,"Set torque = 0"
346933,TX,0x201,3,0x90,0x90,0x00,0x00,,,,,"Set torque = 0"
346955,RX,0x181,6,0x40,0x40,0x10,0x43,0x80,0x00,0x0B,,"Status word = 0x4310"
346962,RX,0x181,4,0x30,0x30,0x00,0x00,0x01,,,,"Speed feedback = 0 rpm"
346968,TX,0x201,3,0x90,0x90,0x00,0x00,,,,,"Set torque = 0"
346995,TX,0x201,3,0x90,0x90,0x00,0x00,,,,,"Set torque = 0"
347021,TX,0x201,3,0x90,0x90,0x00,0x00,,,,,"Set torque = 0"
347047,TX,0x201,3,0x90,0x90,0x00,0x00,,,,,"Set torque = 0"
347054,RX,0x181,6,0x40,0x40,0x10,0x43,0x80,0x00,0x0B,,"Status word = 0x4310"
347061,RX,0x181,4,0x30,0x30,0x00,0x00,0x01,,,,"Speed feedback = 0 rpm"
347073,TX,0x201,3,0x90,0x90,0x00,0x00,,,,,"Set torque = 0"
347099,TX,0x201,3,0x90,0x90,0x00,0x00,,,,,"Set torque = 0"
347126,TX,0x201,3,0x90,0x90,0x00,0x00,,,,,"Set torque = 0"
347152,TX,0x201,3,0x90,0x90,0x00,0x00,,,,,"Set torque = 0"
347158,RX,0x181,6,0x40,0x40,0x10,0x43,0x80,0x00,0x0B,,"Status word = 0x4310"
347165,RX,0x181,4,0x30,0x30,0x00,0x00,0x01,,,,"Speed feedback = 0 rpm"
347178,TX,0x201,3,0x90,0x90,0x00,0x00,,,,,"Set torque = 0"
347204,TX,0x201,3,0x90,0x90,0x00,0x00,,,,,"Set torque = 0"
347230,TX,0x201,3,0x90,0x90,0x00,0x00,,,,,"Set torque = 0"
347254,RX,0x181,6,0x40,0x40,0x10,0x43,0x80,0x00,0x0B,,"Status word = 0x4310"
347261,TX,0x201,3,0x90,0x90,0x00,0x00,,,,,"Set torque = 0"
347268,RX,0x181,4,0x30,0x30,0x00,0x00,0x01,,,,"Speed feedback = 0 rpm"
347288,TX,0x201,3,0x90,0x90,0x00,0x00,,,,,"Set torque = 0"
347314,TX,0x201,3,0x90,0x90,0x00,0x00,,,,,"Set torque = 0"
347340,TX,0x201,3,0x90,0x90,0x00,0x00,,,,,"Set torque = 0"
347354,RX,0x181,6,0x40,0x40,0x10,0x43,0x80,0x00,0x0B,,"Status word = 0x4310"
347361,RX,0x181,4,0x30,0x30,0x00,0x00,0x01,,,,"Speed feedback = 0 rpm"
347368,TX,0x201,3,0x90,0x90,0x00,0x00,,,,,"Set torque = 0"
347394,TX,0x201,3,0x90,0x90,0x00,0x00,,,,,"Set torque = 0"
347420,TX,0x201,3,0x90,0x90,0x00,0x00,,,,,"Set torque = 0"
347447,TX,0x201,3,0x90,0x90,0x00,0x00,,,,,"Set torque = 0"
347454,RX,0x181,6,0x40,0x40,0x10,0x43,0x80,0x00,0x0B,,"Status word = 0x4310"
347461,RX,0x181,4,0x30,0x30,0x00,0x00,0x01,,,,"Speed feedback = 0 rpm"
347473,TX,0x201,3,0x90,0x90,0x00,0x00,,,,,"Set torque = 0"
347499,TX,0x201,3,0x90,0x90,0x00,0x00,,,,,"Set torque = 0"
347525,TX,0x201,3,0x90,0x90,0x00,0x00,,,,,"Set torque = 0"
347551,TX,0x201,3,0x90,0x90,0x00,0x00,,,,,"Set torque = 0"
347557,RX,0x181,6,0x40,0x40,0x10,0x43,0x80,0x00,0x0B,,"Status word = 0x4310"
347564,RX,0x181,4,0x30,0x30,0x00,0x00,0x01,,,,"Speed feedback = 0 rpm"
347577,TX,0x201,3,0x90,0x90,0x00,0x00,,,,,"Set torque = 0"
347603,TX,0x201,3,0x90,0x90,0x00,0x00,,,,,"Set torque = 0"
347629,TX,0x201,3,0x90,0x90,0x00,0x00,,,,,"Set torque = 0"
347653,RX,0x181,6,0x40,0x40,0x10,0x43,0x80,0x00,0x0B,,"Status word = 0x4310"
347660,TX,0x201,3,0x90,0x90,0x00,0x00,,,,,"Set torque = 0"
347667,RX,0x181,4,0x30,0x30,0x00,0x00,0x01,,,,"Speed feedback = 0 rpm"
347687,TX,0x201,3,0x90,0x90,0x00,0x00,,,,,"Set torque = 0"
347713,TX,0x201,3,0x90,0x90,0x00,0x00,,,,,"Set torque = 0"
347740,TX,0x201,3,0x90,0x90,0x00,0x00,,,,,"Set torque = 0"
347753,RX,0x181,6,0x40,0x40,0x10,0x43,0x80,0x00,0x0B,,"Status word = 0x4310"
347760,RX,0x181,4,0x30,0x30,0x00,0x00,0x01,,,,"Speed feedback = 0 rpm"
347767,TX,0x201,3,0x90,0x90,0x00,0x00,,,,,"Set torque = 0"
347794,TX,0x201,3,0x90,0x90,0x00,0x00,,,,,"Set torque = 0"
347820,TX,0x201,3,0x90,0x90,0x00,0x00,,,,,"Set torque = 0"
347846,TX,0x201,3,0x90,0x90,0x00,0x00,,,,,"Set torque = 0"
347853,RX,0x181,6,0x40,0x40,0x10,0x43,0x80,0x00,0x0B,,"Status word = 0x4310"
347860,RX,0x181,4,0x30,0x30,0x00,0x00,0x01,,,,"Speed feedback = 0 rpm"
347872,TX,0x201,3,0x90,0x90,0x00,0x00,,,,,"Set torque = 0"
347898,TX,0x201,3,0x90,0x90,0x00,0x00,,,,,"Set torque = 0"
347924,TX,0x201,3,0x90,0x90,0x00,0x00,,,,,"Set torque = 0"
347950,TX,0x201,3,0x90,0x90,0x00,0x00,,,,,"Set torque = 0"
347956,RX,0x181,6,0x40,0x40,0x10,0x43,0x80,0x00,0x0B,,"Status word = 0x4310"
347963,RX,0x181,4,0x30,0x30,0x00,0x00,0x01,,,,"Speed feedback = 0 rpm"
347976,TX,0x201,3,0x90,0x90,0x00,0x00,,,,,"Set torque = 0"
348002,TX,0x201,3,0x90,0x90,0x00,0x00,,,,,"Set torque = 0"
348028,TX,0x201,3,0x90,0x90,0x00,0x00,,,,,"Set torque = 0"
348053,RX,0x181,6,0x40,0x40,0x10,0x43,0x80,0x00,0x0B,,"Status word = 0x4310"
348060,TX,0x201,3,0x90,0x90,0x00,0x00,,,,,"Set torque = 0"
348066,RX,0x181,4,0x30,0x30,0x00,0x00,0x01,,,,"Speed feedback = 0 rpm"
348086,TX,0x201,3,0x90,0x90,0x00,0x00,,,,,"Set torque = 0"
348112,TX,0x201,3,0x90,0x90,0x00,0x00,,,,,"Set torque = 0"
348138,TX,0x201,3,0x90,0x90,0x00,0x00,,,,,"Set torque = 0"
348153,RX,0x181,6,0x40,0x40,0x10,0x43,0x80,0x00,0x0B,,"Status word = 0x4310"
348160,RX,0x181,4,0x30,0x30,0x00,0x00,0x01,,,,"Speed feedback = 0 rpm"
348166,TX,0x201,3,0x90,0x90,0x00,0x00,,,,,"Set torque = 0"
348194,TX,0x201,3,0x90,0x90,0x00,0x00,,,,,"Set torque = 0"
348220,TX,0x201,3,0x90,0x90,0x00,0x00,,,,,"Set torque = 0"
348246,TX,0x201,3,0x90,0x90,0x00,0x00,,,,,"Set torque = 0"
348252,RX,0x181,6,0x40,0x40,0x10,0x43,0x80,0x00,0x0B,,"Status word = 0x4310"
348259,RX,0x181,4,0x30,0x30,0x00,0x00,0x01,,,,"Speed feedback = 0 rpm"
348272,TX,0x201,3,0x90,0x90,0x00,0x00,,,,,"Set torque = 0"
348298,TX,0x201,3,0x90,0x90,0x00,0x00,,,,,"Set torque = 0"
348324,TX,0x201,3,0x90,0x90,0x00,0x00,,,,,"Set torque = 0"
348350,TX,0x201,3,0x90,0x90,0x00,0x00,,,,,"Set torque = 0"
348357,RX,0x181,6,0x40,0x40,0x10,0x43,0x80,0x00,0x0B,,"Status word = 0x4310"
348363,RX,0x181,4,0x30,0x30,0x00,0x00,0x01,,,,"Speed feedback = 0 rpm"
348377,TX,0x201,3,0x90,0x90,0x00,0x00,,,,,"Set torque = 0"
348403,TX,0x201,3,0x90,0x90,0x00,0x00,,,,,"Set torque = 0"
348429,TX,0x201,3,0x90,0x90,0x00,0x00,,,,,"Set torque = 0"
348452,RX,0x181,6,0x40,0x40,0x10,0x43,0x80,0x00,0x0B,,"Status word = 0x4310"
348459,TX,0x201,3,0x90,0x90,0x00,0x00,,,,,"Set torque = 0"
348466,RX,0x181,4,0x30,0x30,0x00,0x00,0x01,,,,"Speed feedback = 0 rpm"
348486,TX,0x201,3,0x90,0x90,0x00,0x00,,,,,"Set torque = 0"
348513,TX,0x201,3,0x90,0x90,0x00,0x00,,,,,"Set torque = 0"
348539,TX,0x201,3,0x90,0x90,0x00,0x00,,,,,"Set torque = 0"
348552,RX,0x181,6,0x40,0x40,0x10,0x43,0x80,0x00,0x0B,,"Status word = 0x4310"
348559,RX,0x181,4,0x30,0x30,0x00,0x00,0x01,,,,"Speed feedback = 0 rpm"
348566,TX,0x201,3,0x90,0x90,0x00,0x00,,,,,"Set torque = 0"
348593,TX,0x201,3,0x90,0x90,0x00,0x00,,,,,"Set torque = 0"
348619,TX,0x201,3,0x90,0x90,0x00,0x00,,,,,"Set torque = 0"
348645,TX,0x201,3,0x90,0x90,0x00,0x00,,,,,"Set torque = 0"
348652,RX,0x181,6,0x40,0x40,0x10,0x43,0x80,0x00,0x0B,,"Status word = 0x4310"
348659,RX,0x181,4,0x30,0x30,0x00,0x00,0x01,,,,"Speed feedback = 0 rpm"
348671,TX,0x201,3,0x90,0x90,0x00,0x00,,,,,"Set torque = 0"
348697,TX,0x201,3,0x90,0x90,0x00,0x00,,,,,"Set torque = 0"
348723,TX,0x201,3,0x90,0x90,0x00,0x00,,,,,"Set torque = 0"
348749,TX,0x201,3,0x90,0x90,0x00,0x00,,,,,"Set torque = 0"
348755,RX,0x181,6,0x40,0x40,0x10,0x43,0x80,0x00,0x0B,,"Status word = 0x4310"
348762,RX,0x181,4,0x30,0x30,0x00,0x00,0x01,,,,"Speed feedback = 0 rpm"
348775,TX,0x201,3,0x90,0x90,0x00,0x00,,,,,"Set torque = 0"
348801,TX,0x201,3,0x90,0x90,0x00,0x00,,,,,"Set torque = 0"
348828,TX,0x201,3,0x90,0x90,0x00,0x00,,,,,"Set torque = 0"
348852,RX,0x181,6,0x40,0x40,0x10,0x43,0x80,0x00,0x0B,,"Status word = 0x4310"
348858,TX,0x201,3,0x90,0x90,0x00,0x00,,,,,"Set torque = 0"
348865,RX,0x181,4,0x30,0x30,0x00,0x00,0x01,,,,"Speed feedback = 0 rpm"
348885,TX,0x201,3,0x90,0x90,0x00,0x00,,,,,"Set torque = 0"
348911,TX,0x201,3,0x90,0x90,0x00,0x00,,,,,"Set torque = 0"
348937,TX,0x201,3,0x90,0x90,0x00,0x00,,,,,"Set torque = 0"
348951,RX,0x181,6,0x40,0x40,0x10,0x43,0x80,0x00,0x0B,,"Status word = 0x4310"
348958,RX,0x181,4,0x30,0x30,0x00,0x00,0x01,,,,"Speed feedback = 0 rpm"
348966,TX,0x201,3,0x90,0x90,0x00,0x00,,,,,"Set torque = 0"
348992,TX,0x201,3,0x90,0x90,0x00,0x00,,,,,"Set torque = 0"
349018,TX,0x201,3,0x90,0x90,0x00,0x00,,,,,"Set torque = 0"
349044,TX,0x201,3,0x90,0x90,0x00,0x00,,,,,"Set torque = 0"
349051,RX,0x181,6,0x40,0x40,0x10,0x43,0x80,0x00,0x0B,,"Status word = 0x4310"
349058,RX,0x181,4,0x30,0x30,0x00,0x00,0x01,,,,"Speed feedback = 0 rpm"
349070,TX,0x201,3,0x90,0x90,0x00,0x00,,,,,"Set torque = 0"
349096,TX,0x201,3,0x90,0x90,0x00,0x00,,,,,"Set torque = 0"
349122,TX,0x201,3,0x90,0x90,0x00,0x00,,,,,"Set torque = 0"
349149,TX,0x201,3,0x90,0x90,0x00,0x00,,,,,"Set torque = 0"
349155,RX,0x181,6,0x40,0x40,0x10,0x43,0x80,0x00,0x0B,,"Status word = 0x4310"
349162,RX,0x181,4,0x30,0x30,0x00,0x00,0x01,,,,"Speed feedback = 0 rpm"
349175,TX,0x201,3,0x90,0x90,0x00,0x00,,,,,"Set torque = 0"
349201,TX,0x201,3,0x90,0x90,0x00,0x00,,,,,"Set torque = 0"
349227,TX,0x201,3,0x90,0x90,0x00,0x00,,,,,"Set torque = 0"
349251,RX,0x181,6,0x40,0x40,0x10,0x43,0x80,0x00,0x0B,,"Status word = 0x4310"
349258,TX,0x201,3,0x90,0x90,0x00,0x00,,,,,"Set torque = 0"
349264,RX,0x181,4,0x30,0x30,0x00,0x00,0x01,,,,"Speed feedback = 0 rpm"
349284,TX,0x201,3,0x90,0x90,0x00,0x00,,,,,"Set torque = 0"
349310,TX,0x201,3,0x90,0x90,0x00,0x00,,,,,"Set torque = 0"
349336,TX,0x201,3,0x90,0x90,0x00,0x00,,,,,"Set torque = 0"
349351,RX,0x181,6,0x40,0x40,0x10,0x43,0x80,0x00,0x0B,,"Status word = 0x4310"
349358,RX,0x181,4,0x30,0x30,0x00,0x00,0x01,,,,"Speed feedback = 0 rpm"
349364,TX,0x201,3,0x90,0x90,0x00,0x00,,,,,"Set torque = 0"
349391,TX,0x201,3,0x90,0x90,0x00,0x00,,,,,"Set torque = 0"
349415,TX,0x201,3,0x90,0x90,0x00,0x00,,,,,"Set torque = 0"
349441,TX,0x201,3,0x90,0x90,0x00,0x00,,,,,"Set torque = 0"
349451,RX,0x181,6,0x40,0x40,0x10,0x43,0x80,0x00,0x0B,,"Status word = 0x4310"
349458,RX,0x181,4,0x30,0x30,0x00,0x00,0x01,,,,"Speed feedback = 0 rpm"
349468,TX,0x201,3,0x90,0x90,0x00,0x00,,,,,"Set torque = 0"
349494,TX,0x201,3,0x90,0x90,0x00,0x00,,,,,"Set torque = 0"
349520,TX,0x201,3,0x90,0x90,0x00,0x00,,,,,"Set torque = 0"
349546,TX,0x201,3,0x90,0x90,0x00,0x00,,,,,"Set torque = 0"
349552,RX,0x181,6,0x40,0x40,0x10,0x43,0x80,0x00,0x0B,,"Status word = 0x4310"
349559,RX,0x181,4,0x30,0x30,0x00,0x00,0x01,,,,"Speed feedback = 0 rpm"
349572,TX,0x201,3,0x90,0x90,0x00,0x00,,,,,"Set torque = 0"
349599,TX,0x201,3,0x90,0x90,0x00,0x00,,,,,"Set torque = 0"
349625,TX,0x201,3,0x90,0x90,0x00,0x00,,,,,"Set torque = 0"
349650,RX,0x181,6,0x40,0x40,0x10,0x43,0x80,0x00,0x0B,,"Status word = 0x4310"
349657,TX,0x201,3,0x90,0x90,0x00,0x00,,,,,"Set torque = 0"
349664,RX,0x181,4,0x30,0x30,0x00,0x00,0x01,,,,"Speed feedback = 0 rpm"
349684,TX,0x201,3,0x90,0x90,0x00,0x00,,,,,"Set torque = 0"
349710,TX,0x201,3,0x90,0x90,0x00,0x00,,,,,"Set torque = 0"
349736,TX,0x201,3,0x90,0x90,0x00,0x00,,,,,"Set torque = 0"
349750,RX,0x181,6,0x40,0x40,0x10,0x43,0x80,0x00,0x0B,,"Status word = 0x4310"
349757,RX,0x181,4,0x30,0x30,0x00,0x00,0x01,,,,"Speed feedback = 0 rpm"
349764,TX,0x201,3,0x90,0x90,0x00,0x00,,,,,"Set torque = 0"
349791,TX,0x201,3,0x90,0x90,0x00,0x00,,,,,"Set torque = 0"
349817,TX,0x201,3,0x90,0x90,0x00,0x00,,,,,"Set torque = 0"
349843,TX,0x201,3,0x90,0x90,0x00,0x00,,,,,"Set torque = 0"
349850,RX,0x181,6,0x40,0x40,0x10,0x43,0x80,0x00,0x0B,,"Status word = 0x4310"
349857,RX,0x181,4,0x30,0x30,0x00,0x00,0x01,,,,"Speed feedback = 0 rpm"
349869,TX,0x201,3,0x90,0x90,0x00,0x00,,,,,"Set torque = 0"
349895,TX,0x201,3,0x90,0x90,0x00,0x00,,,,,"Set torque = 0"
349922,TX,0x201,3,0x90,0x90,0x00,0x00,,,,,"Set torque = 0"
349948,TX,0x201,3,0x90,0x90,0x00,0x00,,,,,"Set torque = 0"
349954,RX,0x181,6,0x40,0x40,0x10,0x43,0x80,0x00,0x0B,,"Status word = 0x4310"
349961,RX,0x181,4,0x30,0x30,0x00,0x00,0x01,,,,"Speed feedback = 0 rpm"
349974,TX,0x201,3,0x90,0x90,0x00,0x00,,,,,"Set torque = 0"
350000,TX,0x201,3,0x90,0x90,0x00,0x00,,,,,"Set torque = 0"
350026,TX,0x201,3,0x90,0x90,0x00,0x00,,,,,"Set torque = 0"
350050,RX,0x181,6,0x40,0x40,0x10,0x43,0x80,0x00,0x0B,,"Status word = 0x4310"
350057,TX,0x201,3,0x90,0x90,0x00,0x00,,,,,"Set torque = 0"
350064,RX,0x181,4,0x30,0x30,0x00,0x00,0x01,,,,"Speed feedback = 0 rpm"
350084,TX,0x201,3,0x90,0x90,0x00,0x00,,,,,"Set torque = 0"
350110,TX,0x201,3,0x90,0x90,0x00,0x00,,,,,"Set torque = 0"
350136,TX,0x201,3,0x90,0x90,0x00,0x00,,,,,"Set torque = 0"
350150,RX,0x181,6,0x40,0x40,0x10,0x43,0x80,0x00,0x0B,,"Status word = 0x4310"
350156,RX,0x181,4,0x30,0x30,0x00,0x00,0x01,,,,"Speed feedback = 0 rpm"
350165,TX,0x201,3,0x90,0x90,0x00,0x00,,,,,"Set torque = 0"
350191,TX,0x201,3,0x90,0x90,0x00,0x00,,,,,"Set torque = 0"
350217,TX,0x201,3,0x90,0x90,0x00,0x00,,,,,"Set torque = 0"
350244,TX,0x201,3,0x90,0x90,0x00,0x00,,,,,"Set torque = 0"
350250,RX,0x181,6,0x40,0x40,0x10,0x43,0x80,0x00,0x0B,,"Status word = 0x4310"
350257,RX,0x181,4,0x30,0x30,0x00,0x00,0x01,,,,"Speed feedback = 0 rpm"
350270,TX,0x201,3,0x90,0x90,0x00,0x00,,,,,"Set torque = 0"
350296,TX,0x201,3,0x90,0x90,0x00,0x00,,,,,"Set torque = 0"
350322,TX,0x201,3,0x90,0x90,0x00,0x00,,,,,"Set torque = 0"
350348,TX,0x201,3,0x90,0x90,0x00,0x00,,,,,"Set torque = 0"
350354,RX,0x181,6,0x40,0x40,0x10,0x43,0x80,0x00,0x0B,,"Status word = 0x4310"
350361,RX,0x181,4,0x30,0x30,0x00,0x00,0x01,,,,"Speed feedback = 0 rpm"
350374,TX,0x201,3,0x90,0x90,0x00,0x00,,,,,"Set torque = 0"
350400,TX,0x201,3,0x90,0x90,0x00,0x00,,,,,"Set torque = 0"
350426,TX,0x201,3,0x90,0x90,0x00,0x00,,,,,"Set torque = 0"
350449,RX,0x181,6,0x40,0x40,0x10,0x43,0x80,0x00,0x0B,,"Status word = 0x4310"
350456,RX,0x181,4,0x30,0x30,0x00,0x00,0x01,,,,"Speed feedback = 0 rpm"
350463,TX,0x201,3,0x90,0x90,0x00,0x00,,,,,"Set torque = 0"
350490,TX,0x201,3,0x90,0x90,0x00,0x00,,,,,"Set torque = 0"
350516,TX,0x201,3,0x90,0x90,0x00,0x00,,,,,"Set torque = 0"
350542,TX,0x201,3,0x90,0x90,0x00,0x00,,,,,"Set torque = 0"
350549,RX,0x181,6,0x40,0x40,0x10,0x43,0x80,0x00,0x0B,,"Status word = 0x4310"
350556,RX,0x181,4,0x30,0x30,0x00,0x00,0x01,,,,"Speed feedback = 0 rpm"
350569,TX,0x201,3,0x90,0x90,0x00,0x00,,,,,"Set torque = 0"
350595,TX,0x201,3,0x90,0x90,0x00,0x00,,,,,"Set torque = 0"
350621,TX,0x201,3,0x90,0x90,0x00,0x00,,,,,"Set torque = 0"
350647,TX,0x201,3,0x90,0x90,0x00,0x00,,,,,"Set torque = 0"
350653,RX,0x181,6,0x40,0x40,0x10,0x43,0x80,0x00,0x0B,,"Status word = 0x4310"
350660,RX,0x181,4,0x30,0x30,0x00,0x00,0x01,,,,"Speed feedback = 0 rpm"
350673,TX,0x201,3,0x90,0x90,0x00,0x00,,,,,"Set torque = 0"
350700,TX,0x201,3,0x90,0x90,0x00,0x00,,,,,"Set torque = 0"
350726,TX,0x201,3,0x90,0x90,0x00,0x00,,,,,"Set torque = 0"
350749,RX,0x181,6,0x40,0x40,0x10,0x43,0x80,0x00,0x0B,,"Status word = 0x4310"
350755,TX,0x201,3,0x90,0x90,0x00,0x00,,,,,"Set torque = 0"
350762,RX,0x181,4,0x30,0x30,0x00,0x00,0x01,,,,"Speed feedback = 0 rpm"
350782,TX,0x201,3,0x90,0x90,0x00,0x00,,,,,"Set torque = 0"
350808,TX,0x201,3,0x90,0x90,0x00,0x00,,,,,"Set torque = 0"
350834,TX,0x201,3,0x90,0x90,0x00,0x00,,,,,"Set torque = 0"
350848,RX,0x181,6,0x40,0x40,0x10,0x43,0x80,0x00,0x0B,,"Status word = 0x4310"
350855,RX,0x181,4,0x30,0x30,0x00,0x00,0x01,,,,"Speed feedback = 0 rpm"
350862,TX,0x201,3,0x90,0x90,0x00,0x00,,,,,"Set torque = 0"
350889,TX,0x201,3,0x90,0x90,0x00,0x00,,,,,"Set torque = 0"
350917,TX,0x201,3,0x90,0x90,0x00,0x00,,,,,"Set torque = 0"
350943,TX,0x201,3,0x90,0x90,0x00,0x00,,,,,"Set torque = 0"
350949,RX,0x181,6,0x40,0x40,0x10,0x43,0x80,0x00,0x0B,,"Status word = 0x4310"
350956,RX,0x181,4,0x30,0x30,0x00,0x00,0x01,,,,"Speed feedback = 0 rpm"
350969,TX,0x201,3,0x90,0x90,0x00,0x00,,,,,"Set torque = 0"
350996,TX,0x201,3,0x90,0x90,0x00,0x00,,,,,"Set torque = 0"
351022,TX,0x201,3,0x90,0x90,0x00,0x00,,,,,"Set torque = 0"
351048,TX,0x201,3,0x90,0x90,0x00,0x00,,,,,"Set torque = 0"
351054,RX,0x181,6,0x40,0x40,0x10,0x43,0x80,0x00,0x0B,,"Status word = 0x4310"
351061,RX,0x181,4,0x30,0x30,0x00,0x00,0x01,,,,"Speed feedback = 0 rpm"
351074,TX,0x201,3,0x90,0x90,0x00,0x00,,,,,"Set torque = 0"
351100,TX,0x201,3,0x90,0x90,0x00,0x00,,,,,"Set torque = 0"
351126,TX,0x201,3,0x90,0x90,0x00,0x00,,,,,"Set torque = 0"
351148,RX,0x181,6,0x40,0x40,0x10,0x43,0x80,0x00,0x0B,,"Status word = 0x4310"
351155,RX,0x181,4,0x30,0x30,0x00,0x00,0x01,,,,"Speed feedback = 0 rpm"
351162,TX,0x201,3,0x90,0x90,0x00,0x00,,,,,"Set torque = 0"
351189,TX,0x201,3,0x90,0x90,0x00,0x00,,,,,"Set torque = 0"
351215,TX,0x201,3,0x90,0x90,0x00,0x00,,,,,"Set torque = 0"
351241,TX,0x201,3,0x90,0x90,0x00,0x00,,,,,"Set torque = 0"
351248,RX,0x181,6,0x40,0x40,0x10,0x43,0x80,0x00,0x0B,,"Status word = 0x4310"
351255,RX,0x181,4,0x30,0x30,0x00,0x00,0x01,,,,"Speed feedback = 0 rpm"
351267,TX,0x201,3,0x90,0x90,0x00,0x00,,,,,"Set torque = 0"
351293,TX,0x201,3,0x90,0x90,0x00,0x00,,,,,"Set torque = 0"
351320,TX,0x201,3,0x90,0x90,0x00,0x00,,,,,"Set torque = 0"
351346,TX,0x201,3,0x90,0x90,0x00,0x00,,,,,"Set torque = 0"
351352,RX,0x181,6,0x40,0x40,0x10,0x43,0x80,0x00,0x0B,,"Status word = 0x4310"
351359,RX,0x181,4,0x30,0x30,0x00,0x00,0x01,,,,"Speed feedback = 0 rpm"
351372,TX,0x201,3,0x90,0x90,0x00,0x00,,,,,"Set torque = 0"
351398,TX,0x201,3,0x90,0x90,0x00,0x00,,,,,"Set torque = 0"
351424,TX,0x201,3,0x90,0x90,0x00,0x00,,,,,"Set torque = 0"
351447,RX,0x181,6,0x40,0x40,0x10,0x43,0x80,0x00,0x0B,,"Status word = 0x4310"
351454,TX,0x201,3,0x90,0x90,0x00,0x00,,,,,"Set torque = 0"
351461,RX,0x181,4,0x30,0x30,0x00,0x00,0x01,,,,"Speed feedback = 0 rpm"
351481,TX,0x201,3,0x90,0x90,0x00,0x00,,,,,"Set torque = 0"
351507,TX,0x201,3,0x90,0x90,0x00,0x00,,,,,"Set torque = 0"
351533,TX,0x201,3,0x90,0x90,0x00,0x00,,,,,"Set torque = 0"
351547,RX,0x181,6,0x40,0x40,0x10,0x43,0x80,0x00,0x0B,,"Status word = 0x4310"
351554,RX,0x181,4,0x30,0x30,0x00,0x00,0x01,,,,"Speed feedback = 0 rpm"
351561,TX,0x201,3,0x90,0x90,0x00,0x00,,,,,"Set torque = 0"
351588,TX,0x201,3,0x90,0x90,0x00,0x00,,,,,"Set torque = 0"
351614,TX,0x201,3,0x90,0x90,0x00,0x00,,,,,"Set torque = 0"
351641,TX,0x201,3,0x90,0x90,0x00,0x00,,,,,"Set torque = 0"
351647,RX,0x181,6,0x40,0x40,0x10,0x43,0x80,0x00,0x0B,,"Status word = 0x4310"
351654,RX,0x181,4,0x30,0x30,0x00,0x00,0x01,,,,"Speed feedback = 0 rpm"
351667,TX,0x201,3,0x90,0x90,0x00,0x00,,,,,"Set torque = 0"
351693,TX,0x201,3,0x90,0x90,0x00,0x00,,,,,"Set torque = 0"
351719,TX,0x201,3,0x90,0x90,0x00,0x00,,,,,"Set torque = 0"
351745,TX,0x201,3,0x90,0x90,0x00,0x00,,,,,"Set torque = 0"
351751,RX,0x181,6,0x40,0x40,0x10,0x43,0x80,0x00,0x0B,,"Status word = 0x4310"
351758,RX,0x181,4,0x30,0x30,0x00,0x00,0x01,,,,"Speed feedback = 0 rpm"
351771,TX,0x201,3,0x90,0x90,0x00,0x00,,,,,"Set torque = 0"
351797,TX,0x201,3,0x90,0x90,0x00,0x00,,,,,"Set torque = 0"
351823,TX,0x201,3,0x90,0x90,0x00,0x00,,,,,"Set torque = 0"
351847,RX,0x181,6,0x40,0x40,0x10,0x43,0x80,0x00,0x0B,,"Status word = 0x4310"
351854,TX,0x201,3,0x90,0x90,0x00,0x00,,,,,"Set torque = 0"
351860,RX,0x181,4,0x30,0x30,0x00,0x00,0x01,,,,"Speed feedback = 0 rpm"
351880,TX,0x201,3,0x90,0x90,0x00,0x00,,,,,"Set torque = 0"
351906,TX,0x201,3,0x90,0x90,0x00,0x00,,,,,"Set torque = 0"
351932,TX,0x201,3,0x90,0x90,0x00,0x00,,,,,"Set torque = 0"
351947,RX,0x181,6,0x40,0x40,0x10,0x43,0x80,0x00,0x0B,,"Status word = 0x4310"
351954,RX,0x181,4,0x30,0x30,0x00,0x00,0x01,,,,"Speed feedback = 0 rpm"
351960,TX,0x201,3,0x90,0x90,0x00,0x00,,,,,"Set torque = 0"
351987,TX,0x201,3,0x90,0x90,0x00,0x00,,,,,"Set torque = 0"
352016,TX,0x201,3,0x90,0x90,0x00,0x00,,,,,"Set torque = 0"
352042,TX,0x201,3,0x90,0x90,0x00,0x00,,,,,"Set torque = 0"
352048,RX,0x181,6,0x40,0x40,0x10,0x43,0x80,0x00,0x0B,,"Status word = 0x4310"
352055,RX,0x181,4,0x30,0x30,0x00,0x00,0x01,,,,"Speed feedback = 0 rpm"
352068,TX,0x201,3,0x90,0x90,0x00,0x00,,,,,"Set torque = 0"
352094,TX,0x201,3,0x90,0x90,0x00,0x00,,,,,"Set torque = 0"
352120,TX,0x201,3,0x90,0x90,0x00,0x00,,,,,"Set torque = 0"
352146,TX,0x201,3,0x90,0x90,0x00,0x00,,,,,"Set torque = 0"
352152,RX,0x181,6,0x40,0x40,0x10,0x43,0x80,0x00,0x0B,,"Status word = 0x4310"
352159,RX,0x181,4,0x30,0x30,0x00,0x00,0x01,,,,"Speed feedback = 0 rpm"
352172,TX,0x201,3,0x90,0x90,0x00,0x00,,,,,"Set torque = 0"
352198,TX,0x201,3,0x90,0x90,0x00,0x00,,,,,"Set torque = 0"
352224,TX,0x201,3,0x90,0x90,0x00,0x00,,,,,"Set torque = 0"
352246,RX,0x181,6,0x40,0x40,0x10,0x43,0x80,0x00,0x0B,,"Status word = 0x4310"
352253,TX,0x201,3,0x90,0x90,0x00,0x00,,,,,"Set torque = 0"
352260,RX,0x181,4,0x30,0x30,0x00,0x00,0x01,,,,"Speed feedback = 0 rpm"
352280,TX,0x201,3,0x90,0x90,0x00,0x00,,,,,"Set torque = 0"
352306,TX,0x201,3,0x90,0x90,0x00,0x00,,,,,"Set torque = 0"
352332,TX,0x201,3,0x90,0x90,0x00,0x00,,,,,"Set torque = 0"
352346,RX,0x181,6,0x40,0x40,0x10,0x43,0x80,0x00,0x0B,,"Status word = 0x4310"
352353,RX,0x181,4,0x30,0x30,0x00,0x00,0x01,,,,"Speed feedback = 0 rpm"
352360,TX,0x201,3,0x90,0x90,0x00,0x00,,,,,"Set torque = 0"
352387,TX,0x201,3,0x90,0x90,0x00,0x00,,,,,"Set torque = 0"
352413,TX,0x201,3,0x90,0x90,0x00,0x00,,,,,"Set torque = 0"
352439,TX,0x201,3,0x90,0x90,0x00,0x00,,,,,"Set torque = 0"
352446,RX,0x181,6,0x40,0x40,0x10,0x43,0x80,0x00,0x0B,,"Status word = 0x4310"
352453,RX,0x181,4,0x30,0x30,0x00,0x00,0x01,,,,"Speed feedback = 0 rpm"
352465,TX,0x201,3,0x90,0x90,0x00,0x00,,,,,"Set torque = 0"
352491,TX,0x201,3,0x90,0x90,0x00,0x00,,,,,"Set torque = 0"
352517,TX,0x201,3,0x90,0x90,0x00,0x00,,,,,"Set torque = 0"
352543,TX,0x201,3,0x90,0x90,0x00,0x00,,,,,"Set torque = 0"
352550,RX,0x181,6,0x40,0x40,0x10,0x43,0x80,0x00,0x0B,,"Status word = 0x4310"
352556,RX,0x181,4,0x30,0x30,0x00,0x00,0x01,,,,"Speed feedback = 0 rpm"
352570,TX,0x201,3,0x90,0x90,0x00,0x00,,,,,"Set torque = 0"
352596,TX,0x201,3,0x90,0x90,0x00,0x00,,,,,"Set torque = 0"
352622,TX,0x201,3,0x90,0x90,0x00,0x00,,,,,"Set torque = 0"
352646,RX,0x181,6,0x40,0x40,0x10,0x43,0x80,0x00,0x0B,,"Status word = 0x4310"
352652,TX,0x201,3,0x90,0x90,0x00,0x00,,,,,"Set torque = 0"
352659,RX,0x181,4,0x30,0x30,0x00,0x00,0x01,,,,"Speed feedback = 0 rpm"
352679,TX,0x201,3,0x90,0x90,0x00,0x00,,,,,"Set torque = 0"
352706,TX,0x201,3,0x90,0x90,0x00,0x00,,,,,"Set torque = 0"
352732,TX,0x201,3,0x90,0x90,0x00,0x00,,,,,"Set torque = 0"
352745,RX,0x181,6,0x40,0x40,0x10,0x43,0x80,0x00,0x0B,,"Status word = 0x4310"
352752,RX,0x181,4,0x30,0x30,0x00,0x00,0x01,,,,"Speed feedback = 0 rpm"
352759,TX,0x201,3,0x90,0x90,0x00,0x00,,,,,"Set torque = 0"
352786,TX,0x201,3,0x90,0x90,0x00,0x00,,,,,"Set torque = 0"
352812,TX,0x201,3,0x90,0x90,0x00,0x00,,,,,"Set torque = 0"
352838,TX,0x201,3,0x90,0x90,0x00,0x00,,,,,"Set torque = 0"
352845,RX,0x181,6,0x40,0x40,0x10,0x43,0x80,0x00,0x0B,,"Status word = 0x4310"
352852,RX,0x181,4,0x30,0x30,0x00,0x00,0x01,,,,"Speed feedback = 0 rpm"
352864,TX,0x201,3,0x90,0x90,0x00,0x00,,,,,"Set torque = 0"
352890,TX,0x201,3,0x90,0x90,0x00,0x00,,,,,"Set torque = 0"
352916,TX,0x201,3,0x90,0x90,0x00,0x00,,,,,"Set torque = 0"
352942,TX,0x201,3,0x90,0x90,0x00,0x00,,,,,"Set torque = 0"
352948,RX,0x181,6,0x40,0x40,0x10,0x43,0x80,0x00,0x0B,,"Status word = 0x4310"
352955,RX,0x181,4,0x30,0x30,0x00,0x00,0x01,,,,"Speed feedback = 0 rpm"
352968,TX,0x201,3,0x90,0x90,0x00,0x00,,,,,"Set torque = 0"
352994,TX,0x201,3,0x90,0x90,0x00,0x00,,,,,"Set torque = 0"
353021,TX,0x201,3,0x90,0x90,0x00,0x00,,,,,"Set torque = 0"
353045,RX,0x181,6,0x40,0x40,0x10,0x43,0x80,0x00,0x0B,,"Status word = 0x4310"
353052,TX,0x201,3,0x90,0x90,0x00,0x00,,,,,"Set torque = 0"
353058,RX,0x181,4,0x30,0x30,0x00,0x00,0x01,,,,"Speed feedback = 0 rpm"
353078,TX,0x201,3,0x90,0x90,0x00,0x00,,,,,"Set torque = 0"
353104,TX,0x201,3,0x90,0x90,0x00,0x00,,,,,"Set torque = 0"
353130,TX,0x201,3,0x90,0x90,0x00,0x00,,,,,"Set torque = 0"
353145,RX,0x181,6,0x40,0x40,0x10,0x43,0x80,0x00,0x0B,,"Status word = 0x4310"
353152,RX,0x181,4,0x30,0x30,0x00,0x00,0x01,,,,"Speed feedback = 0 rpm"
353159,TX,0x201,3,0x90,0x90,0x00,0x00,,,,,"Set torque = 0"
353186,TX,0x201,3,0x90,0x90,0x00,0x00,,,,,"Set torque = 0"
353212,TX,0x201,3,0x90,0x90,0x00,0x00,,,,,"Set torque = 0"
353238,TX,0x201,3,0x90,0x90,0x00,0x00,,,,,"Set torque = 0"
353245,RX,0x181,6,0x40,0x40,0x10,0x43,0x80,0x00,0x0B,,"Status word = 0x4310"
353252,RX,0x181,4,0x30,0x30,0x00,0x00,0x01,,,,"Speed feedback = 0 rpm"
353264,TX,0x201,3,0x90,0x90,0x00,0x00,,,,,"Set torque = 0"
353290,TX,0x201,3,0x90,0x90,0x00,0x00,,,,,"Set torque = 0"
353316,TX,0x201,3,0x90,0x90,0x00,0x00,,,,,"Set torque = 0"
353343,TX,0x201,3,0x90,0x90,0x00,0x00,,,,,"Set torque = 0"
353349,RX,0x181,6,0x40,0x40,0x10,0x43,0x80,0x00,0x0B,,"Status word = 0x4310"
353356,RX,0x181,4,0x30,0x30,0x00,0x00,0x01,,,,"Speed feedback = 0 rpm"
353369,TX,0x201,3,0x90,0x90,0x00,0x00,,,,,"Set torque = 0"
353395,TX,0x201,3,0x90,0x90,0x00,0x00,,,,,"Set torque = 0"
353421,TX,0x201,3,0x90,0x90,0x00,0x00,,,,,"Set torque = 0"
353444,RX,0x181,6,0x40,0x40,0x10,0x43,0x80,0x00,0x0B,,"Status word = 0x4310"
353451,TX,0x201,3,0x90,0x90,0x00,0x00,,,,,"Set torque = 0"
353458,RX,0x181,4,0x30,0x30,0x00,0x00,0x01,,,,"Speed feedback = 0 rpm"
353478,TX,0x201,3,0x90,0x90,0x00,0x00,,,,,"Set torque = 0"
353504,TX,0x201,3,0x90,0x90,0x00,0x00,,,,,"Set torque = 0"
353530,TX,0x201,3,0x90,0x90,0x00,0x00,,,,,"Set torque = 0"
353544,RX,0x181,6,0x40,0x40,0x10,0x43,0x80,0x00,0x0B,,"Status word = 0x4310"
353551,RX,0x181,4,0x30,0x30,0x00,0x00,0x01,,,,"Speed feedback = 0 rpm"
353558,TX,0x201,3,0x90,0x90,0x00,0x00,,,,,"Set torque = 0"
353585,TX,0x201,3,0x90,0x90,0x00,0x00,,,,,"Set torque = 0"
353611,TX,0x201,3,0x90,0x90,0x00,0x00,,,,,"Set torque = 0"
353637,TX,0x201,3,0x90,0x90,0x00,0x00,,,,,"Set torque = 0"
353644,RX,0x181,6,0x40,0x40,0x10,0x43,0x80,0x00,0x0B,,"Status word = 0x4310"
353651,RX,0x181,4,0x30,0x30,0x00,0x00,0x01,,,,"Speed feedback = 0 rpm"
353664,TX,0x201,3,0x90,0x90,0x00,0x00,,,,,"Set torque = 0"
353690,TX,0x201,3,0x90,0x90,0x00,0x00,,,,,"Set torque = 0"
353716,TX,0x201,3,0x90,0x90,0x00,0x00,,,,,"Set torque = 0"
353742,TX,0x201,3,0x90,0x90,0x00,0x00,,,,,"Set torque = 0"
353748,RX,0x181,6,0x40,0x40,0x10,0x43,0x80,0x00,0x0B,,"Status word = 0x4310"
353755,RX,0x181,4,0x30,0x30,0x00,0x00,0x01,,,,"Speed feedback = 0 rpm"
353768,TX,0x201,3,0x90,0x90,0x00,0x00,,,,,"Set torque = 0"
353795,TX,0x201,3,0x90,0x90,0x00,0x00,,,,,"Set torque = 0"
353821,TX,0x201,3,0x90,0x90,0x00,0x00,,,,,"Set torque = 0"
353844,RX,0x181,6,0x40,0x40,0x10,0x43,0x80,0x00,0x0B,,"Status word = 0x4310"
353850,TX,0x201,3,0x90,0x90,0x00,0x00,,,,,"Set torque = 0"
353857,RX,0x181,4,0x30,0x30,0x00,0x00,0x01,,,,"Speed feedback = 0 rpm"
353877,TX,0x201,3,0x90,0x90,0x00,0x00,,,,,"Set torque = 0"
353903,TX,0x201,3,0x90,0x90,0x00,0x00,,,,,"Set torque = 0"
353929,TX,0x201,3,0x90,0x90,0x00,0x00,,,,,"Set torque = 0"
353943,RX,0x181,6,0x40,0x40,0x10,0x43,0x80,0x00,0x0B,,"Status word = 0x4310"
353951,RX,0x181,4,0x30,0x30,0x00,0x00,0x01,,,,"Speed feedback = 0 rpm"
353957,TX,0x201,3,0x90,0x90,0x00,0x00,,,,,"Set torque = 0"
353984,TX,0x201,3,0x90,0x90,0x00,0x00,,,,,"Set torque = 0"
354010,TX,0x201,3,0x90,0x90,0x00,0x00,,,,,"Set torque = 0"
354036,TX,0x201,3,0x90,0x90,0x00,0x00,,,,,"Set torque = 0"
354043,RX,0x181,6,0x40,0x40,0x10,0x43,0x80,0x00,0x0B,,"Status word = 0x4310"
354050,RX,0x181,4,0x30,0x30,0x00,0x00,0x01,,,,"Speed feedback = 0 rpm"
354062,TX,0x201,3,0x90,0x90,0x00,0x00,,,,,"Set torque = 0"
354088,TX,0x201,3,0x90,0x90,0x00,0x00,,,,,"Set torque = 0"
354115,TX,0x201,3,0x90,0x90,0x00,0x00,,,,,"Set torque = 0"
354141,TX,0x201,3,0x90,0x90,0x00,0x00,,,,,"Set torque = 0"
354147,RX,0x181,6,0x40,0x40,0x10,0x43,0x80,0x00,0x0B,,"Status word = 0x4310"
354154,RX,0x181,4,0x30,0x30,0x00,0x00,0x01,,,,"Speed feedback = 0 rpm"
354167,TX,0x201,3,0x90,0x90,0x00,0x00,,,,,"Set torque = 0"
354193,TX,0x201,3,0x90,0x90,0x00,0x00,,,,,"Set torque = 0"
354219,TX,0x201,3,0x90,0x90,0x00,0x00,,,,,"Set torque = 0"
354243,RX,0x181,6,0x40,0x40,0x10,0x43,0x80,0x00,0x0B,,"Status word = 0x4310"
354250,TX,0x201,3,0x90,0x90,0x00,0x00,,,,,"Set torque = 0"
354257,RX,0x181,4,0x30,0x30,0x00,0x00,0x01,,,,"Speed feedback = 0 rpm"
354277,TX,0x201,3,0x90,0x90,0x00,0x00,,,,,"Set torque = 0"
354303,TX,0x201,3,0x90,0x90,0x00,0x00,,,,,"Set torque = 0"
354329,TX,0x201,3,0x90,0x90,0x00,0x00,,,,,"Set torque = 0"
354343,RX,0x181,6,0x40,0x40,0x10,0x43,0x80,0x00,0x0B,,"Status word = 0x4310"
354350,RX,0x181,4,0x30,0x30,0x00,0x00,0x01,,,,"Speed feedback = 0 rpm"
354357,TX,0x201,3,0x90,0x90,0x00,0x00,,,,,"Set torque = 0"
354383,TX,0x201,3,0x90,0x90,0x00,0x00,,,,,"Set torque = 0"
354409,TX,0x201,3,0x90,0x90,0x00,0x00,,,,,"Set torque = 0"
354436,TX,0x201,3,0x90,0x90,0x00,0x00,,,,,"Set torque = 0"
354443,RX,0x181,6,0x40,0x40,0x10,0x43,0x80,0x00,0x0B,,"Status word = 0x4310"
354450,RX,0x181,4,0x30,0x30,0x00,0x00,0x01,,,,"Speed feedback = 0 rpm"
354462,TX,0x201,3,0x90,0x90,0x00,0x00,,,,,"Set torque = 0"
354488,TX,0x201,3,0x90,0x90,0x00,0x00,,,,,"Set torque = 0"
354514,TX,0x201,3,0x90,0x90,0x00,0x00,,,,,"Set torque = 0"
354540,TX,0x201,3,0x90,0x90,0x00,0x00,,,,,"Set torque = 0"
354546,RX,0x181,6,0x40,0x40,0x10,0x43,0x80,0x00,0x0B,,"Status word = 0x4310"
354553,RX,0x181,4,0x30,0x30,0x00,0x00,0x01,,,,"Speed feedback = 0 rpm"
354566,TX,0x201,3,0x90,0x90,0x00,0x00,,,,,"Set torque = 0"
354592,TX,0x201,3,0x90,0x90,0x00,0x00,,,,,"Set torque = 0"
354618,TX,0x201,3,0x90,0x90,0x00,0x00,,,,,"Set torque = 0"
354642,RX,0x181,6,0x40,0x40,0x10,0x43,0x80,0x00,0x0B,,"Status word = 0x4310"
354649,TX,0x201,3,0x90,0x90,0x00,0x00,,,,,"Set torque = 0"
354656,RX,0x181,4,0x30,0x30,0x00,0x00,0x01,,,,"Speed feedback = 0 rpm"
354676,TX,0x201,3,0x90,0x90,0x00,0x00,,,,,"Set torque = 0"
354702,TX,0x201,3,0x90,0x90,0x00,0x00,,,,,"Set torque = 0"
354728,TX,0x201,3,0x90,0x90,0x00,0x00,,,,,"Set torque = 0"
354742,RX,0x181,6,0x40,0x40,0x10,0x43,0x80,0x00,0x0B,,"Status word = 0x4310"
354749,RX,0x181,4,0x30,0x30,0x00,0x00,0x01,,,,"Speed feedback = 0 rpm"
354756,TX,0x201,3,0x90,0x90,0x00,0x00,,,,,"Set torque = 0"
354783,TX,0x201,3,0x90,0x90,0x00,0x00,,,,,"Set torque = 0"
354809,TX,0x201,3,0x90,0x90,0x00,0x00,,,,,"Set torque = 0"
354835,TX,0x201,3,0x90,0x90,0x00,0x00,,,,,"Set torque = 0"
354842,RX,0x181,6,0x40,0x40,0x10,0x43,0x80,0x00,0x0B,,"Status word = 0x4310"
354849,RX,0x181,4,0x30,0x30,0x00,0x00,0x01,,,,"Speed feedback = 0 rpm"
354861,TX,0x201,3,0x90,0x90,0x00,0x00,,,,,"Set torque = 0"
354888,TX,0x201,3,0x90,0x90,0x00,0x00,,,,,"Set torque = 0"
354914,TX,0x201,3,0x90,0x90,0x00,0x00,,,,,"Set torque = 0"
354940,TX,0x201,3,0x90,0x90,0x00,0x00,,,,,"Set torque = 0"
354946,RX,0x181,6,0x40,0x40,0x10,0x43,0x80,0x00,0x0B,,"Status word = 0x4310"
354953,RX,0x181,4,0x30,0x30,0x00,0x00,0x01,,,,"Speed feedback = 0 rpm"
354966,TX,0x201,3,0x90,0x90,0x00,0x00,,,,,"Set torque = 0"
354992,TX,0x201,3,0x90,0x90,0x00,0x00,,,,,"Set torque = 0"
355018,TX,0x201,3,0x90,0x90,0x00,0x00,,,,,"Set torque = 0"
355042,RX,0x181,6,0x40,0x40,0x10,0x43,0x80,0x00,0x0B,,"Status word = 0x4310"
355049,RX,0x181,4,0x30,0x30,0x00,0x00,0x01,,,,"Speed feedback = 0 rpm"
355056,TX,0x201,3,0x90,0x90,0x00,0x00,,,,,"Set torque = 0"
355082,TX,0x201,3,0x90,0x90,0x00,0x00,,,,,"Set torque = 0"
355108,TX,0x201,3,0x90,0x90,0x00,0x00,,,,,"Set torque = 0"
355134,TX,0x201,3,0x90,0x90,0x00,0x00,,,,,"Set torque = 0"
355142,RX,0x181,6,0x40,0x40,0x10,0x43,0x80,0x00,0x0B,,"Status word = 0x4310"
355149,RX,0x181,4,0x30,0x30,0x00,0x00,0x01,,,,"Speed feedback = 0 rpm"
355160,TX,0x201,3,0x90,0x90,0x00,0x00,,,,,"Set torque = 0"
355186,TX,0x201,3,0x90,0x90,0x00,0x00,,,,,"Set torque = 0"
355213,TX,0x201,3,0x90,0x90,0x00,0x00,,,,,"Set torque = 0"
355239,TX,0x201,3,0x90,0x90,0x00,0x00,,,,,"Set torque = 0"
355245,RX,0x181,6,0x40,0x40,0x10,0x43,0x80,0x00,0x0B,,"Status word = 0x4310"
355252,RX,0x181,4,0x30,0x30,0x00,0x00,0x01,,,,"Speed feedback = 0 rpm"
355265,TX,0x201,3,0x90,0x90,0x00,0x00,,,,,"Set torque = 0"
355291,TX,0x201,3,0x90,0x90,0x00,0x00,,,,,"Set torque = 0"
355317,TX,0x201,3,0x90,0x90,0x00,0x00,,,,,"Set torque = 0"
355341,RX,0x181,6,0x40,0x40,0x10,0x43,0x80,0x00,0x0B,,"Status word = 0x4310"
355348,TX,0x201,3,0x90,0x90,0x00,0x00,,,,,"Set torque = 0"
355355,RX,0x181,4,0x30,0x30,0x00,0x00,0x01,,,,"Speed feedback = 0 rpm"
355375,TX,0x201,3,0x90,0x90,0x00,0x00,,,,,"Set torque = 0"
355401,TX,0x201,3,0x90,0x90,0x00,0x00,,,,,"Set torque = 0"
355427,TX,0x201,3,0x90,0x90,0x00,0x00,,,,,"Set torque = 0"
355441,RX,0x181,6,0x40,0x40,0x10,0x43,0x80,0x00,0x0B,,"Status word = 0x4310"
355448,RX,0x181,4,0x30,0x30,0x00,0x00,0x01,,,,"Speed feedback = 0 rpm"
355455,TX,0x201,3,0x90,0x90,0x00,0x00,,,,,"Set torque = 0"
355482,TX,0x201,3,0x90,0x90,0x00,0x00,,,,,"Set torque = 0"
355508,TX,0x201,3,0x90,0x90,0x00,0x00,,,,,"Set torque = 0"
355535,TX,0x201,3,0x90,0x90,0x00,0x00,,,,,"Set torque = 0"
355541,RX,0x181,6,0x40,0x40,0x10,0x43,0x80,0x00,0x0B,,"Status word = 0x4310"
355548,RX,0x181,4,0x30,0x30,0x00,0x00,0x01,,,,"Speed feedback = 0 rpm"
355561,TX,0x201,3,0x90,0x90,0x00,0x00,,,,,"Set torque = 0"
355587,TX,0x201,3,0x90,0x90,0x00,0x00,,,,,"Set torque = 0"
355613,TX,0x201,3,0x90,0x90,0x00,0x00,,,,,"Set torque = 0"
355639,TX,0x201,3,0x90,0x90,0x00,0x00,,,,,"Set torque = 0"
355645,RX,0x181,6,0x40,0x40,0x10,0x43,0x80,0x00,0x0B,,"Status word = 0x4310"
355652,RX,0x181,4,0x30,0x30,0x00,0x00,0x01,,,,"Speed feedback = 0 rpm"
355665,TX,0x201,3,0x90,0x90,0x00,0x00,,,,,"Set torque = 0"
355691,TX,0x201,3,0x90,0x90,0x00,0x00,,,,,"Set torque = 0"
355717,TX,0x201,3,0x90,0x90,0x00,0x00,,,,,"Set torque = 0"
355741,RX,0x181,6,0x40,0x40,0x10,0x43,0x80,0x00,0x0B,,"Status word = 0x4310"
355747,TX,0x201,3,0x90,0x90,0x00,0x00,,,,,"Set torque = 0"
355754,RX,0x181,4,0x30,0x30,0x00,0x00,0x01,,,,"Speed feedback = 0 rpm"
355774,TX,0x201,3,0x90,0x90,0x00,0x00,,,,,"Set torque = 0"
355800,TX,0x201,3,0x90,0x90,0x00,0x00,,,,,"Set torque = 0"
355826,TX,0x201,3,0x90,0x90,0x00,0x00,,,,,"Set torque = 0"
355840,RX,0x181,6,0x40,0x40,0x10,0x43,0x80,0x00,0x0B,,"Status word = 0x4310"
355847,RX,0x181,4,0x30,0x30,0x00,0x00,0x01,,,,"Speed feedback = 0 rpm"
355854,TX,0x201,3,0x90,0x90,0x00,0x00,,,,,"Set torque = 0"
355881,TX,0x201,3,0x90,0x90,0x00,0x00,,,,,"Set torque = 0"
355907,TX,0x201,3,0x90,0x90,0x00,0x00,,,,,"Set torque = 0"
355933,TX,0x201,3,0x90,0x90,0x00,0x00,,,,,"Set torque = 0"
355940,RX,0x181,6,0x40,0x40,0x10,0x43,0x80,0x00,0x0B,,"Status word = 0x4310"
355947,RX,0x181,4,0x30,0x30,0x00,0x00,0x01,,,,"Speed feedback = 0 rpm"
355959,TX,0x201,3,0x90,0x90,0x00,0x00,,,,,"Set torque = 0"
355986,TX,0x201,3,0x90,0x90,0x00,0x00,,,,,"Set torque = 0"
356012,TX,0x201,3,0x90,0x90,0x00,0x00,,,,,"Set torque = 0"
356038,TX,0x201,3,0x90,0x90,0x00,0x00,,,,,"Set torque = 0"
356044,RX,0x181,6,0x40,0x40,0x10,0x43,0x80,0x00,0x0B,,"Status word = 0x4310"
356051,RX,0x181,4,0x30,0x30,0x00,0x00,0x01,,,,"Speed feedback = 0 rpm"
356064,TX,0x201,3,0x90,0x90,0x00,0x00,,,,,"Set torque = 0"
356090,TX,0x201,3,0x90,0x90,0x00,0x00,,,,,"Set torque = 0"
356116,TX,0x201,3,0x90,0x90,0x00,0x00,,,,,"Set torque = 0"
356140,RX,0x181,6,0x40,0x40,0x10,0x43,0x80,0x00,0x0B,,"Status word = 0x4310"
356147,RX,0x181,4,0x30,0x30,0x00,0x00,0x01,,,,"Speed feedback = 0 rpm"
356154,TX,0x201,3,0x90,0x90,0x00,0x00,,,,,"Set torque = 0"
356181,TX,0x201,3,0x90,0x90,0x00,0x00,,,,,"Set torque = 0"
356207,TX,0x201,3,0x90,0x90,0x00,0x00,,,,,"Set torque = 0"
356233,TX,0x201,3,0x90,0x90,0x00,0x00,,,,,"Set torque = 0"
356240,RX,0x181,6,0x40,0x40,0x10,0x43,0x80,0x00,0x0B,,"Status word = 0x4310"
356247,RX,0x181,4,0x30,0x30,0x00,0x00,0x01,,,,"Speed feedback = 0 rpm"
356259,TX,0x201,3,0x90,0x90,0x00,0x00,,,,,"Set torque = 0"
356285,TX,0x201,3,0x90,0x90,0x00,0x00,,,,,"Set torque = 0"
356312,TX,0x201,3,0x90,0x90,0x00,0x00,,,,,"Set torque = 0"
356338,TX,0x201,3,0x90,0x90,0x00,0x00,,,,,"Set torque = 0"
356344,RX,0x181,6,0x40,0x40,0x10,0x43,0x80,0x00,0x0B,,"Status word = 0x4310"
356351,RX,0x181,4,0x30,0x30,0x00,0x00,0x01,,,,"Speed feedback = 0 rpm"
356364,TX,0x201,3,0x90,0x90,0x00,0x00,,,,,"Set torque = 0"
356390,TX,0x201,3,0x90,0x90,0x00,0x00,,,,,"Set torque = 0"
356416,TX,0x201,3,0x90,0x90,0x00,0x00,,,,,"Set torque = 0"
356440,RX,0x181,6,0x40,0x40,0x10,0x43,0x80,0x00,0x0B,,"Status word = 0x4310"
356447,RX,0x181,4,0x30,0x30,0x00,0x00,0x01,,,,"Speed feedback = 0 rpm"
356453,TX,0x201,3,0x90,0x90,0x00,0x00,,,,,"Set torque = 0"
356480,TX,0x201,3,0x90,0x90,0x00,0x00,,,,,"Set torque = 0"
356506,TX,0x201,3,0x90,0x90,0x00,0x00,,,,,"Set torque = 0"
356532,TX,0x201,3,0x90,0x90,0x00,0x00,,,,,"Set torque = 0"
356539,RX,0x181,6,0x40,0x40,0x10,0x43,0x80,0x00,0x0B,,"Status word = 0x4310"
356546,RX,0x181,4,0x30,0x30,0x00,0x00,0x01,,,,"Speed feedback = 0 rpm"
356558,TX,0x201,3,0x90,0x90,0x00,0x00,,,,,"Set torque = 0"
356584,TX,0x201,3,0x90,0x90,0x00,0x00,,,,,"Set torque = 0"
356611,TX,0x201,3,0x90,0x90,0x00,0x00,,,,,"Set torque = 0"
356637,TX,0x201,3,0x90,0x90,0x00,0x00,,,,,"Set torque = 0"
356643,RX,0x181,6,0x40,0x40,0x10,0x43,0x80,0x00,0x0B,,"Status word = 0x4310"
356650,RX,0x181,4,0x30,0x30,0x00,0x00,0x01,,,,"Speed feedback = 0 rpm"
356663,TX,0x201,3,0x90,0x90,0x00,0x00,,,,,"Set torque = 0"
356689,TX,0x201,3,0x90,0x90,0x00,0x00,,,,,"Set torque = 0"
356715,TX,0x201,3,0x90,0x90,0x00,0x00,,,,,"Set torque = 0"
356739,RX,0x181,6,0x40,0x40,0x10,0x43,0x80,0x00,0x0B,,"Status word = 0x4310"
356746,TX,0x201,3,0x90,0x90,0x00,0x00,,,,,"Set torque = 0"
356753,RX,0x181,4,0x30,0x30,0x00,0x00,0x01,,,,"Speed feedback = 0 rpm"
356773,TX,0x201,3,0x90,0x90,0x00,0x00,,,,,"Set torque = 0"
356799,TX,0x201,3,0x90,0x90,0x00,0x00,,,,,"Set torque = 0"
356827,TX,0x201,3,0x90,0x90,0x00,0x00,,,,,"Set torque = 0"
356839,RX,0x181,6,0x40,0x40,0x10,0x43,0x80,0x00,0x0B,,"Status word = 0x4310"
356846,RX,0x181,4,0x30,0x30,0x00,0x00,0x01,,,,"Speed feedback = 0 rpm"
356853,TX,0x201,3,0x90,0x90,0x00,0x00,,,,,"Set torque = 0"
356879,TX,0x201,3,0x90,0x90,0x00,0x00,,,,,"Set torque = 0"
356905,TX,0x201,3,0x90,0x90,0x00,0x00,,,,,"Set torque = 0"
356932,TX,0x201,3,0x90,0x90,0x00,0x00,,,,,"Set torque = 0"
356939,RX,0x181,6,0x40,0x40,0x10,0x43,0x80,0x00,0x0B,,"Status word = 0x4310"
356946,RX,0x181,4,0x30,0x30,0x00,0x00,0x01,,,,"Speed feedback = 0 rpm"
356958,TX,0x201,3,0x90,0x90,0x00,0x00,,,,,"Set torque = 0"
356984,TX,0x201,3,0x90,0x90,0x00,0x00,,,,,"Set torque = 0"
357010,TX,0x201,3,0x90,0x90,0x00,0x00,,,,,"Set torque = 0"
357036,TX,0x201,3,0x90,0x90,0x00,0x00,,,,,"Set torque = 0"
357042,RX,0x181,6,0x40,0x40,0x10,0x43,0x80,0x00,0x0B,,"Status word = 0x4310"
357049,RX,0x181,4,0x30,0x30,0x00,0x00,0x01,,,,"Speed feedback = 0 rpm"
357062,TX,0x201,3,0x90,0x90,0x00,0x00,,,,,"Set torque = 0"
357088,TX,0x201,3,0x90,0x90,0x00,0x00,,,,,"Set torque = 0"
357114,TX,0x201,3,0x90,0x90,0x00,0x00,,,,,"Set torque = 0"
357138,RX,0x181,6,0x40,0x40,0x10,0x43,0x80,0x00,0x0B,,"Status word = 0x4310"
357145,TX,0x201,3,0x90,0x90,0x00,0x00,,,,,"Set torque = 0"
357152,RX,0x181,4,0x30,0x30,0x00,0x00,0x01,,,,"Speed feedback = 0 rpm"
357172,TX,0x201,3,0x90,0x90,0x00,0x00,,,,,"Set torque = 0"
357198,TX,0x201,3,0x90,0x90,0x00,0x00,,,,,"Set torque = 0"
357224,TX,0x201,3,0x90,0x90,0x00,0x00,,,,,"Set torque = 0"
357238,RX,0x181,6,0x40,0x40,0x10,0x43,0x80,0x00,0x0B,,"Status word = 0x4310"
357245,RX,0x181,4,0x30,0x30,0x00,0x00,0x01,,,,"Speed feedback = 0 rpm"
357252,TX,0x201,3,0x90,0x90,0x00,0x00,,,,,"Set torque = 0"
357279,TX,0x201,3,0x90,0x90,0x00,0x00,,,,,"Set torque = 0"
357305,TX,0x201,3,0x90,0x90,0x00,0x00,,,,,"Set torque = 0"
357331,TX,0x201,3,0x90,0x90,0x00,0x00,,,,,"Set torque = 0"
357338,RX,0x181,6,0x40,0x40,0x10,0x43,0x80,0x00,0x0B,,"Status word = 0x4310"
357345,RX,0x181,4,0x30,0x30,0x00,0x00,0x01,,,,"Speed feedback = 0 rpm"
357357,TX,0x201,3,0x90,0x90,0x00,0x00,,,,,"Set torque = 0"
357384,TX,0x201,3,0x90,0x90,0x00,0x00,,,,,"Set torque = 0"
357410,TX,0x201,3,0x90,0x90,0x00,0x00,,,,,"Set torque = 0"
357436,TX,0x201,3,0x90,0x90,0x00,0x00,,,,,"Set torque = 0"
357442,RX,0x181,6,0x40,0x40,0x10,0x43,0x80,0x00,0x0B,,"Status word = 0x4310"
357449,RX,0x181,4,0x30,0x30,0x00,0x00,0x01,,,,"Speed feedback = 0 rpm"
357462,TX,0x201,3,0x90,0x90,0x00,0x00,,,,,"Set torque = 0"
357488,TX,0x201,3,0x90,0x90,0x00,0x00,,,,,"Set torque = 0"
357514,TX,0x201,3,0x90,0x90,0x00,0x00,,,,,"Set torque = 0"
357538,RX,0x181,6,0x40,0x40,0x10,0x43,0x80,0x00,0x0B,,"Status word = 0x4310"
357545,RX,0x181,4,0x30,0x30,0x00,0x00,0x01,,,,"Speed feedback = 0 rpm"
357552,TX,0x201,3,0x90,0x90,0x00,0x00,,,,,"Set torque = 0"
357578,TX,0x201,3,0x90,0x90,0x00,0x00,,,,,"Set torque = 0"
357604,TX,0x201,3,0x90,0x90,0x00,0x00,,,,,"Set torque = 0"
357628,TX,0x201,3,0x90,0x90,0x00,0x00,,,,,"Set torque = 0"
357638,RX,0x181,6,0x40,0x40,0x10,0x43,0x80,0x00,0x0B,,"Status word = 0x4310"
357645,RX,0x181,4,0x30,0x30,0x00,0x00,0x01,,,,"Speed feedback = 0 rpm"
357654,TX,0x201,3,0x90,0x90,0x00,0x00,,,,,"Set torque = 0"
357680,TX,0x201,3,0x90,0x90,0x00,0x00,,,,,"Set torque = 0"
357707,TX,0x201,3,0x90,0x90,0x00,0x00,,,,,"Set torque = 0"
357733,TX,0x201,3,0x90,0x90,0x00,0x00,,,,,"Set torque = 0"
357739,RX,0x181,6,0x40,0x40,0x10,0x43,0x80,0x00,0x0B,,"Status word = 0x4310"
357746,RX,0x181,4,0x30,0x30,0x00,0x00,0x01,,,,"Speed feedback = 0 rpm"
357759,TX,0x201,3,0x90,0x90,0x00,0x00,,,,,"Set torque = 0"
357785,TX,0x201,3,0x90,0x90,0x00,0x00,,,,,"Set torque = 0"
357811,TX,0x201,3,0x90,0x90,0x00,0x00,,,,,"Set torque = 0"
357837,TX,0x201,3,0x90,0x90,0x00,0x00,,,,,"Set torque = 0"
357843,RX,0x181,6,0x40,0x40,0x10,0x43,0x80,0x00,0x0B,,"Status word = 0x4310"
357850,RX,0x181,4,0x30,0x30,0x00,0x00,0x01,,,,"Speed feedback = 0 rpm"
357863,TX,0x201,3,0x90,0x90,0x00,0x00,,,,,"Set torque = 0"
357889,TX,0x201,3,0x90,0x90,0x00,0x00,,,,,"Set torque = 0"
357915,TX,0x201,3,0x90,0x90,0x00,0x00,,,,,"Set torque = 0"
357937,RX,0x181,6,0x40,0x40,0x10,0x43,0x80,0x00,0x0B,,"Status word = 0x4310"
357944,TX,0x201,3,0x90,0x90,0x00,0x00,,,,,"Set torque = 0"
357951,RX,0x181,4,0x30,0x30,0x00,0x00,0x01,,,,"Speed feedback = 0 rpm"
357971,TX,0x201,3,0x90,0x90,0x00,0x00,,,,,"Set torque = 0"
357997,TX,0x201,3,0x90,0x90,0x00,0x00,,,,,"Set torque = 0"
358024,TX,0x201,3,0x90,0x90,0x00,0x00,,,,,"Set torque = 0"
358037,RX,0x181,6,0x40,0x40,0x10,0x43,0x80,0x00,0x0B,,"Status word = 0x4310"
358044,RX,0x181,4,0x30,0x30,0x00,0x00,0x01,,,,"Speed feedback = 0 rpm"
358051,TX,0x201,3,0x90,0x90,0x00,0x00,,,,,"Set torque = 0"
358078,TX,0x201,3,0x90,0x90,0x00,0x00,,,,,"Set torque = 0"
358104,TX,0x201,3,0x90,0x90,0x00,0x00,,,,,"Set torque = 0"
358130,TX,0x201,3,0x90,0x90,0x00,0x00,,,,,"Set torque = 0"
358137,RX,0x181,6,0x40,0x40,0x10,0x43,0x80,0x00,0x0B,,"Status word = 0x4310"
358144,RX,0x181,4,0x30,0x30,0x00,0x00,0x01,,,,"Speed feedback = 0 rpm"
358156,TX,0x201,3,0x90,0x90,0x00,0x00,,,,,"Set torque = 0"
358182,TX,0x201,3,0x90,0x90,0x00,0x00,,,,,"Set torque = 0"
358208,TX,0x201,3,0x90,0x90,0x00,0x00,,,,,"Set torque = 0"
358234,TX,0x201,3,0x90,0x90,0x00,0x00,,,,,"Set torque = 0"
358240,RX,0x181,6,0x40,0x40,0x10,0x43,0x80,0x00,0x0B,,"Status word = 0x4310"
358247,RX,0x181,4,0x30,0x30,0x00,0x00,0x01,,,,"Speed feedback = 0 rpm"
358260,TX,0x201,3,0x90,0x90,0x00,0x00,,,,,"Set torque = 0"
358286,TX,0x201,3,0x90,0x90,0x00,0x00,,,,,"Set torque = 0"
358312,TX,0x201,3,0x90,0x90,0x00,0x00,,,,,"Set torque = 0"
358337,RX,0x181,6,0x40,0x40,0x10,0x43,0x80,0x00,0x0B,,"Status word = 0x4310"
358343,TX,0x201,3,0x90,0x90,0x00,0x00,,,,,"Set torque = 0"
358350,RX,0x181,4,0x30,0x30,0x00,0x00,0x01,,,,"Speed feedback = 0 rpm"
358370,TX,0x201,3,0x90,0x90,0x00,0x00,,,,,"Set torque = 0"
358396,TX,0x201,3,0x90,0x90,0x00,0x00,,,,,"Set torque = 0"
358422,TX,0x201,3,0x90,0x90,0x00,0x00,,,,,"Set torque = 0"
358436,RX,0x181,6,0x40,0x40,0x10,0x43,0x80,0x00,0x0B,,"Status word = 0x4310"
358443,RX,0x181,4,0x30,0x30,0x00,0x00,0x01,,,,"Speed feedback = 0 rpm"
358450,TX,0x201,3,0x90,0x90,0x00,0x00,,,,,"Set torque = 0"
358477,TX,0x201,3,0x90,0x90,0x00,0x00,,,,,"Set torque = 0"
358503,TX,0x201,3,0x90,0x90,0x00,0x00,,,,,"Set torque = 0"
358529,TX,0x201,3,0x90,0x90,0x00,0x00,,,,,"Set torque = 0"
358536,RX,0x181,6,0x40,0x40,0x10,0x43,0x80,0x00,0x0B,,"Status word = 0x4310"
358543,RX,0x181,4,0x30,0x30,0x00,0x00,0x01,,,,"Speed feedback = 0 rpm"
358555,TX,0x201,3,0x90,0x90,0x00,0x00,,,,,"Set torque = 0"
358581,TX,0x201,3,0x90,0x90,0x00,0x00,,,,,"Set torque = 0"
358607,TX,0x201,3,0x90,0x90,0x00,0x00,,,,,"Set torque = 0"
358633,TX,0x201,3,0x90,0x90,0x00,0x00,,,,,"Set torque = 0"
358640,RX,0x181,6,0x40,0x40,0x10,0x43,0x80,0x00,0x0B,,"Status word = 0x4310"
358646,RX,0x181,4,0x30,0x30,0x00,0x00,0x01,,,,"Speed feedback = 0 rpm"
358660,TX,0x201,3,0x90,0x90,0x00,0x00,,,,,"Set torque = 0"
358686,TX,0x201,3,0x90,0x90,0x00,0x00,,,,,"Set torque = 0"
358712,TX,0x201,3,0x90,0x90,0x00,0x00,,,,,"Set torque = 0"
358736,RX,0x181,6,0x40,0x40,0x10,0x43,0x80,0x00,0x0B,,"Status word = 0x4310"
358743,TX,0x201,3,0x90,0x90,0x00,0x00,,,,,"Set torque = 0"
358749,RX,0x181,4,0x30,0x30,0x00,0x00,0x01,,,,"Speed feedback = 0 rpm"
358769,TX,0x201,3,0x90,0x90,0x00,0x00,,,,,"Set torque = 0"
358796,TX,0x201,3,0x90,0x90,0x00,0x00,,,,,"Set torque = 0"
358822,TX,0x201,3,0x90,0x90,0x00,0x00,,,,,"Set torque = 0"
358836,RX,0x181,6,0x40,0x40,0x10,0x43,0x80,0x00,0x0B,,"Status word = 0x4310"
358843,RX,0x181,4,0x30,0x30,0x00,0x00,0x01,,,,"Speed feedback = 0 rpm"
358850,TX,0x201,3,0x90,0x90,0x00,0x00,,,,,"Set torque = 0"
358876,TX,0x201,3,0x90,0x90,0x00,0x00,,,,,"Set torque = 0"
358902,TX,0x201,3,0x90,0x90,0x00,0x00,,,,,"Set torque = 0"
358928,TX,0x201,3,0x90,0x90,0x00,0x00,,,,,"Set torque = 0"
358936,RX,0x181,6,0x40,0x40,0x10,0x43,0x80,0x00,0x0B,,"Status word = 0x4310"
358943,RX,0x181,4,0x30,0x30,0x00,0x00,0x01,,,,"Speed feedback = 0 rpm"
358954,TX,0x201,3,0x90,0x90,0x00,0x00,,,,,"Set torque = 0"
358980,TX,0x201,3,0x90,0x90,0x00,0x00,,,,,"Set torque = 0"
359006,TX,0x201,3,0x90,0x90,0x00,0x00,,,,,"Set torque = 0"
359032,TX,0x201,3,0x90,0x90,0x00,0x00,,,,,"Set torque = 0"
359038,RX,0x181,6,0x40,0x40,0x10,0x43,0x80,0x00,0x0B,,"Status word = 0x4310"
359045,RX,0x181,4,0x30,0x30,0x00,0x00,0x01,,,,"Speed feedback = 0 rpm"
359058,TX,0x201,3,0x90,0x90,0x00,0x00,,,,,"Set torque = 0"
359084,TX,0x201,3,0x90,0x90,0x00,0x00,,,,,"Set torque = 0"
359111,TX,0x201,3,0x90,0x90,0x00,0x00,,,,,"Set torque = 0"
359135,RX,0x181,6,0x40,0x40,0x10,0x43,0x80,0x00,0x0B,,"Status word = 0x4310"
359142,TX,0x201,3,0x90,0x90,0x00,0x00,,,,,"Set torque = 0"
359149,RX,0x181,4,0x30,0x30,0x00,0x00,0x01,,,,"Speed feedback = 0 rpm"
359169,TX,0x201,3,0x90,0x90,0x00,0x00,,,,,"Set torque = 0"
359195,TX,0x201,3,0x90,0x90,0x00,0x00,,,,,"Set torque = 0"
359221,TX,0x201,3,0x90,0x90,0x00,0x00,,,,,"Set torque = 0"
359235,RX,0x181,6,0x40,0x40,0x10,0x43,0x80,0x00,0x0B,,"Status word = 0x4310"
359242,RX,0x181,4,0x30,0x30,0x00,0x00,0x01,,,,"Speed feedback = 0 rpm"
359249,TX,0x201,3,0x90,0x90,0x00,0x00,,,,,"Set torque = 0"
359276,TX,0x201,3,0x90,0x90,0x00,0x00,,,,,"Set torque = 0"
359302,TX,0x201,3,0x90,0x90,0x00,0x00,,,,,"Set torque = 0"
359328,TX,0x201,3,0x90,0x90,0x00,0x00,,,,,"Set torque = 0"
359335,RX,0x181,6,0x40,0x40,0x10,0x43,0x80,0x00,0x0B,,"Status word = 0x4310"
359342,RX,0x181,4,0x30,0x30,0x00,0x00,0x01,,,,"Speed feedback = 0 rpm"
359354,TX,0x201,3,0x90,0x90,0x00,0x00,,,,,"Set torque = 0"
359380,TX,0x201,3,0x90,0x90,0x00,0x00,,,,,"Set torque = 0"
359406,TX,0x201,3,0x90,0x90,0x00,0x00,,,,,"Set torque = 0"
359433,TX,0x201,3,0x90,0x90,0x00,0x00,,,,,"Set torque = 0"
359439,RX,0x181,6,0x40,0x40,0x10,0x43,0x80,0x00,0x0B,,"Status word = 0x4310"
359446,RX,0x181,4,0x30,0x30,0x00,0x00,0x01,,,,"Speed feedback = 0 rpm"
359459,TX,0x201,3,0x90,0x90,0x00,0x00,,,,,"Set torque = 0"
359485,TX,0x201,3,0x90,0x90,0x00,0x00,,,,,"Set torque = 0"
359511,TX,0x201,3,0x90,0x90,0x00,0x00,,,,,"Set torque = 0"
359535,RX,0x181,6,0x40,0x40,0x10,0x43,0x80,0x00,0x0B,,"Status word = 0x4310"
359541,TX,0x201,3,0x90,0x90,0x00,0x00,,,,,"Set torque = 0"
359548,RX,0x181,4,0x30,0x30,0x00,0x00,0x01,,,,"Speed feedback = 0 rpm"
359568,TX,0x201,3,0x90,0x90,0x00,0x00,,,,,"Set torque = 0"
359594,TX,0x201,3,0x90,0x90,0x00,0x00,,,,,"Set torque = 0"
359620,TX,0x201,3,0x90,0x90,0x00,0x00,,,,,"Set torque = 0"
359634,RX,0x181,6,0x40,0x40,0x10,0x43,0x80,0x00,0x0B,,"Status word = 0x4310"
359643,RX,0x181,4,0x30,0x30,0x00,0x00,0x01,,,,"Speed feedback = 0 rpm"
359649,TX,0x201,3,0x90,0x90,0x00,0x00,,,,,"Set torque = 0"
359676,TX,0x201,3,0x90,0x90,0x00,0x00,,,,,"Set torque = 0"
359702,TX,0x201,3,0x90,0x90,0x00,0x00,,,,,"Set torque = 0"
359729,TX,0x201,3,0x90,0x90,0x00,0x00,,,,,"Set torque = 0"
359735,RX,0x181,6,0x40,0x40,0x10,0x43,0x80,0x00,0x0B,,"Status word = 0x4310"
359742,RX,0x181,4,0x30,0x30,0x00,0x00,0x01,,,,"Speed feedback = 0 rpm"
359755,TX,0x201,3,0x90,0x90,0x00,0x00,,,,,"Set torque = 0"
359781,TX,0x201,3,0x90,0x90,0x00,0x00,,,,,"Set torque = 0"
359807,TX,0x201,3,0x90,0x90,0x00,0x00,,,,,"Set torque = 0"
359833,TX,0x201,3,0x90,0x90,0x00,0x00,,,,,"Set torque = 0"
359839,RX,0x181,6,0x40,0x40,0x10,0x43,0x80,0x00,0x0B,,"Status word = 0x4310"
359846,RX,0x181,4,0x30,0x30,0x00,0x00,0x01,,,,"Speed feedback = 0 rpm"
359859,TX,0x201,3,0x90,0x90,0x00,0x00,,,,,"Set torque = 0"
359885,TX,0x201,3,0x90,0x90,0x00,0x00,,,,,"Set torque = 0"
359911,TX,0x201,3,0x90,0x90,0x00,0x00,,,,,"Set torque = 0"
359934,RX,0x181,6,0x40,0x40,0x10,0x43,0x80,0x00,0x0B,,"Status word = 0x4310"
359941,TX,0x201,3,0x90,0x90,0x00,0x00,,,,,"Set torque = 0"
359948,RX,0x181,4,0x30,0x30,0x00,0x00,0x01,,,,"Speed feedback = 0 rpm"
359968,TX,0x201,3,0x90,0x90,0x00,0x00,,,,,"Set torque = 0"
359994,TX,0x201,3,0x90,0x90,0x00,0x00,,,,,"Set torque = 0"
360020,TX,0x201,3,0x90,0x90,0x00,0x00,,,,,"Set torque = 0"
360034,RX,0x181,6,0x40,0x40,0x10,0x43,0x80,0x00,0x0B,,"Status word = 0x4310"
360041,RX,0x181,4,0x30,0x30,0x00,0x00,0x01,,,,"Speed feedback = 0 rpm"
360048,TX,0x201,3,0x90,0x90,0x00,0x00,,,,,"Set torque = 0"
360074,TX,0x201,3,0x90,0x90,0x00,0x00,,,,,"Set torque = 0"
360100,TX,0x201,3,0x90,0x90,0x00,0x00,,,,,"Set torque = 0"
360126,TX,0x201,3,0x90,0x90,0x00,0x00,,,,,"Set torque = 0"
360134,RX,0x181,6,0x40,0x40,0x10,0x43,0x80,0x00,0x0B,,"Status word = 0x4310"
360141,RX,0x181,4,0x30,0x30,0x00,0x00,0x01,,,,"Speed feedback = 0 rpm"
360154,TX,0x201,3,0x90,0x90,0x00,0x00,,,,,"Set torque = 0"
360181,TX,0x201,3,0x90,0x90,0x00,0x00,,,,,"Set torque = 0"
360207,TX,0x201,3,0x90,0x90,0x00,0x00,,,,,"Set torque = 0"
360233,TX,0x201,3,0x90,0x90,0x00,0x00,,,,,"Set torque = 0"
360239,RX,0x181,6,0x40,0x40,0x10,0x43,0x80,0x00,0x0B,,"Status word = 0x4310"
360246,RX,0x181,4,0x30,0x30,0x00,0x00,0x01,,,,"Speed feedback = 0 rpm"
360259,TX,0x201,3,0x90,0x90,0x00,0x00,,,,,"Set torque = 0"
360285,TX,0x201,3,0x90,0x90,0x00,0x00,,,,,"Set torque = 0"
360311,TX,0x201,3,0x90,0x90,0x00,0x00,,,,,"Set torque = 0"
360333,RX,0x181,6,0x40,0x40,0x10,0x43,0x80,0x00,0x0B,,"Status word = 0x4310"
360340,RX,0x181,4,0x30,0x30,0x00,0x00,0x01,,,,"Speed feedback = 0 rpm"
360347,TX,0x201,3,0x90,0x90,0x00,0x00,,,,,"Set torque = 0"
360374,TX,0x201,3,0x90,0x90,0x00,0x00,,,,,"Set torque = 0"
360400,TX,0x201,3,0x90,0x90,0x00,0x00,,,,,"Set torque = 0"
360426,TX,0x201,3,0x90,0x90,0x00,0x00,,,,,"Set torque = 0"
360433,RX,0x181,6,0x40,0x40,0x10,0x43,0x80,0x00,0x0B,,"Status word = 0x4310"
360440,RX,0x181,4,0x30,0x30,0x00,0x00,0x01,,,,"Speed feedback = 0 rpm"
360452,TX,0x201,3,0x90,0x90,0x00,0x00,,,,,"Set torque = 0"
360478,TX,0x201,3,0x90,0x90,0x00,0x00,,,,,"Set torque = 0"
360505,TX,0x201,3,0x90,0x90,0x00,0x00,,,,,"Set torque = 0"
360531,TX,0x201,3,0x90,0x90,0x00,0x00,,,,,"Set torque = 0"
360537,RX,0x181,6,0x40,0x40,0x10,0x43,0x80,0x00,0x0B,,"Status word = 0x4310"
360544,RX,0x181,4,0x30,0x30,0x00,0x00,0x01,,,,"Speed feedback = 0 rpm"
360557,TX,0x201,3,0x90,0x90,0x00,0x00,,,,,"Set torque = 0"
360583,TX,0x201,3,0x90,0x90,0x00,0x00,,,,,"Set torque = 0"
360609,TX,0x201,3,0x90,0x90,0x00,0x00,,,,,"Set torque = 0"
360633,RX,0x181,6,0x40,0x40,0x10,0x43,0x80,0x00,0x0B,,"Status word = 0x4310"
360640,TX,0x201,3,0x90,0x90,0x00,0x00,,,,,"Set torque = 0"
360647,RX,0x181,4,0x30,0x30,0x00,0x00,0x01,,,,"Speed feedback = 0 rpm"
360667,TX,0x201,3,0x90,0x90,0x00,0x00,,,,,"Set torque = 0"
360693,TX,0x201,3,0x90,0x90,0x00,0x00,,,,,"Set torque = 0"
360719,TX,0x201,3,0x90,0x90,0x00,0x00,,,,,"Set torque = 0"
360733,RX,0x181,6,0x40,0x40,0x10,0x43,0x80,0x00,0x0B,,"Status word = 0x4310"
360743,RX,0x181,4,0x30,0x30,0x00,0x00,0x01,,,,"Speed feedback = 0 rpm"
360749,TX,0x201,3,0x90,0x90,0x00,0x00,,,,,"Set torque = 0"
360776,TX,0x201,3,0x90,0x90,0x00,0x00,,,,,"Set torque = 0"
360803,TX,0x201,3,0x90,0x90,0x00,0x00,,,,,"Set torque = 0"
360829,TX,0x201,3,0x90,0x90,0x00,0x00,,,,,"Set torque = 0"
360835,RX,0x181,6,0x40,0x40,0x10,0x43,0x80,0x00,0x0B,,"Status word = 0x4310"
360842,RX,0x181,4,0x30,0x30,0x00,0x00,0x01,,,,"Speed feedback = 0 rpm"
360855,TX,0x201,3,0x90,0x90,0x00,0x00,,,,,"Set torque = 0"
360881,TX,0x201,3,0x90,0x90,0x00,0x00,,,,,"Set torque = 0"
360907,TX,0x201,3,0x90,0x90,0x00,0x00,,,,,"Set torque = 0"
360932,RX,0x181,6,0x40,0x40,0x10,0x43,0x80,0x00,0x0B,,"Status word = 0x4310"
360939,TX,0x201,3,0x90,0x90,0x00,0x00,,,,,"Set torque = 0"
360946,RX,0x181,4,0x30,0x30,0x00,0x00,0x01,,,,"Speed feedback = 0 rpm"
360966,TX,0x201,3,0x90,0x90,0x00,0x00,,,,,"Set torque = 0"
360992,TX,0x201,3,0x90,0x90,0x00,0x00,,,,,"Set torque = 0"
361018,TX,0x201,3,0x90,0x90,0x00,0x00,,,,,"Set torque = 0"
361032,RX,0x181,6,0x40,0x40,0x10,0x43,0x80,0x00,0x0B,,"Status word = 0x4310"
361039,RX,0x181,4,0x30,0x30,0x00,0x00,0x01,,,,"Speed feedback = 0 rpm"
361046,TX,0x201,3,0x90,0x90,0x00,0x00,,,,,"Set torque = 0"
361073,TX,0x201,3,0x90,0x90,0x00,0x00,,,,,"Set torque = 0"
361099,TX,0x201,3,0x90,0x90,0x00,0x00,,,,,"Set torque = 0"
361126,TX,0x201,3,0x90,0x90,0x00,0x00,,,,,"Set torque = 0"
361132,RX,0x181,6,0x40,0x40,0x10,0x43,0x80,0x00,0x0B,,"Status word = 0x4310"
361139,RX,0x181,4,0x30,0x30,0x00,0x00,0x01,,,,"Speed feedback = 0 rpm"
361152,TX,0x201,3,0x90,0x90,0x00,0x00,,,,,"Set torque = 0"
361178,TX,0x201,3,0x90,0x90,0x00,0x00,,,,,"Set torque = 0"
361204,TX,0x201,3,0x90,0x90,0x00,0x00,,,,,"Set torque = 0"
361230,TX,0x201,3,0x90,0x90,0x00,0x00,,,,,"Set torque = 0"
361236,RX,0x181,6,0x40,0x40,0x10,0x43,0x80,0x00,0x0B,,"Status word = 0x4310"
361243,RX,0x181,4,0x30,0x30,0x00,0x00,0x01,,,,"Speed feedback = 0 rpm"
361256,TX,0x201,3,0x90,0x90,0x00,0x00,,,,,"Set torque = 0"
361282,TX,0x201,3,0x90,0x90,0x00,0x00,,,,,"Set torque = 0"
361308,TX,0x201,3,0x90,0x90,0x00,0x00,,,,,"Set torque = 0"
361332,RX,0x181,6,0x40,0x40,0x10,0x43,0x80,0x00,0x0B,,"Status word = 0x4310"
361339,TX,0x201,3,0x90,0x90,0x00,0x00,,,,,"Set torque = 0"
361345,RX,0x181,4,0x30,0x30,0x00,0x00,0x01,,,,"Speed feedback = 0 rpm"
361365,TX,0x201,3,0x90,0x90,0x00,0x00,,,,,"Set torque = 0"
361391,TX,0x201,3,0x90,0x90,0x00,0x00,,,,,"Set torque = 0"
361417,TX,0x201,3,0x90,0x90,0x00,0x00,,,,,"Set torque = 0"
361432,RX,0x181,6,0x40,0x40,0x10,0x43,0x80,0x00,0x0B,,"Status word = 0x4310"
361439,RX,0x181,4,0x30,0x30,0x00,0x00,0x01,,,,"Speed feedback = 0 rpm"
361445,TX,0x201,3,0x90,0x90,0x00,0x00,,,,,"Set torque = 0"
361472,TX,0x201,3,0x90,0x90,0x00,0x00,,,,,"Set torque = 0"
361498,TX,0x201,3,0x90,0x90,0x00,0x00,,,,,"Set torque = 0"
361524,TX,0x201,3,0x90,0x90,0x00,0x00,,,,,"Set torque = 0"
361531,RX,0x181,6,0x40,0x40,0x10,0x43,0x80,0x00,0x0B,,"Status word = 0x4310"
361538,RX,0x181,4,0x30,0x30,0x00,0x00,0x01,,,,"Speed feedback = 0 rpm"
361550,TX,0x201,3,0x90,0x90,0x00,0x00,,,,,"Set torque = 0"
361577,TX,0x201,3,0x90,0x90,0x00,0x00,,,,,"Set torque = 0"
361603,TX,0x201,3,0x90,0x90,0x00,0x00,,,,,"Set torque = 0"
361629,TX,0x201,3,0x90,0x90,0x00,0x00,,,,,"Set torque = 0"
361635,RX,0x181,6,0x40,0x40,0x10,0x43,0x80,0x00,0x0B,,"Status word = 0x4310"
361642,RX,0x181,4,0x30,0x30,0x00,0x00,0x01,,,,"Speed feedback = 0 rpm"
361655,TX,0x201,3,0x90,0x90,0x00,0x00,,,,,"Set torque = 0"
361681,TX,0x201,3,0x90,0x90,0x00,0x00,,,,,"Set torque = 0"
361707,TX,0x201,3,0x90,0x90,0x00,0x00,,,,,"Set torque = 0"
361731,RX,0x181,6,0x40,0x40,0x10,0x43,0x80,0x00,0x0B,,"Status word = 0x4310"
361738,RX,0x181,4,0x30,0x30,0x00,0x00,0x01,,,,"Speed feedback = 0 rpm"
361745,TX,0x201,3,0x90,0x90,0x00,0x00,,,,,"Set torque = 0"
361772,TX,0x201,3,0x90,0x90,0x00,0x00,,,,,"Set torque = 0"
361798,TX,0x201,3,0x90,0x90,0x00,0x00,,,,,"Set torque = 0"
361824,TX,0x201,3,0x90,0x90,0x00,0x00,,,,,"Set torque = 0"
361831,RX,0x181,6,0x40,0x40,0x10,0x43,0x80,0x00,0x0B,,"Status word = 0x4310"
361838,RX,0x181,4,0x30,0x30,0x00,0x00,0x01,,,,"Speed feedback = 0 rpm"
361850,TX,0x201,3,0x90,0x90,0x00,0x00,,,,,"Set torque = 0"
361876,TX,0x201,3,0x90,0x90,0x00,0x00,,,,,"Set torque = 0"
361903,TX,0x201,3,0x90,0x90,0x00,0x00,,,,,"Set torque = 0"
361929,TX,0x201,3,0x90,0x90,0x00,0x00,,,,,"Set torque = 0"
361935,RX,0x181,6,0x40,0x40,0x10,0x43,0x80,0x00,0x0B,,"Status word = 0x4310"
361942,RX,0x181,4,0x30,0x30,0x00,0x00,0x01,,,,"Speed feedback = 0 rpm"
361955,TX,0x201,3,0x90,0x90,0x00,0x00,,,,,"Set torque = 0"
361981,TX,0x201,3,0x90,0x90,0x00,0x00,,,,,"Set torque = 0"
362007,TX,0x201,3,0x90,0x90,0x00,0x00,,,,,"Set torque = 0"
362031,RX,0x181,6,0x40,0x40,0x10,0x43,0x80,0x00,0x0B,,"Status word = 0x4310"
362037,TX,0x201,3,0x90,0x90,0x00,0x00,,,,,"Set torque = 0"
362045,RX,0x181,4,0x30,0x30,0x00,0x00,0x01,,,,"Speed feedback = 0 rpm"
362065,TX,0x201,3,0x90,0x90,0x00,0x00,,,,,"Set torque = 0"
362091,TX,0x201,3,0x90,0x90,0x00,0x00,,,,,"Set torque = 0"
362117,TX,0x201,3,0x90,0x90,0x00,0x00,,,,,"Set torque = 0"
362131,RX,0x181,6,0x40,0x40,0x10,0x43,0x80,0x00,0x0B,,"Status word = 0x4310"
362137,RX,0x181,4,0x30,0x30,0x00,0x00,0x01,,,,"Speed feedback = 0 rpm"
362144,TX,0x201,3,0x90,0x90,0x00,0x00,,,,,"Set torque = 0"
362171,TX,0x201,3,0x90,0x90,0x00,0x00,,,,,"Set torque = 0"
362197,TX,0x201,3,0x90,0x90,0x00,0x00,,,,,"Set torque = 0"
362224,TX,0x201,3,0x90,0x90,0x00,0x00,,,,,"Set torque = 0"
362230,RX,0x181,6,0x40,0x40,0x10,0x43,0x80,0x00,0x0B,,"Status word = 0x4310"
362237,RX,0x181,4,0x30,0x30,0x00,0x00,0x01,,,,"Speed feedback = 0 rpm"
362250,TX,0x201,3,0x90,0x90,0x00,0x00,,,,,"Set torque = 0"
362276,TX,0x201,3,0x90,0x90,0x00,0x00,,,,,"Set torque = 0"
362302,TX,0x201,3,0x90,0x90,0x00,0x00,,,,,"Set torque = 0"
362328,TX,0x201,3,0x90,0x90,0x00,0x00,,,,,"Set torque = 0"
362334,RX,0x181,6,0x40,0x40,0x10,0x43,0x80,0x00,0x0B,,"Status word = 0x4310"
362341,RX,0x181,4,0x30,0x30,0x00,0x00,0x01,,,,"Speed feedback = 0 rpm"
362354,TX,0x201,3,0x90,0x90,0x00,0x00,,,,,"Set torque = 0"
362380,TX,0x201,3,0x90,0x90,0x00,0x00,,,,,"Set torque = 0"
362406,TX,0x201,3,0x90,0x90,0x00,0x00,,,,,"Set torque = 0"
362430,RX,0x181,6,0x40,0x40,0x10,0x43,0x80,0x00,0x0B,,"Status word = 0x4310"
362437,TX,0x201,3,0x90,0x90,0x00,0x00,,,,,"Set torque = 0"
362444,RX,0x181,4,0x30,0x30,0x00,0x00,0x01,,,,"Speed feedback = 0 rpm"
362464,TX,0x201,3,0x90,0x90,0x00,0x00,,,,,"Set torque = 0"
362490,TX,0x201,3,0x90,0x90,0x00,0x00,,,,,"Set torque = 0"
362516,TX,0x201,3,0x90,0x90,0x00,0x00,,,,,"Set torque = 0"
362530,RX,0x181,6,0x40,0x40,0x10,0x43,0x80,0x00,0x0B,,"Status word = 0x4310"
362537,RX,0x181,4,0x30,0x30,0x00,0x00,0x01,,,,"Speed feedback = 0 rpm"
362544,TX,0x201,3,0x90,0x90,0x00,0x00,,,,,"Set torque = 0"
362570,TX,0x201,3,0x90,0x90,0x00,0x00,,,,,"Set torque = 0"
362596,TX,0x201,3,0x90,0x90,0x00,0x00,,,,,"Set torque = 0"
362622,TX,0x201,3,0x90,0x90,0x00,0x00,,,,,"Set torque = 0"
362630,RX,0x181,6,0x40,0x40,0x10,0x43,0x80,0x00,0x0B,,"Status word = 0x4310"
362637,RX,0x181,4,0x30,0x30,0x00,0x00,0x01,,,,"Speed feedback = 0 rpm"
362648,TX,0x201,3,0x90,0x90,0x00,0x00,,,,,"Set torque = 0"
362675,TX,0x201,3,0x90,0x90,0x00,0x00,,,,,"Set torque = 0"
362701,TX,0x201,3,0x90,0x90,0x00,0x00,,,,,"Set torque = 0"
362727,TX,0x201,3,0x90,0x90,0x00,0x00,,,,,"Set torque = 0"
362733,RX,0x181,6,0x40,0x40,0x10,0x43,0x80,0x00,0x0B,,"Status word = 0x4310"
362740,RX,0x181,4,0x30,0x30,0x00,0x00,0x01,,,,"Speed feedback = 0 rpm"
362753,TX,0x201,3,0x90,0x90,0x00,0x00,,,,,"Set torque = 0"
362779,TX,0x201,3,0x90,0x90,0x00,0x00,,,,,"Set torque = 0"
362805,TX,0x201,3,0x90,0x90,0x00,0x00,,,,,"Set torque = 0"
362829,RX,0x181,6,0x40,0x40,0x10,0x43,0x80,0x00,0x0B,,"Status word = 0x4310"
362837,RX,0x181,4,0x30,0x30,0x00,0x00,0x01,,,,"Speed feedback = 0 rpm"
362843,TX,0x201,3,0x90,0x90,0x00,0x00,,,,,"Set torque = 0"
362870,TX,0x201,3,0x90,0x90,0x00,0x00,,,,,"Set torque = 0"
362896,TX,0x201,3,0x90,0x90,0x00,0x00,,,,,"Set torque = 0"
362922,TX,0x201,3,0x90,0x90,0x00,0x00,,,,,"Set torque = 0"
362929,RX,0x181,6,0x40,0x40,0x10,0x43,0x80,0x00,0x0B,,"Status word = 0x4310"
362936,RX,0x181,4,0x30,0x30,0x00,0x00,0x01,,,,"Speed feedback = 0 rpm"
362948,TX,0x201,3,0x90,0x90,0x00,0x00,,,,,"Set torque = 0"
362974,TX,0x201,3,0x90,0x90,0x00,0x00,,,,,"Set torque = 0"
363001,TX,0x201,3,0x90,0x90,0x00,0x00,,,,,"Set torque = 0"
363027,TX,0x201,3,0x90,0x90,0x00,0x00,,,,,"Set torque = 0"
363033,RX,0x181,6,0x40,0x40,0x10,0x43,0x80,0x00,0x0B,,"Status word = 0x4310"
363040,RX,0x181,4,0x30,0x30,0x00,0x00,0x01,,,,"Speed feedback = 0 rpm"
363053,TX,0x201,3,0x90,0x90,0x00,0x00,,,,,"Set torque = 0"
363079,TX,0x201,3,0x90,0x90,0x00,0x00,,,,,"Set torque = 0"
363105,TX,0x201,3,0x90,0x90,0x00,0x00,,,,,"Set torque = 0"
363129,RX,0x181,6,0x40,0x40,0x10,0x43,0x80,0x00,0x0B,,"Status word = 0x4310"
363136,TX,0x201,3,0x90,0x90,0x00,0x00,,,,,"Set torque = 0"
363143,RX,0x181,4,0x30,0x30,0x00,0x00,0x01,,,,"Speed feedback = 0 rpm"
363163,TX,0x201,3,0x90,0x90,0x00,0x00,,,,,"Set torque = 0"
363189,TX,0x201,3,0x90,0x90,0x00,0x00,,,,,"Set torque = 0"
363215,TX,0x201,3,0x90,0x90,0x00,0x00,,,,,"Set torque = 0"
363229,RX,0x181,6,0x40,0x40,0x10,0x43,0x80,0x00,0x0B,,"Status word = 0x4310"
363236,RX,0x181,4,0x30,0x30,0x00,0x00,0x01,,,,"Speed feedback = 0 rpm"
363243,TX,0x201,3,0x90,0x90,0x00,0x00,,,,,"Set torque = 0"
363269,TX,0x201,3,0x90,0x90,0x00,0x00,,,,,"Set torque = 0"
363295,TX,0x201,3,0x90,0x90,0x00,0x00,,,,,"Set torque = 0"
363322,TX,0x201,3,0x90,0x90,0x00,0x00,,,,,"Set torque = 0"
363329,RX,0x181,6,0x40,0x40,0x10,0x43,0x80,0x00,0x0B,,"Status word = 0x4310"
363336,RX,0x181,4,0x30,0x30,0x00,0x00,0x01,,,,"Speed feedback = 0 rpm"
363348,TX,0x201,3,0x90,0x90,0x00,0x00,,,,,"Set torque = 0"
363374,TX,0x201,3,0x90,0x90,0x00,0x00,,,,,"Set torque = 0"
363400,TX,0x201,3,0x90,0x90,0x00,0x00,,,,,"Set torque = 0"
363426,TX,0x201,3,0x90,0x90,0x00,0x00,,,,,"Set torque = 0"
363432,RX,0x181,6,0x40,0x40,0x10,0x43,0x80,0x00,0x0B,,"Status word = 0x4310"
363439,RX,0x181,4,0x30,0x30,0x00,0x00,0x01,,,,"Speed feedback = 0 rpm"
363452,TX,0x201,3,0x90,0x90,0x00,0x00,,,,,"Set torque = 0"
363478,TX,0x201,3,0x90,0x90,0x00,0x00,,,,,"Set torque = 0"
363504,TX,0x201,3,0x90,0x90,0x00,0x00,,,,,"Set torque = 0"
363528,RX,0x181,6,0x40,0x40,0x10,0x43,0x80,0x00,0x0B,,"Status word = 0x4310"
363535,TX,0x201,3,0x90,0x90,0x00,0x00,,,,,"Set torque = 0"
363542,RX,0x181,4,0x30,0x30,0x00,0x00,0x01,,,,"Speed feedback = 0 rpm"
363562,TX,0x201,3,0x90,0x90,0x00,0x00,,,,,"Set torque = 0"
363588,TX,0x201,3,0x90,0x90,0x00,0x00,,,,,"Set torque = 0"
363614,TX,0x201,3,0x90,0x90,0x00,0x00,,,,,"Set torque = 0"
363628,RX,0x181,6,0x40,0x40,0x10,0x43,0x80,0x00,0x0B,,"Status word = 0x4310"
363635,RX,0x181,4,0x30,0x30,0x00,0x00,0x01,,,,"Speed feedback = 0 rpm"
363642,TX,0x201,3,0x90,0x90,0x00,0x00,,,,,"Set torque = 0"
363669,TX,0x201,3,0x90,0x90,0x00,0x00,,,,,"Set torque = 0"
363695,TX,0x201,3,0x90,0x90,0x00,0x00,,,,,"Set torque = 0"
363721,TX,0x201,3,0x90,0x90,0x00,0x00,,,,,"Set torque = 0"
363728,RX,0x181,6,0x40,0x40,0x10,0x43,0x80,0x00,0x0B,,"Status word = 0x4310"
363735,RX,0x181,4,0x30,0x30,0x00,0x00,0x01,,,,"Speed feedback = 0 rpm"
363747,TX,0x201,3,0x90,0x90,0x00,0x00,,,,,"Set torque = 0"
363774,TX,0x201,3,0x90,0x90,0x00,0x00,,,,,"Set torque = 0"
363800,TX,0x201,3,0x90,0x90,0x00,0x00,,,,,"Set torque = 0"
363826,TX,0x201,3,0x90,0x90,0x00,0x00,,,,,"Set torque = 0"
363832,RX,0x181,6,0x40,0x40,0x10,0x43,0x80,0x00,0x0B,,"Status word = 0x4310"
363839,RX,0x181,4,0x30,0x30,0x00,0x00,0x01,,,,"Speed feedback = 0 rpm"
363852,TX,0x201,3,0x90,0x90,0x00,0x00,,,,,"Set torque = 0"
363878,TX,0x201,3,0x90,0x90,0x00,0x00,,,,,"Set torque = 0"
363904,TX,0x201,3,0x90,0x90,0x00,0x00,,,,,"Set torque = 0"
363928,RX,0x181,6,0x40,0x40,0x10,0x43,0x80,0x00,0x0B,,"Status word = 0x4310"
363935,RX,0x181,4,0x30,0x30,0x00,0x00,0x01,,,,"Speed feedback = 0 rpm"
363941,TX,0x201,3,0x90,0x90,0x00,0x00,,,,,"Set torque = 0"
363968,TX,0x201,3,0x90,0x90,0x00,0x00,,,,,"Set torque = 0"
363994,TX,0x201,3,0x90,0x90,0x00,0x00,,,,,"Set torque = 0"
364020,TX,0x201,3,0x90,0x90,0x00,0x00,,,,,"Set torque = 0"
364028,RX,0x181,6,0x40,0x40,0x10,0x43,0x80,0x00,0x0B,,"Status word = 0x4310"
364036,RX,0x181,4,0x30,0x30,0x00,0x00,0x01,,,,"Speed feedback = 0 rpm"
364046,TX,0x201,3,0x90,0x90,0x00,0x00,,,,,"Set torque = 0"
364072,TX,0x201,3,0x90,0x90,0x00,0x00,,,,,"Set torque = 0"
364099,TX,0x201,3,0x90,0x90,0x00,0x00,,,,,"Set torque = 0"
364125,TX,0x201,3,0x90,0x90,0x00,0x00,,,,,"Set torque = 0"
364131,RX,0x181,6,0x40,0x40,0x10,0x43,0x80,0x00,0x0B,,"Status word = 0x4310"
364138,RX,0x181,4,0x30,0x30,0x00,0x00,0x01,,,,"Speed feedback = 0 rpm"
364151,TX,0x201,3,0x90,0x90,0x00,0x00,,,,,"Set torque = 0"
364177,TX,0x201,3,0x90,0x90,0x00,0x00,,,,,"Set torque = 0"
364203,TX,0x201,3,0x90,0x90,0x00,0x00,,,,,"Set torque = 0"
364227,RX,0x181,6,0x40,0x40,0x10,0x43,0x80,0x00,0x0B,,"Status word = 0x4310"
364234,TX,0x201,3,0x90,0x90,0x00,0x00,,,,,"Set torque = 0"
364241,RX,0x181,4,0x30,0x30,0x00,0x00,0x01,,,,"Speed feedback = 0 rpm"
364261,TX,0x201,3,0x90,0x90,0x00,0x00,,,,,"Set torque = 0"
364287,TX,0x201,3,0x90,0x90,0x00,0x00,,,,,"Set torque = 0"
364313,TX,0x201,3,0x90,0x90,0x00,0x00,,,,,"Set torque = 0"
364327,RX,0x181,6,0x40,0x40,0x10,0x43,0x80,0x00,0x0B,,"Status word = 0x4310"
364334,RX,0x181,4,0x30,0x30,0x00,0x00,0x01,,,,"Speed feedback = 0 rpm"
364341,TX,0x201,3,0x90,0x90,0x00,0x00,,,,,"Set torque = 0"
364368,TX,0x201,3,0x90,0x90,0x00,0x00,,,,,"Set torque = 0"
364394,TX,0x201,3,0x90,0x90,0x00,0x00,,,,,"Set torque = 0"
364421,TX,0x201,3,0x90,0x90,0x00,0x00,,,,,"Set torque = 0"
364427,RX,0x181,6,0x40,0x40,0x10,0x43,0x80,0x00,0x0B,,"Status word = 0x4310"
364434,RX,0x181,4,0x30,0x30,0x00,0x00,0x01,,,,"Speed feedback = 0 rpm"
364447,TX,0x201,3,0x90,0x90,0x00,0x00,,,,,"Set torque = 0"
364473,TX,0x201,3,0x90,0x90,0x00,0x00,,,,,"Set torque = 0"
364499,TX,0x201,3,0x90,0x90,0x00,0x00,,,,,"Set torque = 0"
364525,TX,0x201,3,0x90,0x90,0x00,0x00,,,,,"Set torque = 0"
364531,RX,0x181,6,0x40,0x40,0x10,0x43,0x80,0x00,0x0B,,"Status word = 0x4310"
364538,RX,0x181,4,0x30,0x30,0x00,0x00,0x01,,,,"Speed feedback = 0 rpm"
364551,TX,0x201,3,0x90,0x90,0x00,0x00,,,,,"Set torque = 0"
364577,TX,0x201,3,0x90,0x90,0x00,0x00,,,,,"Set torque = 0"
364603,TX,0x201,3,0x90,0x90,0x00,0x00,,,,,"Set torque = 0"
364627,RX,0x181,6,0x40,0x40,0x10,0x43,0x80,0x00,0x0B,,"Status word = 0x4310"
364633,TX,0x201,3,0x90,0x90,0x00,0x00,,,,,"Set torque = 0"
364640,RX,0x181,4,0x30,0x30,0x00,0x00,0x01,,,,"Speed feedback = 0 rpm"
364660,TX,0x201,3,0x90,0x90,0x00,0x00,,,,,"Set torque = 0"
364686,TX,0x201,3,0x90,0x90,0x00,0x00,,,,,"Set torque = 0"
364712,TX,0x201,3,0x90,0x90,0x00,0x00,,,,,"Set torque = 0"
364726,RX,0x181,6,0x40,0x40,0x10,0x43,0x80,0x00,0x0B,,"Status word = 0x4310"
364733,RX,0x181,4,0x30,0x30,0x00,0x00,0x01,,,,"Speed feedback = 0 rpm"
364740,TX,0x201,3,0x90,0x90,0x00,0x00,,,,,"Set torque = 0"
364767,TX,0x201,3,0x90,0x90,0x00,0x00,,,,,"Set torque = 0"
364793,TX,0x201,3,0x90,0x90,0x00,0x00,,,,,"Set torque = 0"
364819,TX,0x201,3,0x90,0x90,0x00,0x00,,,,,"Set torque = 0"
364826,RX,0x181,6,0x40,0x40,0x10,0x43,0x80,0x00,0x0B,,"Status word = 0x4310"
364833,RX,0x181,4,0x30,0x30,0x00,0x00,0x01,,,,"Speed feedback = 0 rpm"
364845,TX,0x201,3,0x90,0x90,0x00,0x00,,,,,"Set torque = 0"
364872,TX,0x201,3,0x90,0x90,0x00,0x00,,,,,"Set torque = 0"
364898,TX,0x201,3,0x90,0x90,0x00,0x00,,,,,"Set torque = 0"
364924,TX,0x201,3,0x90,0x90,0x00,0x00,,,,,"Set torque = 0"
364930,RX,0x181,6,0x40,0x40,0x10,0x43,0x80,0x00,0x0B,,"Status word = 0x4310"
364937,RX,0x181,4,0x30,0x30,0x00,0x00,0x01,,,,"Speed feedback = 0 rpm"
364950,TX,0x201,3,0x90,0x90,0x00,0x00,,,,,"Set torque = 0"
364976,TX,0x201,3,0x90,0x90,0x00,0x00,,,,,"Set torque = 0"
365002,TX,0x201,3,0x90,0x90,0x00,0x00,,,,,"Set torque = 0"
365026,RX,0x181,6,0x40,0x40,0x10,0x43,0x80,0x00,0x0B,,"Status word = 0x4310"
365033,RX,0x181,4,0x30,0x30,0x00,0x00,0x01,,,,"Speed feedback = 0 rpm"
365040,TX,0x201,3,0x90,0x90,0x00,0x00,,,,,"Set torque = 0"
365067,TX,0x201,3,0x90,0x90,0x00,0x00,,,,,"Set torque = 0"
365093,TX,0x201,3,0x90,0x90,0x00,0x00,,,,,"Set torque = 0"
365119,TX,0x201,3,0x90,0x90,0x00,0x00,,,,,"Set torque = 0"
365128,RX,0x181,6,0x40,0x40,0x10,0x43,0x80,0x00,0x0B,,"Status word = 0x4310"
365135,RX,0x181,4,0x30,0x30,0x00,0x00,0x01,,,,"Speed feedback = 0 rpm"
365148,TX,0x201,3,0x90,0x90,0x00,0x00,,,,,"Set torque = 0"
365175,TX,0x201,3,0x90,0x90,0x00,0x00,,,,,"Set torque = 0"
365201,TX,0x201,3,0x90,0x90,0x00,0x00,,,,,"Set torque = 0"
365226,RX,0x181,6,0x40,0x40,0x10,0x43,0x80,0x00,0x0B,,"Status word = 0x4310"
365232,TX,0x201,3,0x90,0x90,0x00,0x00,,,,,"Set torque = 0"
365239,RX,0x181,4,0x30,0x30,0x00,0x00,0x01,,,,"Speed feedback = 0 rpm"
365259,TX,0x201,3,0x90,0x90,0x00,0x00,,,,,"Set torque = 0"
365285,TX,0x201,3,0x90,0x90,0x00,0x00,,,,,"Set torque = 0"
365311,TX,0x201,3,0x90,0x90,0x00,0x00,,,,,"Set torque = 0"
365325,RX,0x181,6,0x40,0x40,0x10,0x43,0x80,0x00,0x0B,,"Status word = 0x4310"
365333,RX,0x181,4,0x30,0x30,0x00,0x00,0x01,,,,"Speed feedback = 0 rpm"
365340,TX,0x201,3,0x90,0x90,0x00,0x00,,,,,"Set torque = 0"
365367,TX,0x201,3,0x90,0x90,0x00,0x00,,,,,"Set torque = 0"
365393,TX,0x201,3,0x90,0x90,0x00,0x00,,,,,"Set torque = 0"
365419,TX,0x201,3,0x90,0x90,0x00,0x00,,,,,"Set torque = 0"
365425,RX,0x181,6,0x40,0x40,0x10,0x43,0x80,0x00,0x0B,,"Status word = 0x4310"
365432,RX,0x181,4,0x30,0x30,0x00,0x00,0x01,,,,"Speed feedback = 0 rpm"
365445,TX,0x201,3,0x90,0x90,0x00,0x00,,,,,"Set torque = 0"
365471,TX,0x201,3,0x90,0x90,0x00,0x00,,,,,"Set torque = 0"
365498,TX,0x201,3,0x90,0x90,0x00,0x00,,,,,"Set torque = 0"
365524,TX,0x201,3,0x90,0x90,0x00,0x00,,,,,"Set torque = 0"
365530,RX,0x181,6,0x40,0x40,0x10,0x43,0x80,0x00,0x0B,,"Status word = 0x4310"
365537,RX,0x181,4,0x30,0x30,0x00,0x00,0x01,,,,"Speed feedback = 0 rpm"
365550,TX,0x201,3,0x90,0x90,0x00,0x00,,,,,"Set torque = 0"
365576,TX,0x201,3,0x90,0x90,0x00,0x00,,,,,"Set torque = 0"
365602,TX,0x201,3,0x90,0x90,0x00,0x00,,,,,"Set torque = 0"
365625,RX,0x181,6,0x40,0x40,0x10,0x43,0x80,0x00,0x0B,,"Status word = 0x4310"
365632,TX,0x201,3,0x90,0x90,0x00,0x00,,,,,"Set torque = 0"
365639,RX,0x181,4,0x30,0x30,0x00,0x00,0x01,,,,"Speed feedback = 0 rpm"
365659,TX,0x201,3,0x90,0x90,0x00,0x00,,,,,"Set torque = 0"
365685,TX,0x201,3,0x90,0x90,0x00,0x00,,,,,"Set torque = 0"
365711,TX,0x201,3,0x90,0x90,0x00,0x00,,,,,"Set torque = 0"
365725,RX,0x181,6,0x40,0x40,0x10,0x43,0x80,0x00,0x0B,,"Status word = 0x4310"
365732,RX,0x181,4,0x30,0x30,0x00,0x00,0x01,,,,"Speed feedback = 0 rpm"
365739,TX,0x201,3,0x90,0x90,0x00,0x00,,,,,"Set torque = 0"
365765,TX,0x201,3,0x90,0x90,0x00,0x00,,,,,"Set torque = 0"
365791,TX,0x201,3,0x90,0x90,0x00,0x00,,,,,"Set torque = 0"
365818,TX,0x201,3,0x90,0x90,0x00,0x00,,,,,"Set torque = 0"
365825,RX,0x181,6,0x40,0x40,0x10,0x43,0x80,0x00,0x0B,,"Status word = 0x4310"
365832,RX,0x181,4,0x30,0x30,0x00,0x00,0x01,,,,"Speed feedback = 0 rpm"
365842,TX,0x201,3,0x90,0x90,0x00,0x00,,,,,"Set torque = 0"
365868,TX,0x201,3,0x90,0x90,0x00,0x00,,,,,"Set torque = 0"
365894,TX,0x201,3,0x90,0x90,0x00,0x00,,,,,"Set torque = 0"
365920,TX,0x201,3,0x90,0x90,0x00,0x00,,,,,"Set torque = 0"
365926,RX,0x181,6,0x40,0x40,0x10,0x43,0x80,0x00,0x0B,,"Status word = 0x4310"
365933,RX,0x181,4,0x30,0x30,0x00,0x00,0x01,,,,"Speed feedback = 0 rpm"
365946,TX,0x201,3,0x90,0x90,0x00,0x00,,,,,"Set torque = 0"
365972,TX,0x201,3,0x90,0x90,0x00,0x00,,,,,"Set torque = 0"
365998,TX,0x201,3,0x90,0x90,0x00,0x00,,,,,"Set torque = 0"
366024,TX,0x201,3,0x90,0x90,0x00,0x00,,,,,"Set torque = 0"
366030,RX,0x181,6,0x40,0x40,0x10,0x43,0x80,0x00,0x0B,,"Status word = 0x4310"
366037,RX,0x181,4,0x30,0x30,0x00,0x00,0x01,,,,"Speed feedback = 0 rpm"
366050,TX,0x201,3,0x90,0x90,0x00,0x00,,,,,"Set torque = 0"
366076,TX,0x201,3,0x90,0x90,0x00,0x00,,,,,"Set torque = 0"
366102,TX,0x201,3,0x90,0x90,0x00,0x00,,,,,"Set torque = 0"
366124,RX,0x181,6,0x40,0x40,0x10,0x43,0x80,0x00,0x0B,,"Status word = 0x4310"
366131,TX,0x201,3,0x90,0x90,0x00,0x00,,,,,"Set torque = 0"
366138,RX,0x181,4,0x30,0x30,0x00,0x00,0x01,,,,"Speed feedback = 0 rpm"
366158,TX,0x201,3,0x90,0x90,0x00,0x00,,,,,"Set torque = 0"
366184,TX,0x201,3,0x90,0x90,0x00,0x00,,,,,"Set torque = 0"
366210,TX,0x201,3,0x90,0x90,0x00,0x00,,,,,"Set torque = 0"
366224,RX,0x181,6,0x40,0x40,0x10,0x43,0x80,0x00,0x0B,,"Status word = 0x4310"
366231,RX,0x181,4,0x30,0x30,0x00,0x00,0x01,,,,"Speed feedback = 0 rpm"
366238,TX,0x201,3,0x90,0x90,0x00,0x00,,,,,"Set torque = 0"
366265,TX,0x201,3,0x90,0x90,0x00,0x00,,,,,"Set torque = 0"
366291,TX,0x201,3,0x90,0x90,0x00,0x00,,,,,"Set torque = 0"
366317,TX,0x201,3,0x90,0x90,0x00,0x00,,,,,"Set torque = 0"
366324,RX,0x181,6,0x40,0x40,0x10,0x43,0x80,0x00,0x0B,,"Status word = 0x4310"
366331,RX,0x181,4,0x30,0x30,0x00,0x00,0x01,,,,"Speed feedback = 0 rpm"
366343,TX,0x201,3,0x90,0x90,0x00,0x00,,,,,"Set torque = 0"
366369,TX,0x201,3,0x90,0x90,0x00,0x00,,,,,"Set torque = 0"
366395,TX,0x201,3,0x90,0x90,0x00,0x00,,,,,"Set torque = 0"
366421,TX,0x201,3,0x90,0x90,0x00,0x00,,,,,"Set torque = 0"
366428,RX,0x181,6,0x40,0x40,0x10,0x43,0x80,0x00,0x0B,,"Status word = 0x4310"
366434,RX,0x181,4,0x30,0x30,0x00,0x00,0x01,,,,"Speed feedback = 0 rpm"
366448,TX,0x201,3,0x90,0x90,0x00,0x00,,,,,"Set torque = 0"
366474,TX,0x201,3,0x90,0x90,0x00,0x00,,,,,"Set torque = 0"
366500,TX,0x201,3,0x90,0x90,0x00,0x00,,,,,"Set torque = 0"
366524,RX,0x181,6,0x40,0x40,0x10,0x43,0x80,0x00,0x0B,,"Status word = 0x4310"
366530,TX,0x201,3,0x90,0x90,0x00,0x00,,,,,"Set torque = 0"
366537,RX,0x181,4,0x30,0x30,0x00,0x00,0x01,,,,"Speed feedback = 0 rpm"
366557,TX,0x201,3,0x90,0x90,0x00,0x00,,,,,"Set torque = 0"
366584,TX,0x201,3,0x90,0x90,0x00,0x00,,,,,"Set torque = 0"
366610,TX,0x201,3,0x90,0x90,0x00,0x00,,,,,"Set torque = 0"
366623,RX,0x181,6,0x40,0x40,0x10,0x43,0x80,0x00,0x0B,,"Status word = 0x4310"
366630,RX,0x181,4,0x30,0x30,0x00,0x00,0x01,,,,"Speed feedback = 0 rpm"
366637,TX,0x201,3,0x90,0x90,0x00,0x00,,,,,"Set torque = 0"
366664,TX,0x201,3,0x90,0x90,0x00,0x00,,,,,"Set torque = 0"
366690,TX,0x201,3,0x90,0x90,0x00,0x00,,,,,"Set torque = 0"
366716,TX,0x201,3,0x90,0x90,0x00,0x00,,,,,"Set torque = 0"
366723,RX,0x181,6,0x40,0x40,0x10,0x43,0x80,0x00,0x0B,,"Status word = 0x4310"
366730,RX,0x181,4,0x30,0x30,0x00,0x00,0x01,,,,"Speed feedback = 0 rpm"
366742,TX,0x201,3,0x90,0x90,0x00,0x00,,,,,"Set torque = 0"
366768,TX,0x201,3,0x90,0x90,0x00,0x00,,,,,"Set torque = 0"
366796,TX,0x201,3,0x90,0x90,0x00,0x00,,,,,"Set torque = 0"
366822,TX,0x201,3,0x90,0x90,0x00,0x00,,,,,"Set torque = 0"
366828,RX,0x181,6,0x40,0x40,0x10,0x43,0x80,0x00,0x0B,,"Status word = 0x4310"
366835,RX,0x181,4,0x30,0x30,0x00,0x00,0x01,,,,"Speed feedback = 0 rpm"
366848,TX,0x201,3,0x90,0x90,0x00,0x00,,,,,"Set torque = 0"
366874,TX,0x201,3,0x90,0x90,0x00,0x00,,,,,"Set torque = 0"
366901,TX,0x201,3,0x90,0x90,0x00,0x00,,,,,"Set torque = 0"
366923,RX,0x181,6,0x40,0x40,0x10,0x43,0x80,0x00,0x0B,,"Status word = 0x4310"
366930,TX,0x201,3,0x90,0x90,0x00,0x00,,,,,"Set torque = 0"
366936,RX,0x181,4,0x30,0x30,0x00,0x00,0x01,,,,"Speed feedback = 0 rpm"
366956,TX,0x201,3,0x90,0x90,0x00,0x00,,,,,"Set torque = 0"
366982,TX,0x201,3,0x90,0x90,0x00,0x00,,,,,"Set torque = 0"
367008,TX,0x201,3,0x90,0x90,0x00,0x00,,,,,"Set torque = 0"
367023,RX,0x181,6,0x40,0x40,0x10,0x43,0x80,0x00,0x0B,,"Status word = 0x4310"
367030,RX,0x181,4,0x30,0x30,0x00,0x00,0x01,,,,"Speed feedback = 0 rpm"
367037,TX,0x201,3,0x90,0x90,0x00,0x00,,,,,"Set torque = 0"
367064,TX,0x201,3,0x90,0x90,0x00,0x00,,,,,"Set torque = 0"
367090,TX,0x201,3,0x90,0x90,0x00,0x00,,,,,"Set torque = 0"
367116,TX,0x201,3,0x90,0x90,0x00,0x00,,,,,"Set torque = 0"
367123,RX,0x181,6,0x40,0x40,0x10,0x43,0x80,0x00,0x0B,,"Status word = 0x4310"
367130,RX,0x181,4,0x30,0x30,0x00,0x00,0x01,,,,"Speed feedback = 0 rpm"
367142,TX,0x201,3,0x90,0x90,0x00,0x00,,,,,"Set torque = 0"
367168,TX,0x201,3,0x90,0x90,0x00,0x00,,,,,"Set torque = 0"
367194,TX,0x201,3,0x90,0x90,0x00,0x00,,,,,"Set torque = 0"
367221,TX,0x201,3,0x90,0x90,0x00,0x00,,,,,"Set torque = 0"
367227,RX,0x181,6,0x40,0x40,0x10,0x43,0x80,0x00,0x0B,,"Status word = 0x4310"
367234,RX,0x181,4,0x30,0x30,0x00,0x00,0x01,,,,"Speed feedback = 0 rpm"
367247,TX,0x201,3,0x90,0x90,0x00,0x00,,,,,"Set torque = 0"
367273,TX,0x201,3,0x90,0x90,0x00,0x00,,,,,"Set torque = 0"
367299,TX,0x201,3,0x90,0x90,0x00,0x00,,,,,"Set torque = 0"
367322,RX,0x181,6,0x40,0x40,0x10,0x43,0x80,0x00,0x0B,,"Status word = 0x4310"
367329,TX,0x201,3,0x90,0x90,0x00,0x00,,,,,"Set torque = 0"
367336,RX,0x181,4,0x30,0x30,0x00,0x00,0x01,,,,"Speed feedback = 0 rpm"
367356,TX,0x201,3,0x90,0x90,0x00,0x00,,,,,"Set torque = 0"
367382,TX,0x201,3,0x90,0x90,0x00,0x00,,,,,"Set torque = 0"
367408,TX,0x201,3,0x90,0x90,0x00,0x00,,,,,"Set torque = 0"
367422,RX,0x181,6,0x40,0x40,0x10,0x43,0x80,0x00,0x0B,,"Status word = 0x4310"
367429,RX,0x181,4,0x30,0x30,0x00,0x00,0x01,,,,"Speed feedback = 0 rpm"
367436,TX,0x201,3,0x90,0x90,0x00,0x00,,,,,"Set torque = 0"
367463,TX,0x201,3,0x90,0x90,0x00,0x00,,,,,"Set torque = 0"
367489,TX,0x201,3,0x90,0x90,0x00,0x00,,,,,"Set torque = 0"
367515,TX,0x201,3,0x90,0x90,0x00,0x00,,,,,"Set torque = 0"
367522,RX,0x181,6,0x40,0x40,0x10,0x43,0x80,0x00,0x0B,,"Status word = 0x4310"
367529,RX,0x181,4,0x30,0x30,0x00,0x00,0x01,,,,"Speed feedback = 0 rpm"
367542,TX,0x201,3,0x90,0x90,0x00,0x00,,,,,"Set torque = 0"
367568,TX,0x201,3,0x90,0x90,0x00,0x00,,,,,"Set torque = 0"
367594,TX,0x201,3,0x90,0x90,0x00,0x00,,,,,"Set torque = 0"
367620,TX,0x201,3,0x90,0x90,0x00,0x00,,,,,"Set torque = 0"
367626,RX,0x181,6,0x40,0x40,0x10,0x43,0x80,0x00,0x0B,,"Status word = 0x4310"
367633,RX,0x181,4,0x30,0x30,0x00,0x00,0x01,,,,"Speed feedback = 0 rpm"
367646,TX,0x201,3,0x90,0x90,0x00,0x00,,,,,"Set torque = 0"
367673,TX,0x201,3,0x90,0x90,0x00,0x00,,,,,"Set torque = 0"
367699,TX,0x201,3,0x90,0x90,0x00,0x00,,,,,"Set torque = 0"
367722,RX,0x181,6,0x40,0x40,0x10,0x43,0x80,0x00,0x0B,,"Status word = 0x4310"
367728,TX,0x201,3,0x90,0x90,0x00,0x00,,,,,"Set torque = 0"
367735,RX,0x181,4,0x30,0x30,0x00,0x00,0x01,,,,"Speed feedback = 0 rpm"
367755,TX,0x201,3,0x90,0x90,0x00,0x00,,,,,"Set torque = 0"
367781,TX,0x201,3,0x90,0x90,0x00,0x00,,,,,"Set torque = 0"
367807,TX,0x201,3,0x90,0x90,0x00,0x00,,,,,"Set torque = 0"
367821,RX,0x181,6,0x40,0x40,0x10,0x43,0x80,0x00,0x0B,,"Status word = 0x4310"
367829,RX,0x181,4,0x30,0x30,0x00,0x00,0x01,,,,"Speed feedback = 0 rpm"
367835,TX,0x201,3,0x90,0x90,0x00,0x00,,,,,"Set torque = 0"
367862,TX,0x201,3,0x90,0x90,0x00,0x00,,,,,"Set torque = 0"
367888,TX,0x201,3,0x90,0x90,0x00,0x00,,,,,"Set torque = 0"
367914,TX,0x201,3,0x90,0x90,0x00,0x00,,,,,"Set torque = 0"
367921,RX,0x181,6,0x40,0x40,0x10,0x43,0x80,0x00,0x0B,,"Status word = 0x4310"
367928,RX,0x181,4,0x30,0x30,0x00,0x00,0x01,,,,"Speed feedback = 0 rpm"
367940,TX,0x201,3,0x90,0x90,0x00,0x00,,,,,"Set torque = 0"
367966,TX,0x201,3,0x90,0x90,0x00,0x00,,,,,"Set torque = 0"
367993,TX,0x201,3,0x90,0x90,0x00,0x00,,,,,"Set torque = 0"
368019,TX,0x201,3,0x90,0x90,0x00,0x00,,,,,"Set torque = 0"
368025,RX,0x181,6,0x40,0x40,0x10,0x43,0x80,0x00,0x0B,,"Status word = 0x4310"
368032,RX,0x181,4,0x30,0x30,0x00,0x00,0x01,,,,"Speed feedback = 0 rpm"
368045,TX,0x201,3,0x90,0x90,0x00,0x00,,,,,"Set torque = 0"
368071,TX,0x201,3,0x90,0x90,0x00,0x00,,,,,"Set torque = 0"
368097,TX,0x201,3,0x90,0x90,0x00,0x00,,,,,"Set torque = 0"
368121,RX,0x181,6,0x40,0x40,0x10,0x43,0x80,0x00,0x0B,,"Status word = 0x4310"
368128,TX,0x201,3,0x90,0x90,0x00,0x00,,,,,"Set torque = 0"
368135,RX,0x181,4,0x30,0x30,0x00,0x00,0x01,,,,"Speed feedback = 0 rpm"
368155,TX,0x201,3,0x90,0x90,0x00,0x00,,,,,"Set torque = 0"
368181,TX,0x201,3,0x90,0x90,0x00,0x00,,,,,"Set torque = 0"
368207,TX,0x201,3,0x90,0x90,0x00,0x00,,,,,"Set torque = 0"
368221,RX,0x181,6,0x40,0x40,0x10,0x43,0x80,0x00,0x0B,,"Status word = 0x4310"
368228,RX,0x181,4,0x30,0x30,0x00,0x00,0x01,,,,"Speed feedback = 0 rpm"
368235,TX,0x201,3,0x90,0x90,0x00,0x00,,,,,"Set torque = 0"
368261,TX,0x201,3,0x90,0x90,0x00,0x00,,,,,"Set torque = 0"
368287,TX,0x201,3,0x90,0x90,0x00,0x00,,,,,"Set torque = 0"
368314,TX,0x201,3,0x90,0x90,0x00,0x00,,,,,"Set torque = 0"
368321,RX,0x181,6,0x40,0x40,0x10,0x43,0x80,0x00,0x0B,,"Status word = 0x4310"
368328,RX,0x181,4,0x30,0x30,0x00,0x00,0x01,,,,"Speed feedback = 0 rpm"
368340,TX,0x201,3,0x90,0x90,0x00,0x00,,,,,"Set torque = 0"
368366,TX,0x201,3,0x90,0x90,0x00,0x00,,,,,"Set torque = 0"
368392,TX,0x201,3,0x90,0x90,0x00,0x00,,,,,"Set torque = 0"
368420,TX,0x201,3,0x90,0x90,0x00,0x00,,,,,"Set torque = 0"
368426,RX,0x181,6,0x40,0x40,0x10,0x43,0x80,0x00,0x0B,,"Status word = 0x4310"
368501,RX,0x181,4,0x30,0x30,0x00,0x00,0x01,,,,"Speed feedback = 0 rpm"
368508,TX,0x201,3,0x90,0x90,0x00,0x00,,,,,"Set torque = 0"
368520,RX,0x181,6,0x40,0x40,0x10,0x43,0x80,0x00,0x0B,,"Status word = 0x4310"
368527,RX,0x181,4,0x30,0x30,0x00,0x00,0x01,,,,"Speed feedback = 0 rpm"
368535,TX,0x201,3,0x90,0x90,0x00,0x00,,,,,"Set torque = 0"
368561,TX,0x201,3,0x90,0x90,0x00,0x00,,,,,"Set torque = 0"
368587,TX,0x201,3,0x90,0x90,0x00,0x00,,,,,"Set torque = 0"
368613,TX,0x201,3,0x90,0x90,0x00,0x00,,,,,"Set torque = 0"
368620,RX,0x181,6,0x40,0x40,0x10,0x43,0x80,0x00,0x0B,,"Status word = 0x4310"
368627,RX,0x181,4,0x30,0x30,0x00,0x00,0x01,,,,"Speed feedback = 0 rpm"
368639,TX,0x201,3,0x90,0x90,0x00,0x00,,,,,"Set torque = 0"
368665,TX,0x201,3,0x90,0x90,0x00,0x00,,,,,"Set torque = 0"
368691,TX,0x201,3,0x90,0x90,0x00,0x00,,,,,"Set torque = 0"
368717,TX,0x201,3,0x90,0x90,0x00,0x00,,,,,"Set torque = 0"
368723,RX,0x181,6,0x40,0x40,0x10,0x43,0x80,0x00,0x0B,,"Status word = 0x4310"
368730,RX,0x181,4,0x30,0x30,0x00,0x00,0x01,,,,"Speed feedback = 0 rpm"
368743,TX,0x201,3,0x90,0x90,0x00,0x00,,,,,"Set torque = 0"
368769,TX,0x201,3,0x90,0x90,0x00,0x00,,,,,"Set torque = 0"
368796,TX,0x201,3,0x90,0x90,0x00,0x00,,,,,"Set torque = 0"
368820,RX,0x181,6,0x40,0x40,0x10,0x43,0x80,0x00,0x0B,,"Status word = 0x4310"
368827,TX,0x201,3,0x90,0x90,0x00,0x00,,,,,"Set torque = 0"
368833,RX,0x181,4,0x30,0x30,0x00,0x00,0x01,,,,"Speed feedback = 0 rpm"
368853,TX,0x201,3,0x90,0x90,0x00,0x00,,,,,"Set torque = 0"
368879,TX,0x201,3,0x90,0x90,0x00,0x00,,,,,"Set torque = 0"
368967,RX,0x181,6,0x40,0x40,0x10,0x43,0x80,0x00,0x0B,,"Status word = 0x4310"
368973,RX,0x181,4,0x30,0x30,0x00,0x00,0x01,,,,"Speed feedback = 0 rpm"
368987,TX,0x201,3,0x90,0x90,0x00,0x00,,,,,"Set torque = 0"
369014,TX,0x201,3,0x90,0x90,0x00,0x00,,,,,"Set torque = 0"
369020,RX,0x181,6,0x40,0x40,0x10,0x43,0x80,0x00,0x0B,,"Status word = 0x4310"
369027,RX,0x181,4,0x30,0x30,0x00,0x00,0x01,,,,"Speed feedback = 0 rpm"
369040,TX,0x201,3,0x90,0x90,0x00,0x00,,,,,"Set torque = 0"
369066,TX,0x201,3,0x90,0x90,0x00,0x00,,,,,"Set torque = 0"
369092,TX,0x201,3,0x90,0x90,0x00,0x00,,,,,"Set torque = 0"
369118,TX,0x201,3,0x90,0x90,0x00,0x00,,,,,"Set torque = 0"
369124,RX,0x181,6,0x40,0x40,0x10,0x43,0x80,0x00,0x0B,,"Status word = 0x4310"
369131,RX,0x181,4,0x30,0x30,0x00,0x00,0x01,,,,"Speed feedback = 0 rpm"
369144,TX,0x201,3,0x90,0x90,0x00,0x00,,,,,"Set torque = 0"
369170,TX,0x201,3,0x90,0x90,0x00,0x00,,,,,"Set torque = 0"
369196,TX,0x201,3,0x90,0x90,0x00,0x00,,,,,"Set torque = 0"
369219,RX,0x181,6,0x40,0x40,0x10,0x43,0x80,0x00,0x0B,,"Status word = 0x4310"
369226,TX,0x201,3,0x90,0x90,0x00,0x00,,,,,"Set torque = 0"
369233,RX,0x181,4,0x30,0x30,0x00,0x00,0x01,,,,"Speed feedback = 0 rpm"
369253,TX,0x201,3,0x90,0x90,0x00,0x00,,,,,"Set torque = 0"
369279,TX,0x201,3,0x90,0x90,0x00,0x00,,,,,"Set torque = 0"
369305,TX,0x201,3,0x90,0x90,0x00,0x00,,,,,"Set torque = 0"
369319,RX,0x181,6,0x40,0x40,0x10,0x43,0x80,0x00,0x0B,,"Status word = 0x4310"
369326,RX,0x181,4,0x30,0x30,0x00,0x00,0x01,,,,"Speed feedback = 0 rpm"
369333,TX,0x201,3,0x90,0x90,0x00,0x00,,,,,"Set torque = 0"
369429,RX,0x181,6,0x40,0x40,0x10,0x43,0x80,0x00,0x0B,,"Status word = 0x4310"
369436,RX,0x181,4,0x30,0x30,0x00,0x00,0x01,,,,"Speed feedback = 0 rpm"
369449,TX,0x201,3,0x90,0x90,0x00,0x00,,,,,"Set torque = 0"
369475,TX,0x201,3,0x90,0x90,0x00,0x00,,,,,"Set torque = 0"
369501,TX,0x201,3,0x90,0x90,0x00,0x00,,,,,"Set torque = 0"
369519,RX,0x181,6,0x40,0x40,0x10,0x43,0x80,0x00,0x0B,,"Status word = 0x4310"
369526,RX,0x181,4,0x30,0x30,0x00,0x00,0x01,,,,"Speed feedback = 0 rpm"
369533,TX,0x201,3,0x90,0x90,0x00,0x00,,,,,"Set torque = 0"
369559,TX,0x201,3,0x90,0x90,0x00,0x00,,,,,"Set torque = 0"
369585,TX,0x201,3,0x90,0x90,0x00,0x00,,,,,"Set torque = 0"
369611,TX,0x201,3,0x90,0x90,0x00,0x00,,,,,"Set torque = 0"
369619,RX,0x181,6,0x40,0x40,0x10,0x43,0x80,0x00,0x0B,,"Status word = 0x4310"
369636,RX,0x181,4,0x30,0x30,0x00,0x00,0x01,,,,"Speed feedback = 0 rpm"
369643,TX,0x201,3,0x90,0x90,0x00,0x00,,,,,"Set torque = 0"
369670,TX,0x201,3,0x90,0x90,0x00,0x00,,,,,"Set torque = 0"
369696,TX,0x201,3,0x90,0x90,0x00,0x00,,,,,"Set torque = 0"
369718,RX,0x181,6,0x40,0x40,0x10,0x43,0x80,0x00,0x0B,,"Status word = 0x4310"
369725,TX,0x201,3,0x90,0x90,0x00,0x00,,,,,"Set torque = 0"
369732,RX,0x181,4,0x30,0x30,0x00,0x00,0x01,,,,"Speed feedback = 0 rpm"
369752,TX,0x201,3,0x90,0x90,0x00,0x00,,,,,"Set torque = 0"
369778,TX,0x201,3,0x90,0x90,0x00,0x00,,,,,"Set torque = 0"
369804,TX,0x201,3,0x90,0x90,0x00,0x00,,,,,"Set torque = 0"
369900,RX,0x181,6,0x40,0x40,0x10,0x43,0x80,0x00,0x0B,,"Status word = 0x4310"
369907,RX,0x181,4,0x30,0x30,0x00,0x00,0x01,,,,"Speed feedback = 0 rpm"
369918,RX,0x181,6,0x40,0x40,0x10,0x43,0x80,0x00,0x0B,,"Status word = 0x4310"
369925,TX,0x201,3,0x90,0x90,0x00,0x00,,,,,"Set torque = 0"
369932,RX,0x181,4,0x30,0x30,0x00,0x00,0x01,,,,"Speed feedback = 0 rpm"
369952,TX,0x201,3,0x90,0x90,0x00,0x00,,,,,"Set torque = 0"
369978,TX,0x201,3,0x90,0x90,0x00,0x00,,,,,"Set torque = 0"
370004,TX,0x201,3,0x90,0x90,0x00,0x00,,,,,"Set torque = 0"
370018,RX,0x181,6,0x40,0x40,0x10,0x43,0x80,0x00,0x0B,,"Status word = 0x4310"
370025,RX,0x181,4,0x30,0x30,0x00,0x00,0x01,,,,"Speed feedback = 0 rpm"
370032,TX,0x201,3,0x90,0x90,0x00,0x00,,,,,"Set torque = 0"
370059,TX,0x201,3,0x90,0x90,0x00,0x00,,,,,"Set torque = 0"
370085,TX,0x201,3,0x90,0x90,0x00,0x00,,,,,"Set torque = 0"
370111,TX,0x201,3,0x90,0x90,0x00,0x00,,,,,"Set torque = 0"
370118,RX,0x181,6,0x40,0x40,0x10,0x43,0x80,0x00,0x0B,,"Status word = 0x4310"
370125,RX,0x181,4,0x30,0x30,0x00,0x00,0x01,,,,"Speed feedback = 0 rpm"
370137,TX,0x201,3,0x90,0x90,0x00,0x00,,,,,"Set torque = 0"
370163,TX,0x201,3,0x90,0x90,0x00,0x00,,,,,"Set torque = 0"
370190,TX,0x201,3,0x90,0x90,0x00,0x00,,,,,"Set torque = 0"
370216,TX,0x201,3,0x90,0x90,0x00,0x00,,,,,"Set torque = 0"
370222,RX,0x181,6,0x40,0x40,0x10,0x43,0x80,0x00,0x0B,,"Status word = 0x4310"
370229,RX,0x181,4,0x30,0x30,0x00,0x00,0x01,,,,"Speed feedback = 0 rpm"
370242,TX,0x201,3,0x90,0x90,0x00,0x00,,,,,"Set torque = 0"
370268,TX,0x201,3,0x90,0x90,0x00,0x00,,,,,"Set torque = 0"
370356,RX,0x181,6,0x40,0x40,0x10,0x43,0x80,0x00,0x0B,,"Status word = 0x4310"
370362,RX,0x181,4,0x30,0x30,0x00,0x00,0x01,,,,"Speed feedback = 0 rpm"
370376,TX,0x201,3,0x90,0x90,0x00,0x00,,,,,"Set torque = 0"
370403,TX,0x201,3,0x90,0x90,0x00,0x00,,,,,"Set torque = 0"
370417,RX,0x181,6,0x40,0x40,0x10,0x43,0x80,0x00,0x0B,,"Status word = 0x4310"
370424,RX,0x181,4,0x30,0x30,0x00,0x00,0x01,,,,"Speed feedback = 0 rpm"
370431,TX,0x201,3,0x90,0x90,0x00,0x00,,,,,"Set torque = 0"
370458,TX,0x201,3,0x90,0x90,0x00,0x00,,,,,"Set torque = 0"
370484,TX,0x201,3,0x90,0x90,0x00,0x00,,,,,"Set torque = 0"
370510,TX,0x201,3,0x90,0x90,0x00,0x00,,,,,"Set torque = 0"
370517,RX,0x181,6,0x40,0x40,0x10,0x43,0x80,0x00,0x0B,,"Status word = 0x4310"
370524,RX,0x181,4,0x30,0x30,0x00,0x00,0x01,,,,"Speed feedback = 0 rpm"
370536,TX,0x201,3,0x90,0x90,0x00,0x00,,,,,"Set torque = 0"
370562,TX,0x201,3,0x90,0x90,0x00,0x00,,,,,"Set torque = 0"
370588,TX,0x201,3,0x90,0x90,0x00,0x00,,,,,"Set torque = 0"
370614,TX,0x201,3,0x90,0x90,0x00,0x00,,,,,"Set torque = 0"
370620,RX,0x181,6,0x40,0x40,0x10,0x43,0x80,0x00,0x0B,,"Status word = 0x4310"
370627,RX,0x181,4,0x30,0x30,0x00,0x00,0x01,,,,"Speed feedback = 0 rpm"
370640,TX,0x201,3,0x90,0x90,0x00,0x00,,,,,"Set torque = 0"
370666,TX,0x201,3,0x90,0x90,0x00,0x00,,,,,"Set torque = 0"
370692,TX,0x201,3,0x90,0x90,0x00,0x00,,,,,"Set torque = 0"
370717,RX,0x181,6,0x40,0x40,0x10,0x43,0x80,0x00,0x0B,,"Status word = 0x4310"
370724,TX,0x201,3,0x90,0x90,0x00,0x00,,,,,"Set torque = 0"
370730,RX,0x181,4,0x30,0x30,0x00,0x00,0x01,,,,"Speed feedback = 0 rpm"
370821,RX,0x181,6,0x40,0x40,0x10,0x43,0x80,0x00,0x0B,,"Status word = 0x4310"
370828,RX,0x181,4,0x30,0x30,0x00,0x00,0x01,,,,"Speed feedback = 0 rpm"
370835,TX,0x201,3,0x90,0x90,0x00,0x00,,,,,"Set torque = 0"
370861,TX,0x201,3,0x90,0x90,0x00,0x00,,,,,"Set torque = 0"
370887,TX,0x201,3,0x90,0x90,0x00,0x00,,,,,"Set torque = 0"
370913,TX,0x201,3,0x90,0x90,0x00,0x00,,,,,"Set torque = 0"
370920,RX,0x181,6,0x40,0x40,0x10,0x43,0x80,0x00,0x0B,,"Status word = 0x4310"
370926,RX,0x181,4,0x30,0x30,0x00,0x00,0x01,,,,"Speed feedback = 0 rpm"
370940,TX,0x201,3,0x90,0x90,0x00,0x00,,,,,"Set torque = 0"
370966,TX,0x201,3,0x90,0x90,0x00,0x00,,,,,"Set torque = 0"
370992,TX,0x201,3,0x90,0x90,0x00,0x00,,,,,"Set torque = 0"
371016,RX,0x181,6,0x40,0x40,0x10,0x43,0x80,0x00,0x0B,,"Status word = 0x4310"
371023,TX,0x201,3,0x90,0x90,0x00,0x00,,,,,"Set torque = 0"
371030,RX,0x181,4,0x30,0x30,0x00,0x00,0x01,,,,"Speed feedback = 0 rpm"
371050,TX,0x201,3,0x90,0x90,0x00,0x00,,,,,"Set torque = 0"
371077,TX,0x201,3,0x90,0x90,0x00,0x00,,,,,"Set torque = 0"
371103,TX,0x201,3,0x90,0x90,0x00,0x00,,,,,"Set torque = 0"
371116,RX,0x181,6,0x40,0x40,0x10,0x43,0x80,0x00,0x0B,,"Status word = 0x4310"
371123,RX,0x181,4,0x30,0x30,0x00,0x00,0x01,,,,"Speed feedback = 0 rpm"
371130,TX,0x201,3,0x90,0x90,0x00,0x00,,,,,"Set torque = 0"
371157,TX,0x201,3,0x90,0x90,0x00,0x00,,,,,"Set torque = 0"
371183,TX,0x201,3,0x90,0x90,0x00,0x00,,,,,"Set torque = 0"
371209,TX,0x201,3,0x90,0x90,0x00,0x00,,,,,"Set torque = 0"
371216,RX,0x181,6,0x40,0x40,0x10,0x43,0x80,0x00,0x0B,,"Status word = 0x4310"
371308,RX,0x181,4,0x30,0x30,0x00,0x00,0x01,,,,"Speed feedback = 0 rpm"
371315,TX,0x201,3,0x90,0x90,0x00,0x00,,,,,"Set torque = 0"
371322,RX,0x181,6,0x40,0x40,0x10,0x43,0x80,0x00,0x0B,,"Status word = 0x4310"
371328,RX,0x181,4,0x30,0x30,0x00,0x00,0x01,,,,"Speed feedback = 0 rpm"
371342,TX,0x201,3,0x90,0x90,0x00,0x00,,,,,"Set torque = 0"
371368,TX,0x201,3,0x90,0x90,0x00,0x00,,,,,"Set torque = 0"
371394,TX,0x201,3,0x90,0x90,0x00,0x00,,,,,"Set torque = 0"
371416,RX,0x181,6,0x40,0x40,0x10,0x43,0x80,0x00,0x0B,,"Status word = 0x4310"
371423,TX,0x201,3,0x90,0x90,0x00,0x00,,,,,"Set torque = 0"
371430,RX,0x181,4,0x30,0x30,0x00,0x00,0x01,,,,"Speed feedback = 0 rpm"
371450,TX,0x201,3,0x90,0x90,0x00,0x00,,,,,"Set torque = 0"
371476,TX,0x201,3,0x90,0x90,0x00,0x00,,,,,"Set torque = 0"
371502,TX,0x201,3,0x90,0x90,0x00,0x00,,,,,"Set torque = 0"
371516,RX,0x181,6,0x40,0x40,0x10,0x43,0x80,0x00,0x0B,,"Status word = 0x4310"
371523,RX,0x181,4,0x30,0x30,0x00,0x00,0x01,,,,"Speed feedback = 0 rpm"
371529,TX,0x201,3,0x90,0x90,0x00,0x00,,,,,"Set torque = 0"
371556,TX,0x201,3,0x90,0x90,0x00,0x00,,,,,"Set torque = 0"
371582,TX,0x201,3,0x90,0x90,0x00,0x00,,,,,"Set torque = 0"
371609,TX,0x201,3,0x90,0x90,0x00,0x00,,,,,"Set torque = 0"
371615,RX,0x181,6,0x40,0x40,0x10,0x43,0x80,0x00,0x0B,,"Status word = 0x4310"
371622,RX,0x181,4,0x30,0x30,0x00,0x00,0x01,,,,"Speed feedback = 0 rpm"
371635,TX,0x201,3,0x90,0x90,0x00,0x00,,,,,"Set torque = 0"
371661,TX,0x201,3,0x90,0x90,0x00,0x00,,,,,"Set torque = 0"
371687,TX,0x201,3,0x90,0x90,0x00,0x00,,,,,"Set torque = 0"
371779,RX,0x181,6,0x40,0x40,0x10,0x43,0x80,0x00,0x0B,,"Status word = 0x4310"
371786,RX,0x181,4,0x30,0x30,0x00,0x00,0x01,,,,"Speed feedback = 0 rpm"
371799,TX,0x201,3,0x90,0x90,0x00,0x00,,,,,"Set torque = 0"
371815,RX,0x181,6,0x40,0x40,0x10,0x43,0x80,0x00,0x0B,,"Status word = 0x4310"
371822,RX,0x181,4,0x30,0x30,0x00,0x00,0x01,,,,"Speed feedback = 0 rpm"
371829,TX,0x201,3,0x90,0x90,0x00,0x00,,,,,"Set torque = 0"
371856,TX,0x201,3,0x90,0x90,0x00,0x00,,,,,"Set torque = 0"
371882,TX,0x201,3,0x90,0x90,0x00,0x00,,,,,"Set torque = 0"
371908,TX,0x201,3,0x90,0x90,0x00,0x00,,,,,"Set torque = 0"
371915,RX,0x181,6,0x40,0x40,0x10,0x43,0x80,0x00,0x0B,,"Status word = 0x4310"
371922,RX,0x181,4,0x30,0x30,0x00,0x00,0x01,,,,"Speed feedback = 0 rpm"
371934,TX,0x201,3,0x90,0x90,0x00,0x00,,,,,"Set torque = 0"
371961,TX,0x201,3,0x90,0x90,0x00,0x00,,,,,"Set torque = 0"
371987,TX,0x201,3,0x90,0x90,0x00,0x00,,,,,"Set torque = 0"
372013,TX,0x201,3,0x90,0x90,0x00,0x00,,,,,"Set torque = 0"
372019,RX,0x181,6,0x40,0x40,0x10,0x43,0x80,0x00,0x0B,,"Status word = 0x4310"
372026,RX,0x181,4,0x30,0x30,0x00,0x00,0x01,,,,"Speed feedback = 0 rpm"
372039,TX,0x201,3,0x90,0x90,0x00,0x00,,,,,"Set torque = 0"
372065,TX,0x201,3,0x90,0x90,0x00,0x00,,,,,"Set torque = 0"
372091,TX,0x201,3,0x90,0x90,0x00,0x00,,,,,"Set torque = 0"
372115,RX,0x181,6,0x40,0x40,0x10,0x43,0x80,0x00,0x0B,,"Status word = 0x4310"
372122,RX,0x181,4,0x30,0x30,0x00,0x00,0x01,,,,"Speed feedback = 0 rpm"
372129,TX,0x201,3,0x90,0x90,0x00,0x00,,,,,"Set torque = 0"
372155,TX,0x201,3,0x90,0x90,0x00,0x00,,,,,"Set torque = 0"
372248,RX,0x181,6,0x40,0x40,0x10,0x43,0x80,0x00,0x0B,,"Status word = 0x4310"
372255,RX,0x181,4,0x30,0x30,0x00,0x00,0x01,,,,"Speed feedback = 0 rpm"
372268,TX,0x201,3,0x90,0x90,0x00,0x00,,,,,"Set torque = 0"
372294,TX,0x201,3,0x90,0x90,0x00,0x00,,,,,"Set torque = 0"
372314,RX,0x181,6,0x40,0x40,0x10,0x43,0x80,0x00,0x0B,,"Status word = 0x4310"
372321,TX,0x201,3,0x90,0x90,0x00,0x00,,,,,"Set torque = 0"
372328,RX,0x181,4,0x30,0x30,0x00,0x00,0x01,,,,"Speed feedback = 0 rpm"
372348,TX,0x201,3,0x90,0x90,0x00,0x00,,,,,"Set torque = 0"
372374,TX,0x201,3,0x90,0x90,0x00,0x00,,,,,"Set torque = 0"
372400,TX,0x201,3,0x90,0x90,0x00,0x00,,,,,"Set torque = 0"
372414,RX,0x181,6,0x40,0x40,0x10,0x43,0x80,0x00,0x0B,,"Status word = 0x4310"
372421,RX,0x181,4,0x30,0x30,0x00,0x00,0x01,,,,"Speed feedback = 0 rpm"
372428,TX,0x201,3,0x90,0x90,0x00,0x00,,,,,"Set torque = 0"
372455,TX,0x201,3,0x90,0x90,0x00,0x00,,,,,"Set torque = 0"
372481,TX,0x201,3,0x90,0x90,0x00,0x00,,,,,"Set torque = 0"
372508,TX,0x201,3,0x90,0x90,0x00,0x00,,,,,"Set torque = 0"
372514,RX,0x181,6,0x40,0x40,0x10,0x43,0x80,0x00,0x0B,,"Status word = 0x4310"
372521,RX,0x181,4,0x30,0x30,0x00,0x00,0x01,,,,"Speed feedback = 0 rpm"
372534,TX,0x201,3,0x90,0x90,0x00,0x00,,,,,"Set torque = 0"
372560,TX,0x201,3,0x90,0x90,0x00,0x00,,,,,"Set torque = 0"
372586,TX,0x201,3,0x90,0x90,0x00,0x00,,,,,"Set torque = 0"
372612,TX,0x201,3,0x90,0x90,0x00,0x00,,,,,"Set torque = 0"
372618,RX,0x181,6,0x40,0x40,0x10,0x43,0x80,0x00,0x0B,,"Status word = 0x4310"
372625,RX,0x181,4,0x30,0x30,0x00,0x00,0x01,,,,"Speed feedback = 0 rpm"
372718,RX,0x181,6,0x40,0x40,0x10,0x43,0x80,0x00,0x0B,,"Status word = 0x4310"
372725,RX,0x181,4,0x30,0x30,0x00,0x00,0x01,,,,"Speed feedback = 0 rpm"
372732,TX,0x201,3,0x90,0x90,0x00,0x00,,,,,"Set torque = 0"
372759,TX,0x201,3,0x90,0x90,0x00,0x00,,,,,"Set torque = 0"
372785,TX,0x201,3,0x90,0x90,0x00,0x00,,,,,"Set torque = 0"
372811,TX,0x201,3,0x90,0x90,0x00,0x00,,,,,"Set torque = 0"
372817,RX,0x181,6,0x40,0x40,0x10,0x43,0x80,0x00,0x0B,,"Status word = 0x4310"
372824,RX,0x181,4,0x30,0x30,0x00,0x00,0x01,,,,"Speed feedback = 0 rpm"
372837,TX,0x201,3,0x90,0x90,0x00,0x00,,,,,"Set torque = 0"
372864,TX,0x201,3,0x90,0x90,0x00,0x00,,,,,"Set torque = 0"
372890,TX,0x201,3,0x90,0x90,0x00,0x00,,,,,"Set torque = 0"
372913,RX,0x181,6,0x40,0x40,0x10,0x43,0x80,0x00,0x0B,,"Status word = 0x4310"
372920,TX,0x201,3,0x90,0x90,0x00,0x00,,,,,"Set torque = 0"
372927,RX,0x181,4,0x30,0x30,0x00,0x00,0x01,,,,"Speed feedback = 0 rpm"
372947,TX,0x201,3,0x90,0x90,0x00,0x00,,,,,"Set torque = 0"
372973,TX,0x201,3,0x90,0x90,0x00,0x00,,,,,"Set torque = 0"
372999,TX,0x201,3,0x90,0x90,0x00,0x00,,,,,"Set torque = 0"
373013,RX,0x181,6,0x40,0x40,0x10,0x43,0x80,0x00,0x0B,,"Status word = 0x4310"
373020,RX,0x181,4,0x30,0x30,0x00,0x00,0x01,,,,"Speed feedback = 0 rpm"
373027,TX,0x201,3,0x90,0x90,0x00,0x00,,,,,"Set torque = 0"
373054,TX,0x201,3,0x90,0x90,0x00,0x00,,,,,"Set torque = 0"
373080,TX,0x201,3,0x90,0x90,0x00,0x00,,,,,"Set torque = 0"
373106,TX,0x201,3,0x90,0x90,0x00,0x00,,,,,"Set torque = 0"
373113,RX,0x181,6,0x40,0x40,0x10,0x43,0x80,0x00,0x0B,,"Status word = 0x4310"
373204,RX,0x181,4,0x30,0x30,0x00,0x00,0x01,,,,"Speed feedback = 0 rpm"
373211,TX,0x201,3,0x90,0x90,0x00,0x00,,,,,"Set torque = 0"
373218,RX,0x181,6,0x40,0x40,0x10,0x43,0x80,0x00,0x0B,,"Status word = 0x4310"
373225,RX,0x181,4,0x30,0x30,0x00,0x00,0x01,,,,"Speed feedback = 0 rpm"
373238,TX,0x201,3,0x90,0x90,0x00,0x00,,,,,"Set torque = 0"
373264,TX,0x201,3,0x90,0x90,0x00,0x00,,,,,"Set torque = 0"
373290,TX,0x201,3,0x90,0x90,0x00,0x00,,,,,"Set torque = 0"
373313,RX,0x181,6,0x40,0x40,0x10,0x43,0x80,0x00,0x0B,,"Status word = 0x4310"
373321,RX,0x181,4,0x30,0x30,0x00,0x00,0x01,,,,"Speed feedback = 0 rpm"
373328,TX,0x201,3,0x90,0x90,0x00,0x00,,,,,"Set torque = 0"
373354,TX,0x201,3,0x90,0x90,0x00,0x00,,,,,"Set torque = 0"
373381,TX,0x201,3,0x90,0x90,0x00,0x00,,,,,"Set torque = 0"
373407,TX,0x201,3,0x90,0x90,0x00,0x00,,,,,"Set torque = 0"
373413,RX,0x181,6,0x40,0x40,0x10,0x43,0x80,0x00,0x0B,,"Status word = 0x4310"
373420,RX,0x181,4,0x30,0x30,0x00,0x00,0x01,,,,"Speed feedback = 0 rpm"
373433,TX,0x201,3,0x90,0x90,0x00,0x00,,,,,"Set torque = 0"
373459,TX,0x201,3,0x90,0x90,0x00,0x00,,,,,"Set torque = 0"
373485,TX,0x201,3,0x90,0x90,0x00,0x00,,,,,"Set torque = 0"
373511,TX,0x201,3,0x90,0x90,0x00,0x00,,,,,"Set torque = 0"
373517,RX,0x181,6,0x40,0x40,0x10,0x43,0x80,0x00,0x0B,,"Status word = 0x4310"
373524,RX,0x181,4,0x30,0x30,0x00,0x00,0x01,,,,"Speed feedback = 0 rpm"
373537,TX,0x201,3,0x90,0x90,0x00,0x00,,,,,"Set torque = 0"
373563,TX,0x201,3,0x90,0x90,0x00,0x00,,,,,"Set torque = 0"
373650,RX,0x181,6,0x40,0x40,0x10,0x43,0x80,0x00,0x0B,,"Status word = 0x4310"
373656,RX,0x181,4,0x30,0x30,0x00,0x00,0x01,,,,"Speed feedback = 0 rpm"
373670,TX,0x201,3,0x90,0x90,0x00,0x00,,,,,"Set torque = 0"
373696,TX,0x201,3,0x90,0x90,0x00,0x00,,,,,"Set torque = 0"
373712,RX,0x181,6,0x40,0x40,0x10,0x43,0x80,0x00,0x0B,,"Status word = 0x4310"
373719,RX,0x181,4,0x30,0x30,0x00,0x00,0x01,,,,"Speed feedback = 0 rpm"
373726,TX,0x201,3,0x90,0x90,0x00,0x00,,,,,"Set torque = 0"
373753,TX,0x201,3,0x90,0x90,0x00,0x00,,,,,"Set torque = 0"
373779,TX,0x201,3,0x90,0x90,0x00,0x00,,,,,"Set torque = 0"
373805,TX,0x201,3,0x90,0x90,0x00,0x00,,,,,"Set torque = 0"
373812,RX,0x181,6,0x40,0x40,0x10,0x43,0x80,0x00,0x0B,,"Status word = 0x4310"
373819,RX,0x181,4,0x30,0x30,0x00,0x00,0x01,,,,"Speed feedback = 0 rpm"
373831,TX,0x201,3,0x90,0x90,0x00,0x00,,,,,"Set torque = 0"
373857,TX,0x201,3,0x90,0x90,0x00,0x00,,,,,"Set torque = 0"
373883,TX,0x201,3,0x90,0x90,0x00,0x00,,,,,"Set torque = 0"
373910,TX,0x201,3,0x90,0x90,0x00,0x00,,,,,"Set torque = 0"
373916,RX,0x181,6,0x40,0x40,0x10,0x43,0x80,0x00,0x0B,,"Status word = 0x4310"
373923,RX,0x181,4,0x30,0x30,0x00,0x00,0x01,,,,"Speed feedback = 0 rpm"
373936,TX,0x201,3,0x90,0x90,0x00,0x00,,,,,"Set torque = 0"
373962,TX,0x201,3,0x90,0x90,0x00,0x00,,,,,"Set torque = 0"
373988,TX,0x201,3,0x90,0x90,0x00,0x00,,,,,"Set torque = 0"
374012,RX,0x181,6,0x40,0x40,0x10,0x43,0x80,0x00,0x0B,,"Status word = 0x4310"
374018,TX,0x201,3,0x90,0x90,0x00,0x00,,,,,"Set torque = 0"
374025,RX,0x181,4,0x30,0x30,0x00,0x00,0x01,,,,"Speed feedback = 0 rpm"
374114,RX,0x181,6,0x40,0x40,0x10,0x43,0x80,0x00,0x0B,,"Status word = 0x4310"
374121,RX,0x181,4,0x30,0x30,0x00,0x00,0x01,,,,"Speed feedback = 0 rpm"
374127,TX,0x201,3,0x90,0x90,0x00,0x00,,,,,"Set torque = 0"
374154,TX,0x201,3,0x90,0x90,0x00,0x00,,,,,"Set torque = 0"
374180,TX,0x201,3,0x90,0x90,0x00,0x00,,,,,"Set torque = 0"
374206,TX,0x201,3,0x90,0x90,0x00,0x00,,,,,"Set torque = 0"
374212,RX,0x181,6,0x40,0x40,0x10,0x43,0x80,0x00,0x0B,,"Status word = 0x4310"
374219,RX,0x181,4,0x30,0x30,0x00,0x00,0x01,,,,"Speed feedback = 0 rpm"
374232,TX,0x201,3,0x90,0x90,0x00,0x00,,,,,"Set torque = 0"
374259,TX,0x201,3,0x90,0x90,0x00,0x00,,,,,"Set torque = 0"
374285,TX,0x201,3,0x90,0x90,0x00,0x00,,,,,"Set torque = 0"
374311,TX,0x201,3,0x90,0x90,0x00,0x00,,,,,"Set torque = 0"
374317,RX,0x181,6,0x40,0x40,0x10,0x43,0x80,0x00,0x0B,,"Status word = 0x4310"
374324,RX,0x181,4,0x30,0x30,0x00,0x00,0x01,,,,"Speed feedback = 0 rpm"
374337,TX,0x201,3,0x90,0x90,0x00,0x00,,,,,"Set torque = 0"
374363,TX,0x201,3,0x90,0x90,0x00,0x00,,,,,"Set torque = 0"
374389,TX,0x201,3,0x90,0x90,0x00,0x00,,,,,"Set torque = 0"
374411,RX,0x181,6,0x40,0x40,0x10,0x43,0x80,0x00,0x0B,,"Status word = 0x4310"
374418,RX,0x181,4,0x30,0x30,0x00,0x00,0x01,,,,"Speed feedback = 0 rpm"
374425,TX,0x201,3,0x90,0x90,0x00,0x00,,,,,"Set torque = 0"
374452,TX,0x201,3,0x90,0x90,0x00,0x00,,,,,"Set torque = 0"
374478,TX,0x201,3,0x90,0x90,0x00,0x00,,,,,"Set torque = 0"
374504,TX,0x201,3,0x90,0x90,0x00,0x00,,,,,"Set torque = 0"
374599,RX,0x181,6,0x40,0x40,0x10,0x43,0x80,0x00,0x0B,,"Status word = 0x4310"
374605,RX,0x181,4,0x30,0x30,0x00,0x00,0x01,,,,"Speed feedback = 0 rpm"
374612,RX,0x181,6,0x40,0x40,0x10,0x43,0x80,0x00,0x0B,,"Status word = 0x4310"
374619,RX,0x181,4,0x30,0x30,0x00,0x00,0x01,,,,"Speed feedback = 0 rpm"
374626,TX,0x201,3,0x90,0x90,0x00,0x00,,,,,"Set torque = 0"
374653,TX,0x201,3,0x90,0x90,0x00,0x00,,,,,"Set torque = 0"
374679,TX,0x201,3,0x90,0x90,0x00,0x00,,,,,"Set torque = 0"
374705,TX,0x201,3,0x90,0x90,0x00,0x00,,,,,"Set torque = 0"
374711,RX,0x181,6,0x40,0x40,0x10,0x43,0x80,0x00,0x0B,,"Status word = 0x4310"
374718,RX,0x181,4,0x30,0x30,0x00,0x00,0x01,,,,"Speed feedback = 0 rpm"
374731,TX,0x201,3,0x90,0x90,0x00,0x00,,,,,"Set torque = 0"
374757,TX,0x201,3,0x90,0x90,0x00,0x00,,,,,"Set torque = 0"
374784,TX,0x201,3,0x90,0x90,0x00,0x00,,,,,"Set torque = 0"
374810,TX,0x201,3,0x90,0x90,0x00,0x00,,,,,"Set torque = 0"
374816,RX,0x181,6,0x40,0x40,0x10,0x43,0x80,0x00,0x0B,,"Status word = 0x4310"
374823,RX,0x181,4,0x30,0x30,0x00,0x00,0x01,,,,"Speed feedback = 0 rpm"
374836,TX,0x201,3,0x90,0x90,0x00,0x00,,,,,"Set torque = 0"
374862,TX,0x201,3,0x90,0x90,0x00,0x00,,,,,"Set torque = 0"
374888,TX,0x201,3,0x90,0x90,0x00,0x00,,,,,"Set torque = 0"
374910,RX,0x181,6,0x40,0x40,0x10,0x43,0x80,0x00,0x0B,,"Status word = 0x4310"
374917,TX,0x201,3,0x90,0x90,0x00,0x00,,,,,"Set torque = 0"
374924,RX,0x181,4,0x30,0x30,0x00,0x00,0x01,,,,"Speed feedback = 0 rpm"
374944,TX,0x201,3,0x90,0x90,0x00,0x00,,,,,"Set torque = 0"
374970,TX,0x201,3,0x90,0x90,0x00,0x00,,,,,"Set torque = 0"
375062,RX,0x181,6,0x40,0x40,0x10,0x43,0x80,0x00,0x0B,,"Status word = 0x4310"
375069,RX,0x181,4,0x30,0x30,0x00,0x00,0x01,,,,"Speed feedback = 0 rpm"
375082,TX,0x201,3,0x90,0x90,0x00,0x00,,,,,"Set torque = 0"
375108,TX,0x201,3,0x90,0x90,0x00,0x00,,,,,"Set torque = 0"
375114,RX,0x181,6,0x40,0x40,0x10,0x43,0x80,0x00,0x0B,,"Status word = 0x4310"
375121,RX,0x181,4,0x30,0x30,0x00,0x00,0x01,,,,"Speed feedback = 0 rpm"
375134,TX,0x201,3,0x90,0x90,0x00,0x00,,,,,"Set torque = 0"
375160,TX,0x201,3,0x90,0x90,0x00,0x00,,,,,"Set torque = 0"
375186,TX,0x201,3,0x90,0x90,0x00,0x00,,,,,"Set torque = 0"
375210,RX,0x181,6,0x40,0x40,0x10,0x43,0x80,0x00,0x0B,,"Status word = 0x4310"
375217,TX,0x201,3,0x90,0x90,0x00,0x00,,,,,"Set torque = 0"
375223,RX,0x181,4,0x30,0x30,0x00,0x00,0x01,,,,"Speed feedback = 0 rpm"
375243,TX,0x201,3,0x90,0x90,0x00,0x00,,,,,"Set torque = 0"
375269,TX,0x201,3,0x90,0x90,0x00,0x00,,,,,"Set torque = 0"
375295,TX,0x201,3,0x90,0x90,0x00,0x00,,,,,"Set torque = 0"
375310,RX,0x181,6,0x40,0x40,0x10,0x43,0x80,0x00,0x0B,,"Status word = 0x4310"
375317,RX,0x181,4,0x30,0x30,0x00,0x00,0x01,,,,"Speed feedback = 0 rpm"
375323,TX,0x201,3,0x90,0x90,0x00,0x00,,,,,"Set torque = 0"
375350,TX,0x201,3,0x90,0x90,0x00,0x00,,,,,"Set torque = 0"
375376,TX,0x201,3,0x90,0x90,0x00,0x00,,,,,"Set torque = 0"
375402,TX,0x201,3,0x90,0x90,0x00,0x00,,,,,"Set torque = 0"
375409,RX,0x181,6,0x40,0x40,0x10,0x43,0x80,0x00,0x0B,,"Status word = 0x4310"
375416,RX,0x181,4,0x30,0x30,0x00,0x00,0x01,,,,"Speed feedback = 0 rpm"
375428,TX,0x201,3,0x90,0x90,0x00,0x00,,,,,"Set torque = 0"
375519,RX,0x181,6,0x40,0x40,0x10,0x43,0x80,0x00,0x0B,,"Status word = 0x4310"
375526,RX,0x181,4,0x30,0x30,0x00,0x00,0x01,,,,"Speed feedback = 0 rpm"
375539,TX,0x201,3,0x90,0x90,0x00,0x00,,,,,"Set torque = 0"
375565,TX,0x201,3,0x90,0x90,0x00,0x00,,,,,"Set torque = 0"
375591,TX,0x201,3,0x90,0x90,0x00,0x00,,,,,"Set torque = 0"
375609,RX,0x181,6,0x40,0x40,0x10,0x43,0x80,0x00,0x0B,,"Status word = 0x4310"
375616,RX,0x181,4,0x30,0x30,0x00,0x00,0x01,,,,"Speed feedback = 0 rpm"
375623,TX,0x201,3,0x90,0x90,0x00,0x00,,,,,"Set torque = 0"
375650,TX,0x201,3,0x90,0x90,0x00,0x00,,,,,"Set torque = 0"
375677,TX,0x201,3,0x90,0x90,0x00,0x00,,,,,"Set torque = 0"
375703,TX,0x201,3,0x90,0x90,0x00,0x00,,,,,"Set torque = 0"
375709,RX,0x181,6,0x40,0x40,0x10,0x43,0x80,0x00,0x0B,,"Status word = 0x4310"
375716,RX,0x181,4,0x30,0x30,0x00,0x00,0x01,,,,"Speed feedback = 0 rpm"
375729,TX,0x201,3,0x90,0x90,0x00,0x00,,,,,"Set torque = 0"
375755,TX,0x201,3,0x90,0x90,0x00,0x00,,,,,"Set torque = 0"
375781,TX,0x201,3,0x90,0x90,0x00,0x00,,,,,"Set torque = 0"
375807,TX,0x201,3,0x90,0x90,0x00,0x00,,,,,"Set torque = 0"
375813,RX,0x181,6,0x40,0x40,0x10,0x43,0x80,0x00,0x0B,,"Status word = 0x4310"
375820,RX,0x181,4,0x30,0x30,0x00,0x00,0x01,,,,"Speed feedback = 0 rpm"
375833,TX,0x201,3,0x90,0x90,0x00,0x00,,,,,"Set torque = 0"
375859,TX,0x201,3,0x90,0x90,0x00,0x00,,,,,"Set torque = 0"
375885,TX,0x201,3,0x90,0x90,0x00,0x00,,,,,"Set torque = 0"
375909,RX,0x181,6,0x40,0x40,0x10,0x43,0x80,0x00,0x0B,,"Status word = 0x4310"
375915,TX,0x201,3,0x90,0x90,0x00,0x00,,,,,"Set torque = 0"
376010,RX,0x181,4,0x30,0x30,0x00,0x00,0x01,,,,"Speed feedback = 0 rpm"
376016,RX,0x181,4,0x30,0x30,0x00,0x00,0x01,,,,"Speed feedback = 0 rpm"
376023,RX,0x181,6,0x40,0x40,0x10,0x43,0x80,0x00,0x0B,,"Status word = 0x4310"
376030,TX,0x201,3,0x90,0x90,0x00,0x00,,,,,"Set torque = 0"
376057,TX,0x201,3,0x90,0x90,0x00,0x00,,,,,"Set torque = 0"
376083,TX,0x201,3,0x90,0x90,0x00,0x00,,,,,"Set torque = 0"
376108,RX,0x181,6,0x40,0x40,0x10,0x43,0x80,0x00,0x0B,,"Status word = 0x4310"
376115,TX,0x201,3,0x90,0x90,0x00,0x00,,,,,"Set torque = 0"
376122,RX,0x181,4,0x30,0x30,0x00,0x00,0x01,,,,"Speed feedback = 0 rpm"
376142,TX,0x201,3,0x90,0x90,0x00,0x00,,,,,"Set torque = 0"
376168,TX,0x201,3,0x90,0x90,0x00,0x00,,,,,"Set torque = 0"
376194,TX,0x201,3,0x90,0x90,0x00,0x00,,,,,"Set torque = 0"
376208,RX,0x181,6,0x40,0x40,0x10,0x43,0x80,0x00,0x0B,,"Status word = 0x4310"
376215,RX,0x181,4,0x30,0x30,0x00,0x00,0x01,,,,"Speed feedback = 0 rpm"
376222,TX,0x201,3,0x90,0x90,0x00,0x00,,,,,"Set torque = 0"
376249,TX,0x201,3,0x90,0x90,0x00,0x00,,,,,"Set torque = 0"
376275,TX,0x201,3,0x90,0x90,0x00,0x00,,,,,"Set torque = 0"
376301,TX,0x201,3,0x90,0x90,0x00,0x00,,,,,"Set torque = 0"
376308,RX,0x181,6,0x40,0x40,0x10,0x43,0x80,0x00,0x0B,,"Status word = 0x4310"
376315,RX,0x181,4,0x30,0x30,0x00,0x00,0x01,,,,"Speed feedback = 0 rpm"
376327,TX,0x201,3,0x90,0x90,0x00,0x00,,,,,"Set torque = 0"
376354,TX,0x201,3,0x90,0x90,0x00,0x00,,,,,"Set torque = 0"
376380,TX,0x201,3,0x90,0x90,0x00,0x00,,,,,"Set torque = 0"
376406,TX,0x201,3,0x90,0x90,0x00,0x00,,,,,"Set torque = 0"
376497,RX,0x181,6,0x40,0x40,0x10,0x43,0x80,0x00,0x0B,,"Status word = 0x4310"
376503,RX,0x181,4,0x30,0x30,0x00,0x00,0x01,,,,"Speed feedback = 0 rpm"
376510,RX,0x181,6,0x40,0x40,0x10,0x43,0x80,0x00,0x0B,,"Status word = 0x4310"
376517,RX,0x181,4,0x30,0x30,0x00,0x00,0x01,,,,"Speed feedback = 0 rpm"
376524,TX,0x201,3,0x90,0x90,0x00,0x00,,,,,"Set torque = 0"
376550,TX,0x201,3,0x90,0x90,0x00,0x00,,,,,"Set torque = 0"
376577,TX,0x201,3,0x90,0x90,0x00,0x00,,,,,"Set torque = 0"
376603,TX,0x201,3,0x90,0x90,0x00,0x00,,,,,"Set torque = 0"
376609,RX,0x181,6,0x40,0x40,0x10,0x43,0x80,0x00,0x0B,,"Status word = 0x4310"
376616,RX,0x181,4,0x30,0x30,0x00,0x00,0x01,,,,"Speed feedback = 0 rpm"
376629,TX,0x201,3,0x90,0x90,0x00,0x00,,,,,"Set torque = 0"
376655,TX,0x201,3,0x90,0x90,0x00,0x00,,,,,"Set torque = 0"
376681,TX,0x201,3,0x90,0x90,0x00,0x00,,,,,"Set torque = 0"
376707,TX,0x201,3,0x90,0x90,0x00,0x00,,,,,"Set torque = 0"
376713,RX,0x181,6,0x40,0x40,0x10,0x43,0x80,0x00,0x0B,,"Status word = 0x4310"
376720,RX,0x181,4,0x30,0x30,0x00,0x00,0x01,,,,"Speed feedback = 0 rpm"
376733,TX,0x201,3,0x90,0x90,0x00,0x00,,,,,"Set torque = 0"
376759,TX,0x201,3,0x90,0x90,0x00,0x00,,,,,"Set torque = 0"
376785,TX,0x201,3,0x90,0x90,0x00,0x00,,,,,"Set torque = 0"
376807,RX,0x181,6,0x40,0x40,0x10,0x43,0x80,0x00,0x0B,,"Status word = 0x4310"
376814,TX,0x201,3,0x90,0x90,0x00,0x00,,,,,"Set torque = 0"
376821,RX,0x181,4,0x30,0x30,0x00,0x00,0x01,,,,"Speed feedback = 0 rpm"
376841,TX,0x201,3,0x90,0x90,0x00,0x00,,,,,"Set torque = 0"
376867,TX,0x201,3,0x90,0x90,0x00,0x00,,,,,"Set torque = 0"
376956,RX,0x181,6,0x40,0x40,0x10,0x43,0x80,0x00,0x0B,,"Status word = 0x4310"
376963,RX,0x181,4,0x30,0x30,0x00,0x00,0x01,,,,"Speed feedback = 0 rpm"
376976,TX,0x201,3,0x90,0x90,0x00,0x00,,,,,"Set torque = 0"
377002,TX,0x201,3,0x90,0x90,0x00,0x00,,,,,"Set torque = 0"
377008,RX,0x181,6,0x40,0x40,0x10,0x43,0x80,0x00,0x0B,,"Status word = 0x4310"
377014,RX,0x181,4,0x30,0x30,0x00,0x00,0x01,,,,"Speed feedback = 0 rpm"
377028,TX,0x201,3,0x90,0x90,0x00,0x00,,,,,"Set torque = 0"
377054,TX,0x201,3,0x90,0x90,0x00,0x00,,,,,"Set torque = 0"
377080,TX,0x201,3,0x90,0x90,0x00,0x00,,,,,"Set torque = 0"
377107,TX,0x201,3,0x90,0x90,0x00,0x00,,,,,"Set torque = 0"
377113,RX,0x181,6,0x40,0x40,0x10,0x43,0x80,0x00,0x0B,,"Status word = 0x4310"
377120,RX,0x181,4,0x30,0x30,0x00,0x00,0x01,,,,"Speed feedback = 0 rpm"
377133,TX,0x201,3,0x90,0x90,0x00,0x00,,,,,"Set torque = 0"
377159,TX,0x201,3,0x90,0x90,0x00,0x00,,,,,"Set torque = 0"
377185,TX,0x201,3,0x90,0x90,0x00,0x00,,,,,"Set torque = 0"
377207,RX,0x181,6,0x40,0x40,0x10,0x43,0x80,0x00,0x0B,,"Status word = 0x4310"
377213,TX,0x201,3,0x90,0x90,0x00,0x00,,,,,"Set torque = 0"
377220,RX,0x181,4,0x30,0x30,0x00,0x00,0x01,,,,"Speed feedback = 0 rpm"
377240,TX,0x201,3,0x90,0x90,0x00,0x00,,,,,"Set torque = 0"
377266,TX,0x201,3,0x90,0x90,0x00,0x00,,,,,"Set torque = 0"
377292,TX,0x201,3,0x90,0x90,0x00,0x00,,,,,"Set torque = 0"
377306,RX,0x181,6,0x40,0x40,0x10,0x43,0x80,0x00,0x0B,,"Status word = 0x4310"
377313,RX,0x181,4,0x30,0x30,0x00,0x00,0x01,,,,"Speed feedback = 0 rpm"
377320,TX,0x201,3,0x90,0x90,0x00,0x00,,,,,"Set torque = 0"
377410,RX,0x181,6,0x40,0x40,0x10,0x43,0x80,0x00,0x0B,,"Status word = 0x4310"
377416,RX,0x181,4,0x30,0x30,0x00,0x00,0x01,,,,"Speed feedback = 0 rpm"
377430,TX,0x201,3,0x90,0x90,0x00,0x00,,,,,"Set torque = 0"
377457,TX,0x201,3,0x90,0x90,0x00,0x00,,,,,"Set torque = 0"
377483,TX,0x201,3,0x90,0x90,0x00,0x00,,,,,"Set torque = 0"
377506,RX,0x181,6,0x40,0x40,0x10,0x43,0x80,0x00,0x0B,,"Status word = 0x4310"
377513,TX,0x201,3,0x90,0x90,0x00,0x00,,,,,"Set torque = 0"
377520,RX,0x181,4,0x30,0x30,0x00,0x00,0x01,,,,"Speed feedback = 0 rpm"
377540,TX,0x201,3,0x90,0x90,0x00,0x00,,,,,"Set torque = 0"
377566,TX,0x201,3,0x90,0x90,0x00,0x00,,,,,"Set torque = 0"
377592,TX,0x201,3,0x90,0x90,0x00,0x00,,,,,"Set torque = 0"
377606,RX,0x181,6,0x40,0x40,0x10,0x43,0x80,0x00,0x0B,,"Status word = 0x4310"
377613,RX,0x181,4,0x30,0x30,0x00,0x00,0x01,,,,"Speed feedback = 0 rpm"
377620,TX,0x201,3,0x90,0x90,0x00,0x00,,,,,"Set torque = 0"
377647,TX,0x201,3,0x90,0x90,0x00,0x00,,,,,"Set torque = 0"
377673,TX,0x201,3,0x90,0x90,0x00,0x00,,,,,"Set torque = 0"
377699,TX,0x201,3,0x90,0x90,0x00,0x00,,,,,"Set torque = 0"
377706,RX,0x181,6,0x40,0x40,0x10,0x43,0x80,0x00,0x0B,,"Status word = 0x4310"
377713,RX,0x181,4,0x30,0x30,0x00,0x00,0x01,,,,"Speed feedback = 0 rpm"
377725,TX,0x201,3,0x90,0x90,0x00,0x00,,,,,"Set torque = 0"
377751,TX,0x201,3,0x90,0x90,0x00,0x00,,,,,"Set torque = 0"
377778,TX,0x201,3,0x90,0x90,0x00,0x00,,,,,"Set torque = 0"
377804,TX,0x201,3,0x90,0x90,0x00,0x00,,,,,"Set torque = 0"
377810,RX,0x181,6,0x40,0x40,0x10,0x43,0x80,0x00,0x0B,,"Status word = 0x4310"
377900,RX,0x181,4,0x30,0x30,0x00,0x00,0x01,,,,"Speed feedback = 0 rpm"
377907,RX,0x181,6,0x40,0x40,0x10,0x43,0x80,0x00,0x0B,,"Status word = 0x4310"
377913,RX,0x181,4,0x30,0x30,0x00,0x00,0x01,,,,"Speed feedback = 0 rpm"
377920,TX,0x201,3,0x90,0x90,0x00,0x00,,,,,"Set torque = 0"
377947,TX,0x201,3,0x90,0x90,0x00,0x00,,,,,"Set torque = 0"
377973,TX,0x201,3,0x90,0x90,0x00,0x00,,,,,"Set torque = 0"
378000,TX,0x201,3,0x90,0x90,0x00,0x00,,,,,"Set torque = 0"
378006,RX,0x181,6,0x40,0x40,0x10,0x43,0x80,0x00,0x0B,,"Status word = 0x4310"
378013,RX,0x181,4,0x30,0x30,0x00,0x00,0x01,,,,"Speed feedback = 0 rpm"
378026,TX,0x201,3,0x90,0x90,0x00,0x00,,,,,"Set torque = 0"
378052,TX,0x201,3,0x90,0x90,0x00,0x00,,,,,"Set torque = 0"
378078,TX,0x201,3,0x90,0x90,0x00,0x00,,,,,"Set torque = 0"
378104,TX,0x201,3,0x90,0x90,0x00,0x00,,,,,"Set torque = 0"
378110,RX,0x181,6,0x40,0x40,0x10,0x43,0x80,0x00,0x0B,,"Status word = 0x4310"
378117,RX,0x181,4,0x30,0x30,0x00,0x00,0x01,,,,"Speed feedback = 0 rpm"
378130,TX,0x201,3,0x90,0x90,0x00,0x00,,,,,"Set torque = 0"
378156,TX,0x201,3,0x90,0x90,0x00,0x00,,,,,"Set torque = 0"
378182,TX,0x201,3,0x90,0x90,0x00,0x00,,,,,"Set torque = 0"
378205,RX,0x181,6,0x40,0x40,0x10,0x43,0x80,0x00,0x0B,,"Status word = 0x4310"
378213,RX,0x181,4,0x30,0x30,0x00,0x00,0x01,,,,"Speed feedback = 0 rpm"
378220,TX,0x201,3,0x90,0x90,0x00,0x00,,,,,"Set torque = 0"
378247,TX,0x201,3,0x90,0x90,0x00,0x00,,,,,"Set torque = 0"
378273,TX,0x201,3,0x90,0x90,0x00,0x00,,,,,"Set torque = 0"
378362,RX,0x181,6,0x40,0x40,0x10,0x43,0x80,0x00,0x0B,,"Status word = 0x4310"
378369,RX,0x181,4,0x30,0x30,0x00,0x00,0x01,,,,"Speed feedback = 0 rpm"
378382,TX,0x201,3,0x90,0x90,0x00,0x00,,,,,"Set torque = 0"
378405,RX,0x181,6,0x40,0x40,0x10,0x43,0x80,0x00,0x0B,,"Status word = 0x4310"
378411,TX,0x201,3,0x90,0x90,0x00,0x00,,,,,"Set torque = 0"
378418,RX,0x181,4,0x30,0x30,0x00,0x00,0x01,,,,"Speed feedback = 0 rpm"
378438,TX,0x201,3,0x90,0x90,0x00,0x00,,,,,"Set torque = 0"
378464,TX,0x201,3,0x90,0x90,0x00,0x00,,,,,"Set torque = 0"
378490,TX,0x201,3,0x90,0x90,0x00,0x00,,,,,"Set torque = 0"
378505,RX,0x181,6,0x40,0x40,0x10,0x43,0x80,0x00,0x0B,,"Status word = 0x4310"
378512,RX,0x181,4,0x30,0x30,0x00,0x00,0x01,,,,"Speed feedback = 0 rpm"
378518,TX,0x201,3,0x90,0x90,0x00,0x00,,,,,"Set torque = 0"
378545,TX,0x201,3,0x90,0x90,0x00,0x00,,,,,"Set torque = 0"
378571,TX,0x201,3,0x90,0x90,0x00,0x00,,,,,"Set torque = 0"
378597,TX,0x201,3,0x90,0x90,0x00,0x00,,,,,"Set torque = 0"
378604,RX,0x181,6,0x40,0x40,0x10,0x43,0x80,0x00,0x0B,,"Status word = 0x4310"
378611,RX,0x181,4,0x30,0x30,0x00,0x00,0x01,,,,"Speed feedback = 0 rpm"
378623,TX,0x201,3,0x90,0x90,0x00,0x00,,,,,"Set torque = 0"
378650,TX,0x201,3,0x90,0x90,0x00,0x00,,,,,"Set torque = 0"
378676,TX,0x201,3,0x90,0x90,0x00,0x00,,,,,"Set torque = 0"
378702,TX,0x201,3,0x90,0x90,0x00,0x00,,,,,"Set torque = 0"
378708,RX,0x181,6,0x40,0x40,0x10,0x43,0x80,0x00,0x0B,,"Status word = 0x4310"
378715,RX,0x181,4,0x30,0x30,0x00,0x00,0x01,,,,"Speed feedback = 0 rpm"
378728,TX,0x201,3,0x90,0x90,0x00,0x00,,,,,"Set torque = 0"
378817,RX,0x181,6,0x40,0x40,0x10,0x43,0x80,0x00,0x0B,,"Status word = 0x4310"
378824,RX,0x181,4,0x30,0x30,0x00,0x00,0x01,,,,"Speed feedback = 0 rpm"
378837,TX,0x201,3,0x90,0x90,0x00,0x00,,,,,"Set torque = 0"
378864,TX,0x201,3,0x90,0x90,0x00,0x00,,,,,"Set torque = 0"
378890,TX,0x201,3,0x90,0x90,0x00,0x00,,,,,"Set torque = 0"
378904,RX,0x181,6,0x40,0x40,0x10,0x43,0x80,0x00,0x0B,,"Status word = 0x4310"
378911,RX,0x181,4,0x30,0x30,0x00,0x00,0x01,,,,"Speed feedback = 0 rpm"
378918,TX,0x201,3,0x90,0x90,0x00,0x00,,,,,"Set torque = 0"
378944,TX,0x201,3,0x90,0x90,0x00,0x00,,,,,"Set torque = 0"
378970,TX,0x201,3,0x90,0x90,0x00,0x00,,,,,"Set torque = 0"
378996,TX,0x201,3,0x90,0x90,0x00,0x00,,,,,"Set torque = 0"
379004,RX,0x181,6,0x40,0x40,0x10,0x43,0x80,0x00,0x0B,,"Status word = 0x4310"
379011,RX,0x181,4,0x30,0x30,0x00,0x00,0x01,,,,"Speed feedback = 0 rpm"
379022,TX,0x201,3,0x90,0x90,0x00,0x00,,,,,"Set torque = 0"
379048,TX,0x201,3,0x90,0x90,0x00,0x00,,,,,"Set torque = 0"
379074,TX,0x201,3,0x90,0x90,0x00,0x00,,,,,"Set torque = 0"
379100,TX,0x201,3,0x90,0x90,0x00,0x00,,,,,"Set torque = 0"
379106,RX,0x181,6,0x40,0x40,0x10,0x43,0x80,0x00,0x0B,,"Status word = 0x4310"
379113,RX,0x181,4,0x30,0x30,0x00,0x00,0x01,,,,"Speed feedback = 0 rpm"
379126,TX,0x201,3,0x90,0x90,0x00,0x00,,,,,"Set torque = 0"
379152,TX,0x201,3,0x90,0x90,0x00,0x00,,,,,"Set torque = 0"
379179,TX,0x201,3,0x90,0x90,0x00,0x00,,,,,"Set torque = 0"
379203,RX,0x181,6,0x40,0x40,0x10,0x43,0x80,0x00,0x0B,,"Status word = 0x4310"
379210,TX,0x201,3,0x90,0x90,0x00,0x00,,,,,"Set torque = 0"
379301,RX,0x181,4,0x30,0x30,0x00,0x00,0x01,,,,"Speed feedback = 0 rpm"
379308,RX,0x181,6,0x40,0x40,0x10,0x43,0x80,0x00,0x0B,,"Status word = 0x4310"
379315,RX,0x181,4,0x30,0x30,0x00,0x00,0x01,,,,"Speed feedback = 0 rpm"
379322,TX,0x201,3,0x90,0x90,0x00,0x00,,,,,"Set torque = 0"
379348,TX,0x201,3,0x90,0x90,0x00,0x00,,,,,"Set torque = 0"
379374,TX,0x201,3,0x90,0x90,0x00,0x00,,,,,"Set torque = 0"
379401,TX,0x201,3,0x90,0x90,0x00,0x00,,,,,"Set torque = 0"
379407,RX,0x181,6,0x40,0x40,0x10,0x43,0x80,0x00,0x0B,,"Status word = 0x4310"
379414,RX,0x181,4,0x30,0x30,0x00,0x00,0x01,,,,"Speed feedback = 0 rpm"
379427,TX,0x201,3,0x90,0x90,0x00,0x00,,,,,"Set torque = 0"
379456,TX,0x201,3,0x90,0x90,0x00,0x00,,,,,"Set torque = 0"
379482,TX,0x201,3,0x90,0x90,0x00,0x00,,,,,"Set torque = 0"
379503,RX,0x181,6,0x40,0x40,0x10,0x43,0x80,0x00,0x0B,,"Status word = 0x4310"
379510,TX,0x201,3,0x90,0x90,0x00,0x00,,,,,"Set torque = 0"
379517,RX,0x181,4,0x30,0x30,0x00,0x00,0x01,,,,"Speed feedback = 0 rpm"
379537,TX,0x201,3,0x90,0x90,0x00,0x00,,,,,"Set torque = 0"
379563,TX,0x201,3,0x90,0x90,0x00,0x00,,,,,"Set torque = 0"
379589,TX,0x201,3,0x90,0x90,0x00,0x00,,,,,"Set torque = 0"
379603,RX,0x181,6,0x40,0x40,0x10,0x43,0x80,0x00,0x0B,,"Status word = 0x4310"
379610,RX,0x181,4,0x30,0x30,0x00,0x00,0x01,,,,"Speed feedback = 0 rpm"
379617,TX,0x201,3,0x90,0x90,0x00,0x00,,,,,"Set torque = 0"
379643,TX,0x201,3,0x90,0x90,0x00,0x00,,,,,"Set torque = 0"
379669,TX,0x201,3,0x90,0x90,0x00,0x00,,,,,"Set torque = 0"
379771,RX,0x181,6,0x40,0x40,0x10,0x43,0x80,0x00,0x0B,,"Status word = 0x4310"
379777,RX,0x181,4,0x30,0x30,0x00,0x00,0x01,,,,"Speed feedback = 0 rpm"
379791,TX,0x201,3,0x90,0x90,0x00,0x00,,,,,"Set torque = 0"
379803,RX,0x181,6,0x40,0x40,0x10,0x43,0x80,0x00,0x0B,,"Status word = 0x4310"
379809,RX,0x181,4,0x30,0x30,0x00,0x00,0x01,,,,"Speed feedback = 0 rpm"
379817,TX,0x201,3,0x90,0x90,0x00,0x00,,,,,"Set torque = 0"
379843,TX,0x201,3,0x90,0x90,0x00,0x00,,,,,"Set torque = 0"
379869,TX,0x201,3,0x90,0x90,0x00,0x00,,,,,"Set torque = 0"
379895,TX,0x201,3,0x90,0x90,0x00,0x00,,,,,"Set torque = 0"
379902,RX,0x181,6,0x40,0x40,0x10,0x43,0x80,0x00,0x0B,,"Status word = 0x4310"
379909,RX,0x181,4,0x30,0x30,0x00,0x00,0x01,,,,"Speed feedback = 0 rpm"
379922,TX,0x201,3,0x90,0x90,0x00,0x00,,,,,"Set torque = 0"
379948,TX,0x201,3,0x90,0x90,0x00,0x00,,,,,"Set torque = 0"
379974,TX,0x201,3,0x90,0x90,0x00,0x00,,,,,"Set torque = 0"
380000,TX,0x201,3,0x90,0x90,0x00,0x00,,,,,"Set torque = 0"
380006,RX,0x181,6,0x40,0x40,0x10,0x43,0x80,0x00,0x0B,,"Status word = 0x4310"
380013,RX,0x181,4,0x30,0x30,0x00,0x00,0x01,,,,"Speed feedback = 0 rpm"
380026,TX,0x201,3,0x90,0x90,0x00,0x00,,,,,"Set torque = 0"
380053,TX,0x201,3,0x90,0x90,0x00,0x00,,,,,"Set torque = 0"
380079,TX,0x201,3,0x90,0x90,0x00,0x00,,,,,"Set torque = 0"
380102,RX,0x181,6,0x40,0x40,0x10,0x43,0x80,0x00,0x0B,,"Status word = 0x4310"
380109,TX,0x201,3,0x90,0x90,0x00,0x00,,,,,"Set torque = 0"
380116,RX,0x181,4,0x30,0x30,0x00,0x00,0x01,,,,"Speed feedback = 0 rpm"
380136,TX,0x201,3,0x90,0x90,0x00,0x00,,,,,"Set torque = 0"
380236,RX,0x181,6,0x40,0x40,0x10,0x43,0x80,0x00,0x0B,,"Status word = 0x4310"
380243,RX,0x181,4,0x30,0x30,0x00,0x00,0x01,,,,"Speed feedback = 0 rpm"
380256,TX,0x201,3,0x90,0x90,0x00,0x00,,,,,"Set torque = 0"
380283,TX,0x201,3,0x90,0x90,0x00,0x00,,,,,"Set torque = 0"
380302,RX,0x181,6,0x40,0x40,0x10,0x43,0x80,0x00,0x0B,,"Status word = 0x4310"
380309,TX,0x201,3,0x90,0x90,0x00,0x00,,,,,"Set torque = 0"
380315,RX,0x181,4,0x30,0x30,0x00,0x00,0x01,,,,"Speed feedback = 0 rpm"
380335,TX,0x201,3,0x90,0x90,0x00,0x00,,,,,"Set torque = 0"
380361,TX,0x201,3,0x90,0x90,0x00,0x00,,,,,"Set torque = 0"
380387,TX,0x201,3,0x90,0x90,0x00,0x00,,,,,"Set torque = 0"
380402,RX,0x181,6,0x40,0x40,0x10,0x43,0x80,0x00,0x0B,,"Status word = 0x4310"
380409,RX,0x181,4,0x30,0x30,0x00,0x00,0x01,,,,"Speed feedback = 0 rpm"
380416,TX,0x201,3,0x90,0x90,0x00,0x00,,,,,"Set torque = 0"
380442,TX,0x201,3,0x90,0x90,0x00,0x00,,,,,"Set torque = 0"
380468,TX,0x201,3,0x90,0x90,0x00,0x00,,,,,"Set torque = 0"
380494,TX,0x201,3,0x90,0x90,0x00,0x00,,,,,"Set torque = 0"
380501,RX,0x181,6,0x40,0x40,0x10,0x43,0x80,0x00,0x0B,,"Status word = 0x4310"
380508,RX,0x181,4,0x30,0x30,0x00,0x00,0x01,,,,"Speed feedback = 0 rpm"
380520,TX,0x201,3,0x90,0x90,0x00,0x00,,,,,"Set torque = 0"
380546,TX,0x201,3,0x90,0x90,0x00,0x00,,,,,"Set torque = 0"
380572,TX,0x201,3,0x90,0x90,0x00,0x00,,,,,"Set torque = 0"
380599,TX,0x201,3,0x90,0x90,0x00,0x00,,,,,"Set torque = 0"
380605,RX,0x181,6,0x40,0x40,0x10,0x43,0x80,0x00,0x0B,,"Status word = 0x4310"
380612,RX,0x181,4,0x30,0x30,0x00,0x00,0x01,,,,"Speed feedback = 0 rpm"
380752,RX,0x181,4,0x30,0x30,0x00,0x00,0x01,,,,"Speed feedback = 0 rpm"
380758,RX,0x181,6,0x40,0x40,0x10,0x43,0x80,0x00,0x0B,,"Status word = 0x4310"
380765,TX,0x201,3,0x90,0x90,0x00,0x00,,,,,"Set torque = 0"
380792,TX,0x201,3,0x90,0x90,0x00,0x00,,,,,"Set torque = 0"
380801,RX,0x181,6,0x40,0x40,0x10,0x43,0x80,0x00,0x0B,,"Status word = 0x4310"
380808,RX,0x181,4,0x30,0x30,0x00,0x00,0x01,,,,"Speed feedback = 0 rpm"
380818,TX,0x201,3,0x90,0x90,0x00,0x00,,,,,"Set torque = 0"
380844,TX,0x201,3,0x90,0x90,0x00,0x00,,,,,"Set torque = 0"
380870,TX,0x201,3,0x90,0x90,0x00,0x00,,,,,"Set torque = 0"
380896,TX,0x201,3,0x90,0x90,0x00,0x00,,,,,"Set torque = 0"
380902,RX,0x181,6,0x40,0x40,0x10,0x43,0x80,0x00,0x0B,,"Status word = 0x4310"
380909,RX,0x181,4,0x30,0x30,0x00,0x00,0x01,,,,"Speed feedback = 0 rpm"
380922,TX,0x201,3,0x90,0x90,0x00,0x00,,,,,"Set torque = 0"
380948,TX,0x201,3,0x90,0x90,0x00,0x00,,,,,"Set torque = 0"
380974,TX,0x201,3,0x90,0x90,0x00,0x00,,,,,"Set torque = 0"
381001,TX,0x201,3,0x90,0x90,0x00,0x00,,,,,"Set torque = 0"
381007,RX,0x181,6,0x40,0x40,0x10,0x43,0x80,0x00,0x0B,,"Status word = 0x4310"
381014,RX,0x181,4,0x30,0x30,0x00,0x00,0x01,,,,"Speed feedback = 0 rpm"
381027,TX,0x201,3,0x90,0x90,0x00,0x00,,,,,"Set torque = 0"
381053,TX,0x201,3,0x90,0x90,0x00,0x00,,,,,"Set torque = 0"
381079,TX,0x201,3,0x90,0x90,0x00,0x00,,,,,"Set torque = 0"
381100,RX,0x181,6,0x40,0x40,0x10,0x43,0x80,0x00,0x0B,,"Status word = 0x4310"
381107,TX,0x201,3,0x90,0x90,0x00,0x00,,,,,"Set torque = 0"
381114,RX,0x181,4,0x30,0x30,0x00,0x00,0x01,,,,"Speed feedback = 0 rpm"
381172,TX,0x201,3,0x90,0x90,0x00,0x00,,,,,"Set torque = 0"
381199,TX,0x201,3,0x90,0x90,0x00,0x00,,,,,"Set torque = 0"
381205,RX,0x181,6,0x40,0x40,0x10,0x43,0x80,0x00,0x0B,,"Status word = 0x4310"
381212,RX,0x181,4,0x30,0x30,0x00,0x00,0x01,,,,"Speed feedback = 0 rpm"
381225,TX,0x201,3,0x90,0x90,0x00,0x00,,,,,"Set torque = 0"
381251,TX,0x201,3,0x90,0x90,0x00,0x00,,,,,"Set torque = 0"
381277,TX,0x201,3,0x90,0x90,0x00,0x00,,,,,"Set torque = 0"
381300,RX,0x181,6,0x40,0x40,0x10,0x43,0x80,0x00,0x0B,,"Status word = 0x4310"
381307,TX,0x201,3,0x90,0x90,0x00,0x00,,,,,"Set torque = 0"
381314,RX,0x181,4,0x30,0x30,0x00,0x00,0x01,,,,"Speed feedback = 0 rpm"
381334,TX,0x201,3,0x90,0x90,0x00,0x00,,,,,"Set torque = 0"
381360,TX,0x201,3,0x90,0x90,0x00,0x00,,,,,"Set torque = 0"
381386,TX,0x201,3,0x90,0x90,0x00,0x00,,,,,"Set torque = 0"
381400,RX,0x181,6,0x40,0x40,0x10,0x43,0x80,0x00,0x0B,,"Status word = 0x4310"
381407,RX,0x181,4,0x30,0x30,0x00,0x00,0x01,,,,"Speed feedback = 0 rpm"
381414,TX,0x201,3,0x90,0x90,0x00,0x00,,,,,"Set torque = 0"
381441,TX,0x201,3,0x90,0x90,0x00,0x00,,,,,"Set torque = 0"
381467,TX,0x201,3,0x90,0x90,0x00,0x00,,,,,"Set torque = 0"
381494,TX,0x201,3,0x90,0x90,0x00,0x00,,,,,"Set torque = 0"
381500,RX,0x181,6,0x40,0x40,0x10,0x43,0x80,0x00,0x0B,,"Status word = 0x4310"
381507,RX,0x181,4,0x30,0x30,0x00,0x00,0x01,,,,"Speed feedback = 0 rpm"
381520,TX,0x201,3,0x90,0x90,0x00,0x00,,,,,"Set torque = 0"
381546,TX,0x201,3,0x90,0x90,0x00,0x00,,,,,"Set torque = 0"
381572,TX,0x201,3,0x90,0x90,0x00,0x00,,,,,"Set torque = 0"
381659,RX,0x181,6,0x40,0x40,0x10,0x43,0x80,0x00,0x0B,,"Status word = 0x4310"
381666,RX,0x181,4,0x30,0x30,0x00,0x00,0x01,,,,"Speed feedback = 0 rpm"
381679,TX,0x201,3,0x90,0x90,0x00,0x00,,,,,"Set torque = 0"
381700,RX,0x181,6,0x40,0x40,0x10,0x43,0x80,0x00,0x0B,,"Status word = 0x4310"
381706,TX,0x201,3,0x90,0x90,0x00,0x00,,,,,"Set torque = 0"
381713,RX,0x181,4,0x30,0x30,0x00,0x00,0x01,,,,"Speed feedback = 0 rpm"
381733,TX,0x201,3,0x90,0x90,0x00,0x00,,,,,"Set torque = 0"
381759,TX,0x201,3,0x90,0x90,0x00,0x00,,,,,"Set torque = 0"
381785,TX,0x201,3,0x90,0x90,0x00,0x00,,,,,"Set torque = 0"
381799,RX,0x181,6,0x40,0x40,0x10,0x43,0x80,0x00,0x0B,,"Status word = 0x4310"
381806,RX,0x181,4,0x30,0x30,0x00,0x00,0x01,,,,"Speed feedback = 0 rpm"
381813,TX,0x201,3,0x90,0x90,0x00,0x00,,,,,"Set torque = 0"
381840,TX,0x201,3,0x90,0x90,0x00,0x00,,,,,"Set torque = 0"
381866,TX,0x201,3,0x90,0x90,0x00,0x00,,,,,"Set torque = 0"
381892,TX,0x201,3,0x90,0x90,0x00,0x00,,,,,"Set torque = 0"
381899,RX,0x181,6,0x40,0x40,0x10,0x43,0x80,0x00,0x0B,,"Status word = 0x4310"
381906,RX,0x181,4,0x30,0x30,0x00,0x00,0x01,,,,"Speed feedback = 0 rpm"
381918,TX,0x201,3,0x90,0x90,0x00,0x00,,,,,"Set torque = 0"
381944,TX,0x201,3,0x90,0x90,0x00,0x00,,,,,"Set torque = 0"
381970,TX,0x201,3,0x90,0x90,0x00,0x00,,,,,"Set torque = 0"
381996,TX,0x201,3,0x90,0x90,0x00,0x00,,,,,"Set torque = 0"
382003,RX,0x181,6,0x40,0x40,0x10,0x43,0x80,0x00,0x0B,,"Status word = 0x4310"
382009,RX,0x181,4,0x30,0x30,0x00,0x00,0x01,,,,"Speed feedback = 0 rpm"
382023,TX,0x201,3,0x90,0x90,0x00,0x00,,,,,"Set torque = 0"
382112,RX,0x181,6,0x40,0x40,0x10,0x43,0x80,0x00,0x0B,,"Status word = 0x4310"
382119,RX,0x181,4,0x30,0x30,0x00,0x00,0x01,,,,"Speed feedback = 0 rpm"
382132,TX,0x201,3,0x90,0x90,0x00,0x00,,,,,"Set torque = 0"
382158,TX,0x201,3,0x90,0x90,0x00,0x00,,,,,"Set torque = 0"
382184,TX,0x201,3,0x90,0x90,0x00,0x00,,,,,"Set torque = 0"
382199,RX,0x181,6,0x40,0x40,0x10,0x43,0x80,0x00,0x0B,,"Status word = 0x4310"
382206,RX,0x181,4,0x30,0x30,0x00,0x00,0x01,,,,"Speed feedback = 0 rpm"
382213,TX,0x201,3,0x90,0x90,0x00,0x00,,,,,"Set torque = 0"
382239,TX,0x201,3,0x90,0x90,0x00,0x00,,,,,"Set torque = 0"
382265,TX,0x201,3,0x90,0x90,0x00,0x00,,,,,"Set torque = 0"
382291,TX,0x201,3,0x90,0x90,0x00,0x00,,,,,"Set torque = 0"
382299,RX,0x181,6,0x40,0x40,0x10,0x43,0x80,0x00,0x0B,,"Status word = 0x4310"
382306,RX,0x181,4,0x30,0x30,0x00,0x00,0x01,,,,"Speed feedback = 0 rpm"
382317,TX,0x201,3,0x90,0x90,0x00,0x00,,,,,"Set torque = 0"
382343,TX,0x201,3,0x90,0x90,0x00,0x00,,,,,"Set torque = 0"
382370,TX,0x201,3,0x90,0x90,0x00,0x00,,,,,"Set torque = 0"
382396,TX,0x201,3,0x90,0x90,0x00,0x00,,,,,"Set torque = 0"
382402,RX,0x181,6,0x40,0x40,0x10,0x43,0x80,0x00,0x0B,,"Status word = 0x4310"
382409,RX,0x181,4,0x30,0x30,0x00,0x00,0x01,,,,"Speed feedback = 0 rpm"
382422,TX,0x201,3,0x90,0x90,0x00,0x00,,,,,"Set torque = 0"
382448,TX,0x201,3,0x90,0x90,0x00,0x00,,,,,"Set torque = 0"
382474,TX,0x201,3,0x90,0x90,0x00,0x00,,,,,"Set torque = 0"
382498,RX,0x181,6,0x40,0x40,0x10,0x43,0x80,0x00,0x0B,,"Status word = 0x4310"
382505,TX,0x201,3,0x90,0x90,0x00,0x00,,,,,"Set torque = 0"
382587,RX,0x181,4,0x30,0x30,0x00,0x00,0x01,,,,"Speed feedback = 0 rpm"
382598,RX,0x181,6,0x40,0x40,0x10,0x43,0x80,0x00,0x0B,,"Status word = 0x4310"
382605,RX,0x181,4,0x30,0x30,0x00,0x00,0x01,,,,"Speed feedback = 0 rpm"
382612,TX,0x201,3,0x90,0x90,0x00,0x00,,,,,"Set torque = 0"
382639,TX,0x201,3,0x90,0x90,0x00,0x00,,,,,"Set torque = 0"
382665,TX,0x201,3,0x90,0x90,0x00,0x00,,,,,"Set torque = 0"
382691,TX,0x201,3,0x90,0x90,0x00,0x00,,,,,"Set torque = 0"
382698,RX,0x181,6,0x40,0x40,0x10,0x43,0x80,0x00,0x0B,,"Status word = 0x4310"
382705,RX,0x181,4,0x30,0x30,0x00,0x00,0x01,,,,"Speed feedback = 0 rpm"
382717,TX,0x201,3,0x90,0x90,0x00,0x00,,,,,"Set torque = 0"
382743,TX,0x201,3,0x90,0x90,0x00,0x00,,,,,"Set torque = 0"
382769,TX,0x201,3,0x90,0x90,0x00,0x00,,,,,"Set torque = 0"
382795,TX,0x201,3,0x90,0x90,0x00,0x00,,,,,"Set torque = 0"
382801,RX,0x181,6,0x40,0x40,0x10,0x43,0x80,0x00,0x0B,,"Status word = 0x4310"
382808,RX,0x181,4,0x30,0x30,0x00,0x00,0x01,,,,"Speed feedback = 0 rpm"
382821,TX,0x201,3,0x90,0x90,0x00,0x00,,,,,"Set torque = 0"
382847,TX,0x201,3,0x90,0x90,0x00,0x00,,,,,"Set torque = 0"
382873,TX,0x201,3,0x90,0x90,0x00,0x00,,,,,"Set torque = 0"
382898,RX,0x181,6,0x40,0x40,0x10,0x43,0x80,0x00,0x0B,,"Status word = 0x4310"
382904,TX,0x201,3,0x90,0x90,0x00,0x00,,,,,"Set torque = 0"
382911,RX,0x181,4,0x30,0x30,0x00,0x00,0x01,,,,"Speed feedback = 0 rpm"
382931,TX,0x201,3,0x90,0x90,0x00,0x00,,,,,"Set torque = 0"
382957,TX,0x201,3,0x90,0x90,0x00,0x00,,,,,"Set torque = 0"
382983,TX,0x201,3,0x90,0x90,0x00,0x00,,,,,"Set torque = 0"
383065,RX,0x181,6,0x40,0x40,0x10,0x43,0x80,0x00,0x0B,,"Status word = 0x4310"
383072,RX,0x181,4,0x30,0x30,0x00,0x00,0x01,,,,"Speed feedback = 0 rpm"
383085,TX,0x201,3,0x90,0x90,0x00,0x00,,,,,"Set torque = 0"
383097,RX,0x181,6,0x40,0x40,0x10,0x43,0x80,0x00,0x0B,,"Status word = 0x4310"
383104,RX,0x181,4,0x30,0x30,0x00,0x00,0x01,,,,"Speed feedback = 0 rpm"
383112,TX,0x201,3,0x90,0x90,0x00,0x00,,,,,"Set torque = 0"
383139,TX,0x201,3,0x90,0x90,0x00,0x00,,,,,"Set torque = 0"
383165,TX,0x201,3,0x90,0x90,0x00,0x00,,,,,"Set torque = 0"
383191,TX,0x201,3,0x90,0x90,0x00,0x00,,,,,"Set torque = 0"
383197,RX,0x181,6,0x40,0x40,0x10,0x43,0x80,0x00,0x0B,,"Status word = 0x4310"
383204,RX,0x181,4,0x30,0x30,0x00,0x00,0x01,,,,"Speed feedback = 0 rpm"
383217,TX,0x201,3,0x90,0x90,0x00,0x00,,,,,"Set torque = 0"
383244,TX,0x201,3,0x90,0x90,0x00,0x00,,,,,"Set torque = 0"
383270,TX,0x201,3,0x90,0x90,0x00,0x00,,,,,"Set torque = 0"
383296,TX,0x201,3,0x90,0x90,0x00,0x00,,,,,"Set torque = 0"
383302,RX,0x181,6,0x40,0x40,0x10,0x43,0x80,0x00,0x0B,,"Status word = 0x4310"
383309,RX,0x181,4,0x30,0x30,0x00,0x00,0x01,,,,"Speed feedback = 0 rpm"
383322,TX,0x201,3,0x90,0x90,0x00,0x00,,,,,"Set torque = 0"
383348,TX,0x201,3,0x90,0x90,0x00,0x00,,,,,"Set torque = 0"
383374,TX,0x201,3,0x90,0x90,0x00,0x00,,,,,"Set torque = 0"
383397,RX,0x181,6,0x40,0x40,0x10,0x43,0x80,0x00,0x0B,,"Status word = 0x4310"
383404,RX,0x181,4,0x30,0x30,0x00,0x00,0x01,,,,"Speed feedback = 0 rpm"
383411,TX,0x201,3,0x90,0x90,0x00,0x00,,,,,"Set torque = 0"
383437,TX,0x201,3,0x90,0x90,0x00,0x00,,,,,"Set torque = 0"
383522,RX,0x181,6,0x40,0x40,0x10,0x43,0x80,0x00,0x0B,,"Status word = 0x4310"
383529,RX,0x181,4,0x30,0x30,0x00,0x00,0x01,,,,"Speed feedback = 0 rpm"
383542,TX,0x201,3,0x90,0x90,0x00,0x00,,,,,"Set torque = 0"
383568,TX,0x201,3,0x90,0x90,0x00,0x00,,,,,"Set torque = 0"
383594,TX,0x201,3,0x90,0x90,0x00,0x00,,,,,"Set torque = 0"
383600,RX,0x181,6,0x40,0x40,0x10,0x43,0x80,0x00,0x0B,,"Status word = 0x4310"
383607,RX,0x181,4,0x30,0x30,0x00,0x00,0x01,,,,"Speed feedback = 0 rpm"
383620,TX,0x201,3,0x90,0x90,0x00,0x00,,,,,"Set torque = 0"
383646,TX,0x201,3,0x90,0x90,0x00,0x00,,,,,"Set torque = 0"
383672,TX,0x201,3,0x90,0x90,0x00,0x00,,,,,"Set torque = 0"
383696,RX,0x181,6,0x40,0x40,0x10,0x43,0x80,0x00,0x0B,,"Status word = 0x4310"
383703,TX,0x201,3,0x90,0x90,0x00,0x00,,,,,"Set torque = 0"
383710,RX,0x181,4,0x30,0x30,0x00,0x00,0x01,,,,"Speed feedback = 0 rpm"
383730,TX,0x201,3,0x90,0x90,0x00,0x00,,,,,"Set torque = 0"
383756,TX,0x201,3,0x90,0x90,0x00,0x00,,,,,"Set torque = 0"
383783,TX,0x201,3,0x90,0x90,0x00,0x00,,,,,"Set torque = 0"
383796,RX,0x181,6,0x40,0x40,0x10,0x43,0x80,0x00,0x0B,,"Status word = 0x4310"
383803,RX,0x181,4,0x30,0x30,0x00,0x00,0x01,,,,"Speed feedback = 0 rpm"
383810,TX,0x201,3,0x90,0x90,0x00,0x00,,,,,"Set torque = 0"
383837,TX,0x201,3,0x90,0x90,0x00,0x00,,,,,"Set torque = 0"
383863,TX,0x201,3,0x90,0x90,0x00,0x00,,,,,"Set torque = 0"
383889,TX,0x201,3,0x90,0x90,0x00,0x00,,,,,"Set torque = 0"
383896,RX,0x181,6,0x40,0x40,0x10,0x43,0x80,0x00,0x0B,,"Status word = 0x4310"
383903,RX,0x181,4,0x30,0x30,0x00,0x00,0x01,,,,"Speed feedback = 0 rpm"
383988,TX,0x201,3,0x90,0x90,0x00,0x00,,,,,"Set torque = 0"
383996,RX,0x181,6,0x40,0x40,0x10,0x43,0x80,0x00,0x0B,,"Status word = 0x4310"
384003,RX,0x181,4,0x30,0x30,0x00,0x00,0x01,,,,"Speed feedback = 0 rpm"
384015,TX,0x201,3,0x90,0x90,0x00,0x00,,,,,"Set torque = 0"
384041,TX,0x201,3,0x90,0x90,0x00,0x00,,,,,"Set torque = 0"
384067,TX,0x201,3,0x90,0x90,0x00,0x00,,,,,"Set torque = 0"
384093,TX,0x201,3,0x90,0x90,0x00,0x00,,,,,"Set torque = 0"
384099,RX,0x181,6,0x40,0x40,0x10,0x43,0x80,0x00,0x0B,,"Status word = 0x4310"
384106,RX,0x181,4,0x30,0x30,0x00,0x00,0x01,,,,"Speed feedback = 0 rpm"
384119,TX,0x201,3,0x90,0x90,0x00,0x00,,,,,"Set torque = 0"
384145,TX,0x201,3,0x90,0x90,0x00,0x00,,,,,"Set torque = 0"
384171,TX,0x201,3,0x90,0x90,0x00,0x00,,,,,"Set torque = 0"
384196,RX,0x181,6,0x40,0x40,0x10,0x43,0x80,0x00,0x0B,,"Status word = 0x4310"
384202,TX,0x201,3,0x90,0x90,0x00,0x00,,,,,"Set torque = 0"
384209,RX,0x181,4,0x30,0x30,0x00,0x00,0x01,,,,"Speed feedback = 0 rpm"
384229,TX,0x201,3,0x90,0x90,0x00,0x00,,,,,"Set torque = 0"
384255,TX,0x201,3,0x90,0x90,0x00,0x00,,,,,"Set torque = 0"
384281,TX,0x201,3,0x90,0x90,0x00,0x00,,,,,"Set torque = 0"
384295,RX,0x181,6,0x40,0x40,0x10,0x43,0x80,0x00,0x0B,,"Status word = 0x4310"
384305,RX,0x181,4,0x30,0x30,0x00,0x00,0x01,,,,"Speed feedback = 0 rpm"
384312,TX,0x201,3,0x90,0x90,0x00,0x00,,,,,"Set torque = 0"
384339,TX,0x201,3,0x90,0x90,0x00,0x00,,,,,"Set torque = 0"
384365,TX,0x201,3,0x90,0x90,0x00,0x00,,,,,"Set torque = 0"
384450,RX,0x181,6,0x40,0x40,0x10,0x43,0x80,0x00,0x0B,,"Status word = 0x4310"
384457,RX,0x181,4,0x30,0x30,0x00,0x00,0x01,,,,"Speed feedback = 0 rpm"
384470,TX,0x201,3,0x90,0x90,0x00,0x00,,,,,"Set torque = 0"
384495,RX,0x181,6,0x40,0x40,0x10,0x43,0x80,0x00,0x0B,,"Status word = 0x4310"
384502,TX,0x201,3,0x90,0x90,0x00,0x00,,,,,"Set torque = 0"
384509,RX,0x181,4,0x30,0x30,0x00,0x00,0x01,,,,"Speed feedback = 0 rpm"
384529,TX,0x201,3,0x90,0x90,0x00,0x00,,,,,"Set torque = 0"
384555,TX,0x201,3,0x90,0x90,0x00,0x00,,,,,"Set torque = 0"
384581,TX,0x201,3,0x90,0x90,0x00,0x00,,,,,"Set torque = 0"
384595,RX,0x181,6,0x40,0x40,0x10,0x43,0x80,0x00,0x0B,,"Status word = 0x4310"
384602,RX,0x181,4,0x30,0x30,0x00,0x00,0x01,,,,"Speed feedback = 0 rpm"
384609,TX,0x201,3,0x90,0x90,0x00,0x00,,,,,"Set torque = 0"
384636,TX,0x201,3,0x90,0x90,0x00,0x00,,,,,"Set torque = 0"
384662,TX,0x201,3,0x90,0x90,0x00,0x00,,,,,"Set torque = 0"
384688,TX,0x201,3,0x90,0x90,0x00,0x00,,,,,"Set torque = 0"
384695,RX,0x181,6,0x40,0x40,0x10,0x43,0x80,0x00,0x0B,,"Status word = 0x4310"
384702,RX,0x181,4,0x30,0x30,0x00,0x00,0x01,,,,"Speed feedback = 0 rpm"
384714,TX,0x201,3,0x90,0x90,0x00,0x00,,,,,"Set torque = 0"
384740,TX,0x201,3,0x90,0x90,0x00,0x00,,,,,"Set torque = 0"
384766,TX,0x201,3,0x90,0x90,0x00,0x00,,,,,"Set torque = 0"
384792,TX,0x201,3,0x90,0x90,0x00,0x00,,,,,"Set torque = 0"
384799,RX,0x181,6,0x40,0x40,0x10,0x43,0x80,0x00,0x0B,,"Status word = 0x4310"
384805,RX,0x181,4,0x30,0x30,0x00,0x00,0x01,,,,"Speed feedback = 0 rpm"
384819,TX,0x201,3,0x90,0x90,0x00,0x00,,,,,"Set torque = 0"
384903,RX,0x181,6,0x40,0x40,0x10,0x43,0x80,0x00,0x0B,,"Status word = 0x4310"
384909,RX,0x181,4,0x30,0x30,0x00,0x00,0x01,,,,"Speed feedback = 0 rpm"
384923,TX,0x201,3,0x90,0x90,0x00,0x00,,,,,"Set torque = 0"
384949,TX,0x201,3,0x90,0x90,0x00,0x00,,,,,"Set torque = 0"
384975,TX,0x201,3,0x90,0x90,0x00,0x00,,,,,"Set torque = 0"
384994,RX,0x181,6,0x40,0x40,0x10,0x43,0x80,0x00,0x0B,,"Status word = 0x4310"
385001,RX,0x181,4,0x30,0x30,0x00,0x00,0x01,,,,"Speed feedback = 0 rpm"
385008,TX,0x201,3,0x90,0x90,0x00,0x00,,,,,"Set torque = 0"
385035,TX,0x201,3,0x90,0x90,0x00,0x00,,,,,"Set torque = 0"
385061,TX,0x201,3,0x90,0x90,0x00,0x00,,,,,"Set torque = 0"
385087,TX,0x201,3,0x90,0x90,0x00,0x00,,,,,"Set torque = 0"
385094,RX,0x181,6,0x40,0x40,0x10,0x43,0x80,0x00,0x0B,,"Status word = 0x4310"
385101,RX,0x181,4,0x30,0x30,0x00,0x00,0x01,,,,"Speed feedback = 0 rpm"
385113,TX,0x201,3,0x90,0x90,0x00,0x00,,,,,"Set torque = 0"
385139,TX,0x201,3,0x90,0x90,0x00,0x00,,,,,"Set torque = 0"
385166,TX,0x201,3,0x90,0x90,0x00,0x00,,,,,"Set torque = 0"
385192,TX,0x201,3,0x90,0x90,0x00,0x00,,,,,"Set torque = 0"
385198,RX,0x181,6,0x40,0x40,0x10,0x43,0x80,0x00,0x0B,,"Status word = 0x4310"
385205,RX,0x181,4,0x30,0x30,0x00,0x00,0x01,,,,"Speed feedback = 0 rpm"
385218,TX,0x201,3,0x90,0x90,0x00,0x00,,,,,"Set torque = 0"
385244,TX,0x201,3,0x90,0x90,0x00,0x00,,,,,"Set torque = 0"
385270,TX,0x201,3,0x90,0x90,0x00,0x00,,,,,"Set torque = 0"
385294,RX,0x181,6,0x40,0x40,0x10,0x43,0x80,0x00,0x0B,,"Status word = 0x4310"
385301,TX,0x201,3,0x90,0x90,0x00,0x00,,,,,"Set torque = 0"
385380,RX,0x181,4,0x30,0x30,0x00,0x00,0x01,,,,"Speed feedback = 0 rpm"
385394,RX,0x181,6,0x40,0x40,0x10,0x43,0x80,0x00,0x0B,,"Status word = 0x4310"
385400,TX,0x201,3,0x90,0x90,0x00,0x00,,,,,"Set torque = 0"
385407,RX,0x181,4,0x30,0x30,0x00,0x00,0x01,,,,"Speed feedback = 0 rpm"
385427,TX,0x201,3,0x90,0x90,0x00,0x00,,,,,"Set torque = 0"
385453,TX,0x201,3,0x90,0x90,0x00,0x00,,,,,"Set torque = 0"
385479,TX,0x201,3,0x90,0x90,0x00,0x00,,,,,"Set torque = 0"
385493,RX,0x181,6,0x40,0x40,0x10,0x43,0x80,0x00,0x0B,,"Status word = 0x4310"
385500,RX,0x181,4,0x30,0x30,0x00,0x00,0x01,,,,"Speed feedback = 0 rpm"
385508,TX,0x201,3,0x90,0x90,0x00,0x00,,,,,"Set torque = 0"
385534,TX,0x201,3,0x90,0x90,0x00,0x00,,,,,"Set torque = 0"
385560,TX,0x201,3,0x90,0x90,0x00,0x00,,,,,"Set torque = 0"
385586,TX,0x201,3,0x90,0x90,0x00,0x00,,,,,"Set torque = 0"
385593,RX,0x181,6,0x40,0x40,0x10,0x43,0x80,0x00,0x0B,,"Status word = 0x4310"
385600,RX,0x181,4,0x30,0x30,0x00,0x00,0x01,,,,"Speed feedback = 0 rpm"
385612,TX,0x201,3,0x90,0x90,0x00,0x00,,,,,"Set torque = 0"
385638,TX,0x201,3,0x90,0x90,0x00,0x00,,,,,"Set torque = 0"
385664,TX,0x201,3,0x90,0x90,0x00,0x00,,,,,"Set torque = 0"
385691,TX,0x201,3,0x90,0x90,0x00,0x00,,,,,"Set torque = 0"
385697,RX,0x181,6,0x40,0x40,0x10,0x43,0x80,0x00,0x0B,,"Status word = 0x4310"
385704,RX,0x181,4,0x30,0x30,0x00,0x00,0x01,,,,"Speed feedback = 0 rpm"
385717,TX,0x201,3,0x90,0x90,0x00,0x00,,,,,"Set torque = 0"
385743,TX,0x201,3,0x90,0x90,0x00,0x00,,,,,"Set torque = 0"
385769,TX,0x201,3,0x90,0x90,0x00,0x00,,,,,"Set torque = 0"
385849,RX,0x181,6,0x40,0x40,0x10,0x43,0x80,0x00,0x0B,,"Status word = 0x4310"
385855,RX,0x181,4,0x30,0x30,0x00,0x00,0x01,,,,"Speed feedback = 0 rpm"
385869,TX,0x201,3,0x90,0x90,0x00,0x00,,,,,"Set torque = 0"
385893,RX,0x181,6,0x40,0x40,0x10,0x43,0x80,0x00,0x0B,,"Status word = 0x4310"
385900,TX,0x201,3,0x90,0x90,0x00,0x00,,,,,"Set torque = 0"
385906,RX,0x181,4,0x30,0x30,0x00,0x00,0x01,,,,"Speed feedback = 0 rpm"
385926,TX,0x201,3,0x90,0x90,0x00,0x00,,,,,"Set torque = 0"
385952,TX,0x201,3,0x90,0x90,0x00,0x00,,,,,"Set torque = 0"
385978,TX,0x201,3,0x90,0x90,0x00,0x00,,,,,"Set torque = 0"
385993,RX,0x181,6,0x40,0x40,0x10,0x43,0x80,0x00,0x0B,,"Status word = 0x4310"
386000,RX,0x181,4,0x30,0x30,0x00,0x00,0x01,,,,"Speed feedback = 0 rpm"
386006,TX,0x201,3,0x90,0x90,0x00,0x00,,,,,"Set torque = 0"
386034,TX,0x201,3,0x90,0x90,0x00,0x00,,,,,"Set torque = 0"
386060,TX,0x201,3,0x90,0x90,0x00,0x00,,,,,"Set torque = 0"
386086,TX,0x201,3,0x90,0x90,0x00,0x00,,,,,"Set torque = 0"
386093,RX,0x181,6,0x40,0x40,0x10,0x43,0x80,0x00,0x0B,,"Status word = 0x4310"
386099,RX,0x181,4,0x30,0x30,0x00,0x00,0x01,,,,"Speed feedback = 0 rpm"
386112,TX,0x201,3,0x90,0x90,0x00,0x00,,,,,"Set torque = 0"
386136,TX,0x201,3,0x90,0x90,0x00,0x00,,,,,"Set torque = 0"
386162,TX,0x201,3,0x90,0x90,0x00,0x00,,,,,"Set torque = 0"
386188,TX,0x201,3,0x90,0x90,0x00,0x00,,,,,"Set torque = 0"
386195,RX,0x181,6,0x40,0x40,0x10,0x43,0x80,0x00,0x0B,,"Status word = 0x4310"
386201,RX,0x181,4,0x30,0x30,0x00,0x00,0x01,,,,"Speed feedback = 0 rpm"
386215,TX,0x201,3,0x90,0x90,0x00,0x00,,,,,"Set torque = 0"
386296,RX,0x181,6,0x40,0x40,0x10,0x43,0x80,0x00,0x0B,,"Status word = 0x4310"
386303,RX,0x181,4,0x30,0x30,0x00,0x00,0x01,,,,"Speed feedback = 0 rpm"
386316,TX,0x201,3,0x90,0x90,0x00,0x00,,,,,"Set torque = 0"
386342,TX,0x201,3,0x90,0x90,0x00,0x00,,,,,"Set torque = 0"
386368,TX,0x201,3,0x90,0x90,0x00,0x00,,,,,"Set torque = 0"
386392,RX,0x181,6,0x40,0x40,0x10,0x43,0x80,0x00,0x0B,,"Status word = 0x4310"
386399,RX,0x181,4,0x30,0x30,0x00,0x00,0x01,,,,"Speed feedback = 0 rpm"
386406,TX,0x201,3,0x90,0x90,0x00,0x00,,,,,"Set torque = 0"
386433,TX,0x201,3,0x90,0x90,0x00,0x00,,,,,"Set torque = 0"
386459,TX,0x201,3,0x90,0x90,0x00,0x00,,,,,"Set torque = 0"
386485,TX,0x201,3,0x90,0x90,0x00,0x00,,,,,"Set torque = 0"
386492,RX,0x181,6,0x40,0x40,0x10,0x43,0x80,0x00,0x0B,,"Status word = 0x4310"
386499,RX,0x181,4,0x30,0x30,0x00,0x00,0x01,,,,"Speed feedback = 0 rpm"
386511,TX,0x201,3,0x90,0x90,0x00,0x00,,,,,"Set torque = 0"
386537,TX,0x201,3,0x90,0x90,0x00,0x00,,,,,"Set torque = 0"
386564,TX,0x201,3,0x90,0x90,0x00,0x00,,,,,"Set torque = 0"
386590,TX,0x201,3,0x90,0x90,0x00,0x00,,,,,"Set torque = 0"
386596,RX,0x181,6,0x40,0x40,0x10,0x43,0x80,0x00,0x0B,,"Status word = 0x4310"
386603,RX,0x181,4,0x30,0x30,0x00,0x00,0x01,,,,"Speed feedback = 0 rpm"
386616,TX,0x201,3,0x90,0x90,0x00,0x00,,,,,"Set torque = 0"
386642,TX,0x201,3,0x90,0x90,0x00,0x00,,,,,"Set torque = 0"
386668,TX,0x201,3,0x90,0x90,0x00,0x00,,,,,"Set torque = 0"
386692,RX,0x181,6,0x40,0x40,0x10,0x43,0x80,0x00,0x0B,,"Status word = 0x4310"
386698,TX,0x201,3,0x90,0x90,0x00,0x00,,,,,"Set torque = 0"
386783,RX,0x181,4,0x30,0x30,0x00,0x00,0x01,,,,"Speed feedback = 0 rpm"
386791,RX,0x181,6,0x40,0x40,0x10,0x43,0x80,0x00,0x0B,,"Status word = 0x4310"
386798,RX,0x181,4,0x30,0x30,0x00,0x00,0x01,,,,"Speed feedback = 0 rpm"
386805,TX,0x201,3,0x90,0x90,0x00,0x00,,,,,"Set torque = 0"
386832,TX,0x201,3,0x90,0x90,0x00,0x00,,,,,"Set torque = 0"
386858,TX,0x201,3,0x90,0x90,0x00,0x00,,,,,"Set torque = 0"
386884,TX,0x201,3,0x90,0x90,0x00,0x00,,,,,"Set torque = 0"
386891,RX,0x181,6,0x40,0x40,0x10,0x43,0x80,0x00,0x0B,,"Status word = 0x4310"
386898,RX,0x181,4,0x30,0x30,0x00,0x00,0x01,,,,"Speed feedback = 0 rpm"
386910,TX,0x201,3,0x90,0x90,0x00,0x00,,,,,"Set torque = 0"
386936,TX,0x201,3,0x90,0x90,0x00,0x00,,,,,"Set torque = 0"
386962,TX,0x201,3,0x90,0x90,0x00,0x00,,,,,"Set torque = 0"
386988,TX,0x201,3,0x90,0x90,0x00,0x00,,,,,"Set torque = 0"
386994,RX,0x181,6,0x40,0x40,0x10,0x43,0x80,0x00,0x0B,,"Status word = 0x4310"
387001,RX,0x181,4,0x30,0x30,0x00,0x00,0x01,,,,"Speed feedback = 0 rpm"
387014,TX,0x201,3,0x90,0x90,0x00,0x00,,,,,"Set torque = 0"
387040,TX,0x201,3,0x90,0x90,0x00,0x00,,,,,"Set torque = 0"
387066,TX,0x201,3,0x90,0x90,0x00,0x00,,,,,"Set torque = 0"
387091,RX,0x181,6,0x40,0x40,0x10,0x43,0x80,0x00,0x0B,,"Status word = 0x4310"
387098,TX,0x201,3,0x90,0x90,0x00,0x00,,,,,"Set torque = 0"
387104,RX,0x181,4,0x30,0x30,0x00,0x00,0x01,,,,"Speed feedback = 0 rpm"
387124,TX,0x201,3,0x90,0x90,0x00,0x00,,,,,"Set torque = 0"
387150,TX,0x201,3,0x90,0x90,0x00,0x00,,,,,"Set torque = 0"
387176,TX,0x201,3,0x90,0x90,0x00,0x00,,,,,"Set torque = 0"
387262,RX,0x181,6,0x40,0x40,0x10,0x43,0x80,0x00,0x0B,,"Status word = 0x4310"
387269,RX,0x181,4,0x30,0x30,0x00,0x00,0x01,,,,"Speed feedback = 0 rpm"
387282,TX,0x201,3,0x90,0x90,0x00,0x00,,,,,"Set torque = 0"
387291,RX,0x181,6,0x40,0x40,0x10,0x43,0x80,0x00,0x0B,,"Status word = 0x4310"
387298,RX,0x181,4,0x30,0x30,0x00,0x00,0x01,,,,"Speed feedback = 0 rpm"
387309,TX,0x201,3,0x90,0x90,0x00,0x00,,,,,"Set torque = 0"
387335,TX,0x201,3,0x90,0x90,0x00,0x00,,,,,"Set torque = 0"
387361,TX,0x201,3,0x90,0x90,0x00,0x00,,,,,"Set torque = 0"
387387,TX,0x201,3,0x90,0x90,0x00,0x00,,,,,"Set torque = 0"
387393,RX,0x181,6,0x40,0x40,0x10,0x43,0x80,0x00,0x0B,,"Status word = 0x4310"
387400,RX,0x181,4,0x30,0x30,0x00,0x00,0x01,,,,"Speed feedback = 0 rpm"
387413,TX,0x201,3,0x90,0x90,0x00,0x00,,,,,"Set torque = 0"
387440,TX,0x201,3,0x90,0x90,0x00,0x00,,,,,"Set torque = 0"
387466,TX,0x201,3,0x90,0x90,0x00,0x00,,,,,"Set torque = 0"
387490,RX,0x181,6,0x40,0x40,0x10,0x43,0x80,0x00,0x0B,,"Status word = 0x4310"
387497,TX,0x201,3,0x90,0x90,0x00,0x00,,,,,"Set torque = 0"
387502,RX,0x181,4,0x30,0x30,0x00,0x00,0x01,,,,"Speed feedback = 0 rpm"
387522,TX,0x201,3,0x90,0x90,0x00,0x00,,,,,"Set torque = 0"
387548,TX,0x201,3,0x90,0x90,0x00,0x00,,,,,"Set torque = 0"
387574,TX,0x201,3,0x90,0x90,0x00,0x00,,,,,"Set torque = 0"
387590,RX,0x181,6,0x40,0x40,0x10,0x43,0x80,0x00,0x0B,,"Status word = 0x4310"
387597,RX,0x181,4,0x30,0x30,0x00,0x00,0x01,,,,"Speed feedback = 0 rpm"
387604,TX,0x201,3,0x90,0x90,0x00,0x00,,,,,"Set torque = 0"
387631,TX,0x201,3,0x90,0x90,0x00,0x00,,,,,"Set torque = 0"
387715,RX,0x181,6,0x40,0x40,0x10,0x43,0x80,0x00,0x0B,,"Status word = 0x4310"
387722,RX,0x181,4,0x30,0x30,0x00,0x00,0x01,,,,"Speed feedback = 0 rpm"
387735,TX,0x201,3,0x90,0x90,0x00,0x00,,,,,"Set torque = 0"
387761,TX,0x201,3,0x90,0x90,0x00,0x00,,,,,"Set torque = 0"
387787,TX,0x201,3,0x90,0x90,0x00,0x00,,,,,"Set torque = 0"
387793,RX,0x181,6,0x40,0x40,0x10,0x43,0x80,0x00,0x0B,,"Status word = 0x4310"
387800,RX,0x181,4,0x30,0x30,0x00,0x00,0x01,,,,"Speed feedback = 0 rpm"
387813,TX,0x201,3,0x90,0x90,0x00,0x00,,,,,"Set torque = 0"
387839,TX,0x201,3,0x90,0x90,0x00,0x00,,,,,"Set torque = 0"
387865,TX,0x201,3,0x90,0x90,0x00,0x00,,,,,"Set torque = 0"
387890,RX,0x181,6,0x40,0x40,0x10,0x43,0x80,0x00,0x0B,,"Status word = 0x4310"
387896,TX,0x201,3,0x90,0x90,0x00,0x00,,,,,"Set torque = 0"
387903,RX,0x181,4,0x30,0x30,0x00,0x00,0x01,,,,"Speed feedback = 0 rpm"
387923,TX,0x201,3,0x90,0x90,0x00,0x00,,,,,"Set torque = 0"
387949,TX,0x201,3,0x90,0x90,0x00,0x00,,,,,"Set torque = 0"
387977,TX,0x201,3,0x90,0x90,0x00,0x00,,,,,"Set torque = 0"
387990,RX,0x181,6,0x40,0x40,0x10,0x43,0x80,0x00,0x0B,,"Status word = 0x4310"
387996,RX,0x181,4,0x30,0x30,0x00,0x00,0x01,,,,"Speed feedback = 0 rpm"
388003,TX,0x201,3,0x90,0x90,0x00,0x00,,,,,"Set torque = 0"
388030,TX,0x201,3,0x90,0x90,0x00,0x00,,,,,"Set torque = 0"
388056,TX,0x201,3,0x90,0x90,0x00,0x00,,,,,"Set torque = 0"
388082,TX,0x201,3,0x90,0x90,0x00,0x00,,,,,"Set torque = 0"
388089,RX,0x181,6,0x40,0x40,0x10,0x43,0x80,0x00,0x0B,,"Status word = 0x4310"
388173,RX,0x181,4,0x30,0x30,0x00,0x00,0x01,,,,"Speed feedback = 0 rpm"
388180,TX,0x201,3,0x90,0x90,0x00,0x00,,,,,"Set torque = 0"
388189,RX,0x181,6,0x40,0x40,0x10,0x43,0x80,0x00,0x0B,,"Status word = 0x4310"
388196,RX,0x181,4,0x30,0x30,0x00,0x00,0x01,,,,"Speed feedback = 0 rpm"
388207,TX,0x201,3,0x90,0x90,0x00,0x00,,,,,"Set torque = 0"
388233,TX,0x201,3,0x90,0x90,0x00,0x00,,,,,"Set torque = 0"
388259,TX,0x201,3,0x90,0x90,0x00,0x00,,,,,"Set torque = 0"
388285,TX,0x201,3,0x90,0x90,0x00,0x00,,,,,"Set torque = 0"
388291,RX,0x181,6,0x40,0x40,0x10,0x43,0x80,0x00,0x0B,,"Status word = 0x4310"
388298,RX,0x181,4,0x30,0x30,0x00,0x00,0x01,,,,"Speed feedback = 0 rpm"
388311,TX,0x201,3,0x90,0x90,0x00,0x00,,,,,"Set torque = 0"
388337,TX,0x201,3,0x90,0x90,0x00,0x00,,,,,"Set torque = 0"
388363,TX,0x201,3,0x90,0x90,0x00,0x00,,,,,"Set torque = 0"
388389,TX,0x201,3,0x90,0x90,0x00,0x00,,,,,"Set torque = 0"
388395,RX,0x181,6,0x40,0x40,0x10,0x43,0x80,0x00,0x0B,,"Status word = 0x4310"
388402,RX,0x181,4,0x30,0x30,0x00,0x00,0x01,,,,"Speed feedback = 0 rpm"
388415,TX,0x201,3,0x90,0x90,0x00,0x00,,,,,"Set torque = 0"
388441,TX,0x201,3,0x90,0x90,0x00,0x00,,,,,"Set torque = 0"
388468,TX,0x201,3,0x90,0x90,0x00,0x00,,,,,"Set torque = 0"
388489,RX,0x181,6,0x40,0x40,0x10,0x43,0x80,0x00,0x0B,,"Status word = 0x4310"
388496,TX,0x201,3,0x90,0x90,0x00,0x00,,,,,"Set torque = 0"
388502,RX,0x181,4,0x30,0x30,0x00,0x00,0x01,,,,"Speed feedback = 0 rpm"
388522,TX,0x201,3,0x90,0x90,0x00,0x00,,,,,"Set torque = 0"
388548,TX,0x201,3,0x90,0x90,0x00,0x00,,,,,"Set torque = 0"
388632,RX,0x181,6,0x40,0x40,0x10,0x43,0x80,0x00,0x0B,,"Status word = 0x4310"
388639,RX,0x181,4,0x30,0x30,0x00,0x00,0x01,,,,"Speed feedback = 0 rpm"
388652,TX,0x201,3,0x90,0x90,0x00,0x00,,,,,"Set torque = 0"
388679,TX,0x201,3,0x90,0x90,0x00,0x00,,,,,"Set torque = 0"
388688,RX,0x181,6,0x40,0x40,0x10,0x43,0x80,0x00,0x0B,,"Status word = 0x4310"
388695,RX,0x181,4,0x30,0x30,0x00,0x00,0x01,,,,"Speed feedback = 0 rpm"
388705,TX,0x201,3,0x90,0x90,0x00,0x00,,,,,"Set torque = 0"
388731,TX,0x201,3,0x90,0x90,0x00,0x00,,,,,"Set torque = 0"
388757,TX,0x201,3,0x90,0x90,0x00,0x00,,,,,"Set torque = 0"
388783,TX,0x201,3,0x90,0x90,0x00,0x00,,,,,"Set torque = 0"
388789,RX,0x181,6,0x40,0x40,0x10,0x43,0x80,0x00,0x0B,,"Status word = 0x4310"
388796,RX,0x181,4,0x30,0x30,0x00,0x00,0x01,,,,"Speed feedback = 0 rpm"
388809,TX,0x201,3,0x90,0x90,0x00,0x00,,,,,"Set torque = 0"
388835,TX,0x201,3,0x90,0x90,0x00,0x00,,,,,"Set torque = 0"
388861,TX,0x201,3,0x90,0x90,0x00,0x00,,,,,"Set torque = 0"
388887,TX,0x201,3,0x90,0x90,0x00,0x00,,,,,"Set torque = 0"
388893,RX,0x181,6,0x40,0x40,0x10,0x43,0x80,0x00,0x0B,,"Status word = 0x4310"
388900,RX,0x181,4,0x30,0x30,0x00,0x00,0x01,,,,"Speed feedback = 0 rpm"
388913,TX,0x201,3,0x90,0x90,0x00,0x00,,,,,"Set torque = 0"
388939,TX,0x201,3,0x90,0x90,0x00,0x00,,,,,"Set torque = 0"
388965,TX,0x201,3,0x90,0x90,0x00,0x00,,,,,"Set torque = 0"
388988,RX,0x181,6,0x40,0x40,0x10,0x43,0x80,0x00,0x0B,,"Status word = 0x4310"
388995,TX,0x201,3,0x90,0x90,0x00,0x00,,,,,"Set torque = 0"
389001,RX,0x181,4,0x30,0x30,0x00,0x00,0x01,,,,"Speed feedback = 0 rpm"
389086,TX,0x201,3,0x90,0x90,0x00,0x00,,,,,"Set torque = 0"
389093,RX,0x181,6,0x40,0x40,0x10,0x43,0x80,0x00,0x0B,,"Status word = 0x4310"
389100,RX,0x181,4,0x30,0x30,0x00,0x00,0x01,,,,"Speed feedback = 0 rpm"
389113,TX,0x201,3,0x90,0x90,0x00,0x00,,,,,"Set torque = 0"
389139,TX,0x201,3,0x90,0x90,0x00,0x00,,,,,"Set torque = 0"
389165,TX,0x201,3,0x90,0x90,0x00,0x00,,,,,"Set torque = 0"
389188,RX,0x181,6,0x40,0x40,0x10,0x43,0x80,0x00,0x0B,,"Status word = 0x4310"
389195,TX,0x201,3,0x90,0x90,0x00,0x00,,,,,"Set torque = 0"
389201,RX,0x181,4,0x30,0x30,0x00,0x00,0x01,,,,"Speed feedback = 0 rpm"
389221,TX,0x201,3,0x90,0x90,0x00,0x00,,,,,"Set torque = 0"
389247,TX,0x201,3,0x90,0x90,0x00,0x00,,,,,"Set torque = 0"
389273,TX,0x201,3,0x90,0x90,0x00,0x00,,,,,"Set torque = 0"
389287,RX,0x181,6,0x40,0x40,0x10,0x43,0x80,0x00,0x0B,,"Status word = 0x4310"
389294,RX,0x181,4,0x30,0x30,0x00,0x00,0x01,,,,"Speed feedback = 0 rpm"
389302,TX,0x201,3,0x90,0x90,0x00,0x00,,,,,"Set torque = 0"
389328,TX,0x201,3,0x90,0x90,0x00,0x00,,,,,"Set torque = 0"
389354,TX,0x201,3,0x90,0x90,0x00,0x00,,,,,"Set torque = 0"
389380,TX,0x201,3,0x90,0x90,0x00,0x00,,,,,"Set torque = 0"
389387,RX,0x181,6,0x40,0x40,0x10,0x43,0x80,0x00,0x0B,,"Status word = 0x4310"
389394,RX,0x181,4,0x30,0x30,0x00,0x00,0x01,,,,"Speed feedback = 0 rpm"
389406,TX,0x201,3,0x90,0x90,0x00,0x00,,,,,"Set torque = 0"
389432,TX,0x201,3,0x90,0x90,0x00,0x00,,,,,"Set torque = 0"
389458,TX,0x201,3,0x90,0x90,0x00,0x00,,,,,"Set torque = 0"
389543,RX,0x181,6,0x40,0x40,0x10,0x43,0x80,0x00,0x0B,,"Status word = 0x4310"
389549,RX,0x181,4,0x30,0x30,0x00,0x00,0x01,,,,"Speed feedback = 0 rpm"
389563,TX,0x201,3,0x90,0x90,0x00,0x00,,,,,"Set torque = 0"
389587,RX,0x181,6,0x40,0x40,0x10,0x43,0x80,0x00,0x0B,,"Status word = 0x4310"
389594,TX,0x201,3,0x90,0x90,0x00,0x00,,,,,"Set torque = 0"
389601,RX,0x181,4,0x30,0x30,0x00,0x00,0x01,,,,"Speed feedback = 0 rpm"
389621,TX,0x201,3,0x90,0x90,0x00,0x00,,,,,"Set torque = 0"
389647,TX,0x201,3,0x90,0x90,0x00,0x00,,,,,"Set torque = 0"
389673,TX,0x201,3,0x90,0x90,0x00,0x00,,,,,"Set torque = 0"
389687,RX,0x181,6,0x40,0x40,0x10,0x43,0x80,0x00,0x0B,,"Status word = 0x4310"
389694,RX,0x181,4,0x30,0x30,0x00,0x00,0x01,,,,"Speed feedback = 0 rpm"
389701,TX,0x201,3,0x90,0x90,0x00,0x00,,,,,"Set torque = 0"
389727,TX,0x201,3,0x90,0x90,0x00,0x00,,,,,"Set torque = 0"
389753,TX,0x201,3,0x90,0x90,0x00,0x00,,,,,"Set torque = 0"
389779,TX,0x201,3,0x90,0x90,0x00,0x00,,,,,"Set torque = 0"
389787,RX,0x181,6,0x40,0x40,0x10,0x43,0x80,0x00,0x0B,,"Status word = 0x4310"
389794,RX,0x181,4,0x30,0x30,0x00,0x00,0x01,,,,"Speed feedback = 0 rpm"
389805,TX,0x201,3,0x90,0x90,0x00,0x00,,,,,"Set torque = 0"
389832,TX,0x201,3,0x90,0x90,0x00,0x00,,,,,"Set torque = 0"
389858,TX,0x201,3,0x90,0x90,0x00,0x00,,,,,"Set torque = 0"
389884,TX,0x201,3,0x90,0x90,0x00,0x00,,,,,"Set torque = 0"
389890,RX,0x181,6,0x40,0x40,0x10,0x43,0x80,0x00,0x0B,,"Status word = 0x4310"
389897,RX,0x181,4,0x30,0x30,0x00,0x00,0x01,,,,"Speed feedback = 0 rpm"
389910,TX,0x201,3,0x90,0x90,0x00,0x00,,,,,"Set torque = 0"
389994,RX,0x181,6,0x40,0x40,0x10,0x43,0x80,0x00,0x0B,,"Status word = 0x4310"
390001,RX,0x181,4,0x30,0x30,0x00,0x00,0x01,,,,"Speed feedback = 0 rpm"
390014,TX,0x201,3,0x90,0x90,0x00,0x00,,,,,"Set torque = 0"
390041,TX,0x201,3,0x90,0x90,0x00,0x00,,,,,"Set torque = 0"
390067,TX,0x201,3,0x90,0x90,0x00,0x00,,,,,"Set torque = 0"
390086,RX,0x181,6,0x40,0x40,0x10,0x43,0x80,0x00,0x0B,,"Status word = 0x4310"
390093,TX,0x201,3,0x90,0x90,0x00,0x00,,,,,"Set torque = 0"
390100,RX,0x181,4,0x30,0x30,0x00,0x00,0x01,,,,"Speed feedback = 0 rpm"
390120,TX,0x201,3,0x90,0x90,0x00,0x00,,,,,"Set torque = 0"
390146,TX,0x201,3,0x90,0x90,0x00,0x00,,,,,"Set torque = 0"
390172,TX,0x201,3,0x90,0x90,0x00,0x00,,,,,"Set torque = 0"
390186,RX,0x181,6,0x40,0x40,0x10,0x43,0x80,0x00,0x0B,,"Status word = 0x4310"
390193,RX,0x181,4,0x30,0x30,0x00,0x00,0x01,,,,"Speed feedback = 0 rpm"
390200,TX,0x201,3,0x90,0x90,0x00,0x00,,,,,"Set torque = 0"
390227,TX,0x201,3,0x90,0x90,0x00,0x00,,,,,"Set torque = 0"
390253,TX,0x201,3,0x90,0x90,0x00,0x00,,,,,"Set torque = 0"
390279,TX,0x201,3,0x90,0x90,0x00,0x00,,,,,"Set torque = 0"
390286,RX,0x181,6,0x40,0x40,0x10,0x43,0x80,0x00,0x0B,,"Status word = 0x4310"
390293,RX,0x181,4,0x30,0x30,0x00,0x00,0x01,,,,"Speed feedback = 0 rpm"
390305,TX,0x201,3,0x90,0x90,0x00,0x00,,,,,"Set torque = 0"
390331,TX,0x201,3,0x90,0x90,0x00,0x00,,,,,"Set torque = 0"
390358,TX,0x201,3,0x90,0x90,0x00,0x00,,,,,"Set torque = 0"
390384,TX,0x201,3,0x90,0x90,0x00,0x00,,,,,"Set torque = 0"
390390,RX,0x181,6,0x40,0x40,0x10,0x43,0x80,0x00,0x0B,,"Status word = 0x4310"
390476,RX,0x181,4,0x30,0x30,0x00,0x00,0x01,,,,"Speed feedback = 0 rpm"
390482,TX,0x201,3,0x90,0x90,0x00,0x00,,,,,"Set torque = 0"
390489,RX,0x181,6,0x40,0x40,0x10,0x43,0x80,0x00,0x0B,,"Status word = 0x4310"
390496,RX,0x181,4,0x30,0x30,0x00,0x00,0x01,,,,"Speed feedback = 0 rpm"
390509,TX,0x201,3,0x90,0x90,0x00,0x00,,,,,"Set torque = 0"
390535,TX,0x201,3,0x90,0x90,0x00,0x00,,,,,"Set torque = 0"
390562,TX,0x201,3,0x90,0x90,0x00,0x00,,,,,"Set torque = 0"
390585,RX,0x181,6,0x40,0x40,0x10,0x43,0x80,0x00,0x0B,,"Status word = 0x4310"
390592,TX,0x201,3,0x90,0x90,0x00,0x00,,,,,"Set torque = 0"
390599,RX,0x181,4,0x30,0x30,0x00,0x00,0x01,,,,"Speed feedback = 0 rpm"
390619,TX,0x201,3,0x90,0x90,0x00,0x00,,,,,"Set torque = 0"
390645,TX,0x201,3,0x90,0x90,0x00,0x00,,,,,"Set torque = 0"
390671,TX,0x201,3,0x90,0x90,0x00,0x00,,,,,"Set torque = 0"
390685,RX,0x181,6,0x40,0x40,0x10,0x43,0x80,0x00,0x0B,,"Status word = 0x4310"
390692,RX,0x181,4,0x30,0x30,0x00,0x00,0x01,,,,"Speed feedback = 0 rpm"
390699,TX,0x201,3,0x90,0x90,0x00,0x00,,,,,"Set torque = 0"
390726,TX,0x201,3,0x90,0x90,0x00,0x00,,,,,"Set torque = 0"
390752,TX,0x201,3,0x90,0x90,0x00,0x00,,,,,"Set torque = 0"
390778,TX,0x201,3,0x90,0x90,0x00,0x00,,,,,"Set torque = 0"
390785,RX,0x181,6,0x40,0x40,0x10,0x43,0x80,0x00,0x0B,,"Status word = 0x4310"
390792,RX,0x181,4,0x30,0x30,0x00,0x00,0x01,,,,"Speed feedback = 0 rpm"
390804,TX,0x201,3,0x90,0x90,0x00,0x00,,,,,"Set torque = 0"
390830,TX,0x201,3,0x90,0x90,0x00,0x00,,,,,"Set torque = 0"
390856,TX,0x201,3,0x90,0x90,0x00,0x00,,,,,"Set torque = 0"
390947,RX,0x181,6,0x40,0x40,0x10,0x43,0x80,0x00,0x0B,,"Status word = 0x4310"
390954,RX,0x181,4,0x30,0x30,0x00,0x00,0x01,,,,"Speed feedback = 0 rpm"
390967,TX,0x201,3,0x90,0x90,0x00,0x00,,,,,"Set torque = 0"
390985,RX,0x181,6,0x40,0x40,0x10,0x43,0x80,0x00,0x0B,,"Status word = 0x4310"
390992,RX,0x181,4,0x30,0x30,0x00,0x00,0x01,,,,"Speed feedback = 0 rpm"
390999,TX,0x201,3,0x90,0x90,0x00,0x00,,,,,"Set torque = 0"
391025,TX,0x201,3,0x90,0x90,0x00,0x00,,,,,"Set torque = 0"
391051,TX,0x201,3,0x90,0x90,0x00,0x00,,,,,"Set torque = 0"
391077,TX,0x201,3,0x90,0x90,0x00,0x00,,,,,"Set torque = 0"
391085,RX,0x181,6,0x40,0x40,0x10,0x43,0x80,0x00,0x0B,,"Status word = 0x4310"
391092,RX,0x181,4,0x30,0x30,0x00,0x00,0x01,,,,"Speed feedback = 0 rpm"
391104,TX,0x201,3,0x90,0x90,0x00,0x00,,,,,"Set torque = 0"
391130,TX,0x201,3,0x90,0x90,0x00,0x00,,,,,"Set torque = 0"
391156,TX,0x201,3,0x90,0x90,0x00,0x00,,,,,"Set torque = 0"
391182,TX,0x201,3,0x90,0x90,0x00,0x00,,,,,"Set torque = 0"
391188,RX,0x181,6,0x40,0x40,0x10,0x43,0x80,0x00,0x0B,,"Status word = 0x4310"
391195,RX,0x181,4,0x30,0x30,0x00,0x00,0x01,,,,"Speed feedback = 0 rpm"
391208,TX,0x201,3,0x90,0x90,0x00,0x00,,,,,"Set torque = 0"
391235,TX,0x201,3,0x90,0x90,0x00,0x00,,,,,"Set torque = 0"
391261,TX,0x201,3,0x90,0x90,0x00,0x00,,,,,"Set torque = 0"
391284,RX,0x181,6,0x40,0x40,0x10,0x43,0x80,0x00,0x0B,,"Status word = 0x4310"
391291,TX,0x201,3,0x90,0x90,0x00,0x00,,,,,"Set torque = 0"
391298,RX,0x181,4,0x30,0x30,0x00,0x00,0x01,,,,"Speed feedback = 0 rpm"
391318,TX,0x201,3,0x90,0x90,0x00,0x00,,,,,"Set torque = 0"
391409,RX,0x181,6,0x40,0x40,0x10,0x43,0x80,0x00,0x0B,,"Status word = 0x4310"
391416,RX,0x181,4,0x30,0x30,0x00,0x00,0x01,,,,"Speed feedback = 0 rpm"
391429,TX,0x201,3,0x90,0x90,0x00,0x00,,,,,"Set torque = 0"
391456,TX,0x201,3,0x90,0x90,0x00,0x00,,,,,"Set torque = 0"
391482,TX,0x201,3,0x90,0x90,0x00,0x00,,,,,"Set torque = 0"
391488,RX,0x181,6,0x40,0x40,0x10,0x43,0x80,0x00,0x0B,,"Status word = 0x4310"
391495,RX,0x181,4,0x30,0x30,0x00,0x00,0x01,,,,"Speed feedback = 0 rpm"
391508,TX,0x201,3,0x90,0x90,0x00,0x00,,,,,"Set torque = 0"
391534,TX,0x201,3,0x90,0x90,0x00,0x00,,,,,"Set torque = 0"
391560,TX,0x201,3,0x90,0x90,0x00,0x00,,,,,"Set torque = 0"
391584,RX,0x181,6,0x40,0x40,0x10,0x43,0x80,0x00,0x0B,,"Status word = 0x4310"
391591,TX,0x201,3,0x90,0x90,0x00,0x00,,,,,"Set torque = 0"
391598,RX,0x181,4,0x30,0x30,0x00,0x00,0x01,,,,"Speed feedback = 0 rpm"
391618,TX,0x201,3,0x90,0x90,0x00,0x00,,,,,"Set torque = 0"
391644,TX,0x201,3,0x90,0x90,0x00,0x00,,,,,"Set torque = 0"
391670,TX,0x201,3,0x90,0x90,0x00,0x00,,,,,"Set torque = 0"
391684,RX,0x181,6,0x40,0x40,0x10,0x43,0x80,0x00,0x0B,,"Status word = 0x4310"
391691,RX,0x181,4,0x30,0x30,0x00,0x00,0x01,,,,"Speed feedback = 0 rpm"
391697,TX,0x201,3,0x90,0x90,0x00,0x00,,,,,"Set torque = 0"
391724,TX,0x201,3,0x90,0x90,0x00,0x00,,,,,"Set torque = 0"
391750,TX,0x201,3,0x90,0x90,0x00,0x00,,,,,"Set torque = 0"
391777,TX,0x201,3,0x90,0x90,0x00,0x00,,,,,"Set torque = 0"
391784,RX,0x181,6,0x40,0x40,0x10,0x43,0x80,0x00,0x0B,,"Status word = 0x4310"
391790,RX,0x181,4,0x30,0x30,0x00,0x00,0x01,,,,"Speed feedback = 0 rpm"
391882,TX,0x201,3,0x90,0x90,0x00,0x00,,,,,"Set torque = 0"
391889,RX,0x181,6,0x40,0x40,0x10,0x43,0x80,0x00,0x0B,,"Status word = 0x4310"
391896,RX,0x181,4,0x30,0x30,0x00,0x00,0x01,,,,"Speed feedback = 0 rpm"
391909,TX,0x201,3,0x90,0x90,0x00,0x00,,,,,"Set torque = 0"
391935,TX,0x201,3,0x90,0x90,0x00,0x00,,,,,"Set torque = 0"
391961,TX,0x201,3,0x90,0x90,0x00,0x00,,,,,"Set torque = 0"
391983,RX,0x181,6,0x40,0x40,0x10,0x43,0x80,0x00,0x0B,,"Status word = 0x4310"
391990,TX,0x201,3,0x90,0x90,0x00,0x00,,,,,"Set torque = 0"
391997,RX,0x181,4,0x30,0x30,0x00,0x00,0x01,,,,"Speed feedback = 0 rpm"
392017,TX,0x201,3,0x90,0x90,0x00,0x00,,,,,"Set torque = 0"
392043,TX,0x201,3,0x90,0x90,0x00,0x00,,,,,"Set torque = 0"
392069,TX,0x201,3,0x90,0x90,0x00,0x00,,,,,"Set torque = 0"
392083,RX,0x181,6,0x40,0x40,0x10,0x43,0x80,0x00,0x0B,,"Status word = 0x4310"
392090,RX,0x181,4,0x30,0x30,0x00,0x00,0x01,,,,"Speed feedback = 0 rpm"
392097,TX,0x201,3,0x90,0x90,0x00,0x00,,,,,"Set torque = 0"
392124,TX,0x201,3,0x90,0x90,0x00,0x00,,,,,"Set torque = 0"
392150,TX,0x201,3,0x90,0x90,0x00,0x00,,,,,"Set torque = 0"
392176,TX,0x201,3,0x90,0x90,0x00,0x00,,,,,"Set torque = 0"
392183,RX,0x181,6,0x40,0x40,0x10,0x43,0x80,0x00,0x0B,,"Status word = 0x4310"
392190,RX,0x181,4,0x30,0x30,0x00,0x00,0x01,,,,"Speed feedback = 0 rpm"
392202,TX,0x201,3,0x90,0x90,0x00,0x00,,,,,"Set torque = 0"
392228,TX,0x201,3,0x90,0x90,0x00,0x00,,,,,"Set torque = 0"
392254,TX,0x201,3,0x90,0x90,0x00,0x00,,,,,"Set torque = 0"
392280,TX,0x201,3,0x90,0x90,0x00,0x00,,,,,"Set torque = 0"
392372,RX,0x181,6,0x40,0x40,0x10,0x43,0x80,0x00,0x0B,,"Status word = 0x4310"
392379,RX,0x181,4,0x30,0x30,0x00,0x00,0x01,,,,"Speed feedback = 0 rpm"
392385,RX,0x181,6,0x40,0x40,0x10,0x43,0x80,0x00,0x0B,,"Status word = 0x4310"
392392,RX,0x181,4,0x30,0x30,0x00,0x00,0x01,,,,"Speed feedback = 0 rpm"
392399,TX,0x201,3,0x90,0x90,0x00,0x00,,,,,"Set torque = 0"
392426,TX,0x201,3,0x90,0x90,0x00,0x00,,,,,"Set torque = 0"
392452,TX,0x201,3,0x90,0x90,0x00,0x00,,,,,"Set torque = 0"
392478,TX,0x201,3,0x90,0x90,0x00,0x00,,,,,"Set torque = 0"
392484,RX,0x181,6,0x40,0x40,0x10,0x43,0x80,0x00,0x0B,,"Status word = 0x4310"
392491,RX,0x181,4,0x30,0x30,0x00,0x00,0x01,,,,"Speed feedback = 0 rpm"
392504,TX,0x201,3,0x90,0x90,0x00,0x00,,,,,"Set torque = 0"
392530,TX,0x201,3,0x90,0x90,0x00,0x00,,,,,"Set torque = 0"
392556,TX,0x201,3,0x90,0x90,0x00,0x00,,,,,"Set torque = 0"
392582,TX,0x201,3,0x90,0x90,0x00,0x00,,,,,"Set torque = 0"
392588,RX,0x181,6,0x40,0x40,0x10,0x43,0x80,0x00,0x0B,,"Status word = 0x4310"
392595,RX,0x181,4,0x30,0x30,0x00,0x00,0x01,,,,"Speed feedback = 0 rpm"
392608,TX,0x201,3,0x90,0x90,0x00,0x00,,,,,"Set torque = 0"
392634,TX,0x201,3,0x90,0x90,0x00,0x00,,,,,"Set torque = 0"
392661,TX,0x201,3,0x90,0x90,0x00,0x00,,,,,"Set torque = 0"
392682,RX,0x181,6,0x40,0x40,0x10,0x43,0x80,0x00,0x0B,,"Status word = 0x4310"
392689,TX,0x201,3,0x90,0x90,0x00,0x00,,,,,"Set torque = 0"
392695,RX,0x181,4,0x30,0x30,0x00,0x00,0x01,,,,"Speed feedback = 0 rpm"
392715,TX,0x201,3,0x90,0x90,0x00,0x00,,,,,"Set torque = 0"
392741,TX,0x201,3,0x90,0x90,0x00,0x00,,,,,"Set torque = 0"
392836,RX,0x181,6,0x40,0x40,0x10,0x43,0x80,0x00,0x0B,,"Status word = 0x4310"
392842,RX,0x181,4,0x30,0x30,0x00,0x00,0x01,,,,"Speed feedback = 0 rpm"
392856,TX,0x201,3,0x90,0x90,0x00,0x00,,,,,"Set torque = 0"
392882,RX,0x181,6,0x40,0x40,0x10,0x43,0x80,0x00,0x0B,,"Status word = 0x4310"
392889,TX,0x201,3,0x90,0x90,0x00,0x00,,,,,"Set torque = 0"
392895,RX,0x181,4,0x30,0x30,0x00,0x00,0x01,,,,"Speed feedback = 0 rpm"
392915,TX,0x201,3,0x90,0x90,0x00,0x00,,,,,"Set torque = 0"
392941,TX,0x201,3,0x90,0x90,0x00,0x00,,,,,"Set torque = 0"
392967,TX,0x201,3,0x90,0x90,0x00,0x00,,,,,"Set torque = 0"
392982,RX,0x181,6,0x40,0x40,0x10,0x43,0x80,0x00,0x0B,,"Status word = 0x4310"
392989,RX,0x181,4,0x30,0x30,0x00,0x00,0x01,,,,"Speed feedback = 0 rpm"
392995,TX,0x201,3,0x90,0x90,0x00,0x00,,,,,"Set torque = 0"
393022,TX,0x201,3,0x90,0x90,0x00,0x00,,,,,"Set torque = 0"
393048,TX,0x201,3,0x90,0x90,0x00,0x00,,,,,"Set torque = 0"
393074,TX,0x201,3,0x90,0x90,0x00,0x00,,,,,"Set torque = 0"
393081,RX,0x181,6,0x40,0x40,0x10,0x43,0x80,0x00,0x0B,,"Status word = 0x4310"
393088,RX,0x181,4,0x30,0x30,0x00,0x00,0x01,,,,"Speed feedback = 0 rpm"
393100,TX,0x201,3,0x90,0x90,0x00,0x00,,,,,"Set torque = 0"
393126,TX,0x201,3,0x90,0x90,0x00,0x00,,,,,"Set torque = 0"
393152,TX,0x201,3,0x90,0x90,0x00,0x00,,,,,"Set torque = 0"
393178,TX,0x201,3,0x90,0x90,0x00,0x00,,,,,"Set torque = 0"
393185,RX,0x181,6,0x40,0x40,0x10,0x43,0x80,0x00,0x0B,,"Status word = 0x4310"
393191,RX,0x181,4,0x30,0x30,0x00,0x00,0x01,,,,"Speed feedback = 0 rpm"
393205,TX,0x201,3,0x90,0x90,0x00,0x00,,,,,"Set torque = 0"
393294,RX,0x181,6,0x40,0x40,0x10,0x43,0x80,0x00,0x0B,,"Status word = 0x4310"
393301,RX,0x181,4,0x30,0x30,0x00,0x00,0x01,,,,"Speed feedback = 0 rpm"
393314,TX,0x201,3,0x90,0x90,0x00,0x00,,,,,"Set torque = 0"
393340,TX,0x201,3,0x90,0x90,0x00,0x00,,,,,"Set torque = 0"
393366,TX,0x201,3,0x90,0x90,0x00,0x00,,,,,"Set torque = 0"
393381,RX,0x181,6,0x40,0x40,0x10,0x43,0x80,0x00,0x0B,,"Status word = 0x4310"
393388,RX,0x181,4,0x30,0x30,0x00,0x00,0x01,,,,"Speed feedback = 0 rpm"
393395,TX,0x201,3,0x90,0x90,0x00,0x00,,,,,"Set torque = 0"
393422,TX,0x201,3,0x90,0x90,0x00,0x00,,,,,"Set torque = 0"
393448,TX,0x201,3,0x90,0x90,0x00,0x00,,,,,"Set torque = 0"
393474,TX,0x201,3,0x90,0x90,0x00,0x00,,,,,"Set torque = 0"
393481,RX,0x181,6,0x40,0x40,0x10,0x43,0x80,0x00,0x0B,,"Status word = 0x4310"
393488,RX,0x181,4,0x30,0x30,0x00,0x00,0x01,,,,"Speed feedback = 0 rpm"
393500,TX,0x201,3,0x90,0x90,0x00,0x00,,,,,"Set torque = 0"
393526,TX,0x201,3,0x90,0x90,0x00,0x00,,,,,"Set torque = 0"
393553,TX,0x201,3,0x90,0x90,0x00,0x00,,,,,"Set torque = 0"
393579,TX,0x201,3,0x90,0x90,0x00,0x00,,,,,"Set torque = 0"
393585,RX,0x181,6,0x40,0x40,0x10,0x43,0x80,0x00,0x0B,,"Status word = 0x4310"
393592,RX,0x181,4,0x30,0x30,0x00,0x00,0x01,,,,"Speed feedback = 0 rpm"
393605,TX,0x201,3,0x90,0x90,0x00,0x00,,,,,"Set torque = 0"
393631,TX,0x201,3,0x90,0x90,0x00,0x00,,,,,"Set torque = 0"
393657,TX,0x201,3,0x90,0x90,0x00,0x00,,,,,"Set torque = 0"
393681,RX,0x181,6,0x40,0x40,0x10,0x43,0x80,0x00,0x0B,,"Status word = 0x4310"
393687,TX,0x201,3,0x90,0x90,0x00,0x00,,,,,"Set torque = 0"
393694,RX,0x181,4,0x30,0x30,0x00,0x00,0x01,,,,"Speed feedback = 0 rpm"
393714,TX,0x201,3,0x90,0x90,0x00,0x00,,,,,"Set torque = 0"
393740,TX,0x201,3,0x90,0x90,0x00,0x00,,,,,"Set torque = 0"
393766,TX,0x201,3,0x90,0x90,0x00,0x00,,,,,"Set torque = 0"
393780,RX,0x181,6,0x40,0x40,0x10,0x43,0x80,0x00,0x0B,,"Status word = 0x4310"
393787,RX,0x181,4,0x30,0x30,0x00,0x00,0x01,,,,"Speed feedback = 0 rpm"
393794,TX,0x201,3,0x90,0x90,0x00,0x00,,,,,"Set torque = 0"
393821,TX,0x201,3,0x90,0x90,0x00,0x00,,,,,"Set torque = 0"
393847,TX,0x201,3,0x90,0x90,0x00,0x00,,,,,"Set torque = 0"
393874,TX,0x201,3,0x90,0x90,0x00,0x00,,,,,"Set torque = 0"
393880,RX,0x181,6,0x40,0x40,0x10,0x43,0x80,0x00,0x0B,,"Status word = 0x4310"
393887,RX,0x181,4,0x30,0x30,0x00,0x00,0x01,,,,"Speed feedback = 0 rpm"
393900,TX,0x201,3,0x90,0x90,0x00,0x00,,,,,"Set torque = 0"
393926,TX,0x201,3,0x90,0x90,0x00,0x00,,,,,"Set torque = 0"
393952,TX,0x201,3,0x90,0x90,0x00,0x00,,,,,"Set torque = 0"
393978,TX,0x201,3,0x90,0x90,0x00,0x00,,,,,"Set torque = 0"
393987,RX,0x181,6,0x40,0x40,0x10,0x43,0x80,0x00,0x0B,,"Status word = 0x4310"
393994,RX,0x181,4,0x30,0x30,0x00,0x00,0x01,,,,"Speed feedback = 0 rpm"
394007,TX,0x201,3,0x90,0x90,0x00,0x00,,,,,"Set torque = 0"
394033,TX,0x201,3,0x90,0x90,0x00,0x00,,,,,"Set torque = 0"
394059,TX,0x201,3,0x90,0x90,0x00,0x00,,,,,"Set torque = 0"
394080,RX,0x181,6,0x40,0x40,0x10,0x43,0x80,0x00,0x0B,,"Status word = 0x4310"
394087,TX,0x201,3,0x90,0x90,0x00,0x00,,,,,"Set torque = 0"
394093,RX,0x181,4,0x30,0x30,0x00,0x00,0x01,,,,"Speed feedback = 0 rpm"
394113,TX,0x201,3,0x90,0x90,0x00,0x00,,,,,"Set torque = 0"
394139,TX,0x201,3,0x90,0x90,0x00,0x00,,,,,"Set torque = 0"
394166,TX,0x201,3,0x90,0x90,0x00,0x00,,,,,"Set torque = 0"
394180,RX,0x181,6,0x40,0x40,0x10,0x43,0x80,0x00,0x0B,,"Status word = 0x4310"
394187,RX,0x181,4,0x30,0x30,0x00,0x00,0x01,,,,"Speed feedback = 0 rpm"
394193,TX,0x201,3,0x90,0x90,0x00,0x00,,,,,"Set torque = 0"
394220,TX,0x201,3,0x90,0x90,0x00,0x00,,,,,"Set torque = 0"
394246,TX,0x201,3,0x90,0x90,0x00,0x00,,,,,"Set torque = 0"
394272,TX,0x201,3,0x90,0x90,0x00,0x00,,,,,"Set torque = 0"
394280,RX,0x181,6,0x40,0x40,0x10,0x43,0x80,0x00,0x0B,,"Status word = 0x4310"
394287,RX,0x181,4,0x30,0x30,0x00,0x00,0x01,,,,"Speed feedback = 0 rpm"
394298,TX,0x201,3,0x90,0x90,0x00,0x00,,,,,"Set torque = 0"
394324,TX,0x201,3,0x90,0x90,0x00,0x00,,,,,"Set torque = 0"
394350,TX,0x201,3,0x90,0x90,0x00,0x00,,,,,"Set torque = 0"
394376,TX,0x201,3,0x90,0x90,0x00,0x00,,,,,"Set torque = 0"
394382,RX,0x181,6,0x40,0x40,0x10,0x43,0x80,0x00,0x0B,,"Status word = 0x4310"
394389,RX,0x181,4,0x30,0x30,0x00,0x00,0x01,,,,"Speed feedback = 0 rpm"
394402,TX,0x201,3,0x90,0x90,0x00,0x00,,,,,"Set torque = 0"
394428,TX,0x201,3,0x90,0x90,0x00,0x00,,,,,"Set torque = 0"
394454,TX,0x201,3,0x90,0x90,0x00,0x00,,,,,"Set torque = 0"
394479,RX,0x181,6,0x40,0x40,0x10,0x43,0x80,0x00,0x0B,,"Status word = 0x4310"
394486,TX,0x201,3,0x90,0x90,0x00,0x00,,,,,"Set torque = 0"
394493,RX,0x181,4,0x30,0x30,0x00,0x00,0x01,,,,"Speed feedback = 0 rpm"
394513,TX,0x201,3,0x90,0x90,0x00,0x00,,,,,"Set torque = 0"
394539,TX,0x201,3,0x90,0x90,0x00,0x00,,,,,"Set torque = 0"
394565,TX,0x201,3,0x90,0x90,0x00,0x00,,,,,"Set torque = 0"
394579,RX,0x181,6,0x40,0x40,0x10,0x43,0x80,0x00,0x0B,,"Status word = 0x4310"
394586,RX,0x181,4,0x30,0x30,0x00,0x00,0x01,,,,"Speed feedback = 0 rpm"
394593,TX,0x201,3,0x90,0x90,0x00,0x00,,,,,"Set torque = 0"
394620,TX,0x201,3,0x90,0x90,0x00,0x00,,,,,"Set torque = 0"
394646,TX,0x201,3,0x90,0x90,0x00,0x00,,,,,"Set torque = 0"
394672,TX,0x201,3,0x90,0x90,0x00,0x00,,,,,"Set torque = 0"
394679,RX,0x181,6,0x40,0x40,0x10,0x43,0x80,0x00,0x0B,,"Status word = 0x4310"
394686,RX,0x181,4,0x30,0x30,0x00,0x00,0x01,,,,"Speed feedback = 0 rpm"
394698,TX,0x201,3,0x90,0x90,0x00,0x00,,,,,"Set torque = 0"
394724,TX,0x201,3,0x90,0x90,0x00,0x00,,,,,"Set torque = 0"
394750,TX,0x201,3,0x90,0x90,0x00,0x00,,,,,"Set torque = 0"
394776,TX,0x201,3,0x90,0x90,0x00,0x00,,,,,"Set torque = 0"
394783,RX,0x181,6,0x40,0x40,0x10,0x43,0x80,0x00,0x0B,,"Status word = 0x4310"
394789,RX,0x181,4,0x30,0x30,0x00,0x00,0x01,,,,"Speed feedback = 0 rpm"
394803,TX,0x201,3,0x90,0x90,0x00,0x00,,,,,"Set torque = 0"
394829,TX,0x201,3,0x90,0x90,0x00,0x00,,,,,"Set torque = 0"
394855,TX,0x201,3,0x90,0x90,0x00,0x00,,,,,"Set torque = 0"
394879,RX,0x181,6,0x40,0x40,0x10,0x43,0x80,0x00,0x0B,,"Status word = 0x4310"
394885,TX,0x201,3,0x90,0x90,0x00,0x00,,,,,"Set torque = 0"
394892,RX,0x181,4,0x30,0x30,0x00,0x00,0x01,,,,"Speed feedback = 0 rpm"
394912,TX,0x201,3,0x90,0x90,0x00,0x00,,,,,"Set torque = 0"
394939,TX,0x201,3,0x90,0x90,0x00,0x00,,,,,"Set torque = 0"
394965,TX,0x201,3,0x90,0x90,0x00,0x00,,,,,"Set torque = 0"
394978,RX,0x181,6,0x40,0x40,0x10,0x43,0x80,0x00,0x0B,,"Status word = 0x4310"
394985,RX,0x181,4,0x30,0x30,0x00,0x00,0x01,,,,"Speed feedback = 0 rpm"
394992,TX,0x201,3,0x90,0x90,0x00,0x00,,,,,"Set torque = 0"
395019,TX,0x201,3,0x90,0x90,0x00,0x00,,,,,"Set torque = 0"
395045,TX,0x201,3,0x90,0x90,0x00,0x00,,,,,"Set torque = 0"
395071,TX,0x201,3,0x90,0x90,0x00,0x00,,,,,"Set torque = 0"
395078,RX,0x181,6,0x40,0x40,0x10,0x43,0x80,0x00,0x0B,,"Status word = 0x4310"
395085,RX,0x181,4,0x30,0x30,0x00,0x00,0x01,,,,"Speed feedback = 0 rpm"
395097,TX,0x201,3,0x90,0x90,0x00,0x00,,,,,"Set torque = 0"
395123,TX,0x201,3,0x90,0x90,0x00,0x00,,,,,"Set torque = 0"
395149,TX,0x201,3,0x90,0x90,0x00,0x00,,,,,"Set torque = 0"
395175,TX,0x201,3,0x90,0x90,0x00,0x00,,,,,"Set torque = 0"
395181,RX,0x181,6,0x40,0x40,0x10,0x43,0x80,0x00,0x0B,,"Status word = 0x4310"
395188,RX,0x181,4,0x30,0x30,0x00,0x00,0x01,,,,"Speed feedback = 0 rpm"
395201,TX,0x201,3,0x90,0x90,0x00,0x00,,,,,"Set torque = 0"
395227,TX,0x201,3,0x90,0x90,0x00,0x00,,,,,"Set torque = 0"
395254,TX,0x201,3,0x90,0x90,0x00,0x00,,,,,"Set torque = 0"
395278,RX,0x181,6,0x40,0x40,0x10,0x43,0x80,0x00,0x0B,,"Status word = 0x4310"
395285,TX,0x201,3,0x90,0x90,0x00,0x00,,,,,"Set torque = 0"
395292,RX,0x181,4,0x30,0x30,0x00,0x00,0x01,,,,"Speed feedback = 0 rpm"
395312,TX,0x201,3,0x90,0x90,0x00,0x00,,,,,"Set torque = 0"
395338,TX,0x201,3,0x90,0x90,0x00,0x00,,,,,"Set torque = 0"
395364,TX,0x201,3,0x90,0x90,0x00,0x00,,,,,"Set torque = 0"
395378,RX,0x181,6,0x40,0x40,0x10,0x43,0x80,0x00,0x0B,,"Status word = 0x4310"
395385,RX,0x181,4,0x30,0x30,0x00,0x00,0x01,,,,"Speed feedback = 0 rpm"
395392,TX,0x201,3,0x90,0x90,0x00,0x00,,,,,"Set torque = 0"
395419,TX,0x201,3,0x90,0x90,0x00,0x00,,,,,"Set torque = 0"
395445,TX,0x201,3,0x90,0x90,0x00,0x00,,,,,"Set torque = 0"
395471,TX,0x201,3,0x90,0x90,0x00,0x00,,,,,"Set torque = 0"
395478,RX,0x181,6,0x40,0x40,0x10,0x43,0x80,0x00,0x0B,,"Status word = 0x4310"
395485,RX,0x181,4,0x30,0x30,0x00,0x00,0x01,,,,"Speed feedback = 0 rpm"
395497,TX,0x201,3,0x90,0x90,0x00,0x00,,,,,"Set torque = 0"
395523,TX,0x201,3,0x90,0x90,0x00,0x00,,,,,"Set torque = 0"
395549,TX,0x201,3,0x90,0x90,0x00,0x00,,,,,"Set torque = 0"
395576,TX,0x201,3,0x90,0x90,0x00,0x00,,,,,"Set torque = 0"
395582,RX,0x181,6,0x40,0x40,0x10,0x43,0x80,0x00,0x0B,,"Status word = 0x4310"
395589,RX,0x181,4,0x30,0x30,0x00,0x00,0x01,,,,"Speed feedback = 0 rpm"
395602,TX,0x201,3,0x90,0x90,0x00,0x00,,,,,"Set torque = 0"
395628,TX,0x201,3,0x90,0x90,0x00,0x00,,,,,"Set torque = 0"
395654,TX,0x201,3,0x90,0x90,0x00,0x00,,,,,"Set torque = 0"
395677,RX,0x181,6,0x40,0x40,0x10,0x43,0x80,0x00,0x0B,,"Status word = 0x4310"
395684,TX,0x201,3,0x90,0x90,0x00,0x00,,,,,"Set torque = 0"
395691,RX,0x181,4,0x30,0x30,0x00,0x00,0x01,,,,"Speed feedback = 0 rpm"
395711,TX,0x201,3,0x90,0x90,0x00,0x00,,,,,"Set torque = 0"
395737,TX,0x201,3,0x90,0x90,0x00,0x00,,,,,"Set torque = 0"
395763,TX,0x201,3,0x90,0x90,0x00,0x00,,,,,"Set torque = 0"
395777,RX,0x181,6,0x40,0x40,0x10,0x43,0x80,0x00,0x0B,,"Status word = 0x4310"
395784,RX,0x181,4,0x30,0x30,0x00,0x00,0x01,,,,"Speed feedback = 0 rpm"
395791,TX,0x201,3,0x90,0x90,0x00,0x00,,,,,"Set torque = 0"
395818,TX,0x201,3,0x90,0x90,0x00,0x00,,,,,"Set torque = 0"
395844,TX,0x201,3,0x90,0x90,0x00,0x00,,,,,"Set torque = 0"
395870,TX,0x201,3,0x90,0x90,0x00,0x00,,,,,"Set torque = 0"
395877,RX,0x181,6,0x40,0x40,0x10,0x43,0x80,0x00,0x0B,,"Status word = 0x4310"
395884,RX,0x181,4,0x30,0x30,0x00,0x00,0x01,,,,"Speed feedback = 0 rpm"
395897,TX,0x201,3,0x90,0x90,0x00,0x00,,,,,"Set torque = 0"
395923,TX,0x201,3,0x90,0x90,0x00,0x00,,,,,"Set torque = 0"
395949,TX,0x201,3,0x90,0x90,0x00,0x00,,,,,"Set torque = 0"
395975,TX,0x201,3,0x90,0x90,0x00,0x00,,,,,"Set torque = 0"
395981,RX,0x181,6,0x40,0x40,0x10,0x43,0x80,0x00,0x0B,,"Status word = 0x4310"
395988,RX,0x181,4,0x30,0x30,0x00,0x00,0x01,,,,"Speed feedback = 0 rpm"
396001,TX,0x201,3,0x90,0x90,0x00,0x00,,,,,"Set torque = 0"
396028,TX,0x201,3,0x90,0x90,0x00,0x00,,,,,"Set torque = 0"
396054,TX,0x201,3,0x90,0x90,0x00,0x00,,,,,"Set torque = 0"
396077,RX,0x181,6,0x40,0x40,0x10,0x43,0x80,0x00,0x0B,,"Status word = 0x4310"
396084,TX,0x201,3,0x90,0x90,0x00,0x00,,,,,"Set torque = 0"
396090,RX,0x181,4,0x30,0x30,0x00,0x00,0x01,,,,"Speed feedback = 0 rpm"
396110,TX,0x201,3,0x90,0x90,0x00,0x00,,,,,"Set torque = 0"
396136,TX,0x201,3,0x90,0x90,0x00,0x00,,,,,"Set torque = 0"
396162,TX,0x201,3,0x90,0x90,0x00,0x00,,,,,"Set torque = 0"
396177,RX,0x181,6,0x40,0x40,0x10,0x43,0x80,0x00,0x0B,,"Status word = 0x4310"
396184,RX,0x181,4,0x30,0x30,0x00,0x00,0x01,,,,"Speed feedback = 0 rpm"
396190,TX,0x201,3,0x90,0x90,0x00,0x00,,,,,"Set torque = 0"
396217,TX,0x201,3,0x90,0x90,0x00,0x00,,,,,"Set torque = 0"
396243,TX,0x201,3,0x90,0x90,0x00,0x00,,,,,"Set torque = 0"
396269,TX,0x201,3,0x90,0x90,0x00,0x00,,,,,"Set torque = 0"
396276,RX,0x181,6,0x40,0x40,0x10,0x43,0x80,0x00,0x0B,,"Status word = 0x4310"
396283,RX,0x181,4,0x30,0x30,0x00,0x00,0x01,,,,"Speed feedback = 0 rpm"
396295,TX,0x201,3,0x90,0x90,0x00,0x00,,,,,"Set torque = 0"
396321,TX,0x201,3,0x90,0x90,0x00,0x00,,,,,"Set torque = 0"
396348,TX,0x201,3,0x90,0x90,0x00,0x00,,,,,"Set torque = 0"
396374,TX,0x201,3,0x90,0x90,0x00,0x00,,,,,"Set torque = 0"
396380,RX,0x181,6,0x40,0x40,0x10,0x43,0x80,0x00,0x0B,,"Status word = 0x4310"
396387,RX,0x181,4,0x30,0x30,0x00,0x00,0x01,,,,"Speed feedback = 0 rpm"
396400,TX,0x201,3,0x90,0x90,0x00,0x00,,,,,"Set torque = 0"
396426,TX,0x201,3,0x90,0x90,0x00,0x00,,,,,"Set torque = 0"
396452,TX,0x201,3,0x90,0x90,0x00,0x00,,,,,"Set torque = 0"
396476,RX,0x181,6,0x40,0x40,0x10,0x43,0x80,0x00,0x0B,,"Status word = 0x4310"
396483,TX,0x201,3,0x90,0x90,0x00,0x00,,,,,"Set torque = 0"
396490,RX,0x181,4,0x30,0x30,0x00,0x00,0x01,,,,"Speed feedback = 0 rpm"
396510,TX,0x201,3,0x90,0x90,0x00,0x00,,,,,"Set torque = 0"
396536,TX,0x201,3,0x90,0x90,0x00,0x00,,,,,"Set torque = 0"
396562,TX,0x201,3,0x90,0x90,0x00,0x00,,,,,"Set torque = 0"
396576,RX,0x181,6,0x40,0x40,0x10,0x43,0x80,0x00,0x0B,,"Status word = 0x4310"
396583,RX,0x181,4,0x30,0x30,0x00,0x00,0x01,,,,"Speed feedback = 0 rpm"
396590,TX,0x201,3,0x90,0x90,0x00,0x00,,,,,"Set torque = 0"
396616,TX,0x201,3,0x90,0x90,0x00,0x00,,,,,"Set torque = 0"
396642,TX,0x201,3,0x90,0x90,0x00,0x00,,,,,"Set torque = 0"
396669,TX,0x201,3,0x90,0x90,0x00,0x00,,,,,"Set torque = 0"
396676,RX,0x181,6,0x40,0x40,0x10,0x43,0x80,0x00,0x0B,,"Status word = 0x4310"
396683,RX,0x181,4,0x30,0x30,0x00,0x00,0x01,,,,"Speed feedback = 0 rpm"
396695,TX,0x201,3,0x90,0x90,0x00,0x00,,,,,"Set torque = 0"
396721,TX,0x201,3,0x90,0x90,0x00,0x00,,,,,"Set torque = 0"
396747,TX,0x201,3,0x90,0x90,0x00,0x00,,,,,"Set torque = 0"
396773,TX,0x201,3,0x90,0x90,0x00,0x00,,,,,"Set torque = 0"
396779,RX,0x181,6,0x40,0x40,0x10,0x43,0x80,0x00,0x0B,,"Status word = 0x4310"
396786,RX,0x181,4,0x30,0x30,0x00,0x00,0x01,,,,"Speed feedback = 0 rpm"
396799,TX,0x201,3,0x90,0x90,0x00,0x00,,,,,"Set torque = 0"
396825,TX,0x201,3,0x90,0x90,0x00,0x00,,,,,"Set torque = 0"
396851,TX,0x201,3,0x90,0x90,0x00,0x00,,,,,"Set torque = 0"
396875,RX,0x181,6,0x40,0x40,0x10,0x43,0x80,0x00,0x0B,,"Status word = 0x4310"
396882,TX,0x201,3,0x90,0x90,0x00,0x00,,,,,"Set torque = 0"
396889,RX,0x181,4,0x30,0x30,0x00,0x00,0x01,,,,"Speed feedback = 0 rpm"
396909,TX,0x201,3,0x90,0x90,0x00,0x00,,,,,"Set torque = 0"
396935,TX,0x201,3,0x90,0x90,0x00,0x00,,,,,"Set torque = 0"
396961,TX,0x201,3,0x90,0x90,0x00,0x00,,,,,"Set torque = 0"
396975,RX,0x181,6,0x40,0x40,0x10,0x43,0x80,0x00,0x0B,,"Status word = 0x4310"
396982,RX,0x181,4,0x30,0x30,0x00,0x00,0x01,,,,"Speed feedback = 0 rpm"
396989,TX,0x201,3,0x90,0x90,0x00,0x00,,,,,"Set torque = 0"
397016,TX,0x201,3,0x90,0x90,0x00,0x00,,,,,"Set torque = 0"
397042,TX,0x201,3,0x90,0x90,0x00,0x00,,,,,"Set torque = 0"
397068,TX,0x201,3,0x90,0x90,0x00,0x00,,,,,"Set torque = 0"
397075,RX,0x181,6,0x40,0x40,0x10,0x43,0x80,0x00,0x0B,,"Status word = 0x4310"
397082,RX,0x181,4,0x30,0x30,0x00,0x00,0x01,,,,"Speed feedback = 0 rpm"
397094,TX,0x201,3,0x90,0x90,0x00,0x00,,,,,"Set torque = 0"
397119,TX,0x201,3,0x90,0x90,0x00,0x00,,,,,"Set torque = 0"
397145,TX,0x201,3,0x90,0x90,0x00,0x00,,,,,"Set torque = 0"
397171,TX,0x201,3,0x90,0x90,0x00,0x00,,,,,"Set torque = 0"
397177,RX,0x181,6,0x40,0x40,0x10,0x43,0x80,0x00,0x0B,,"Status word = 0x4310"
397184,RX,0x181,4,0x30,0x30,0x00,0x00,0x01,,,,"Speed feedback = 0 rpm"
397197,TX,0x201,3,0x90,0x90,0x00,0x00,,,,,"Set torque = 0"
397223,TX,0x201,3,0x90,0x90,0x00,0x00,,,,,"Set torque = 0"
397249,TX,0x201,3,0x90,0x90,0x00,0x00,,,,,"Set torque = 0"
397275,RX,0x181,6,0x40,0x40,0x10,0x43,0x80,0x00,0x0B,,"Status word = 0x4310"
397282,TX,0x201,3,0x90,0x90,0x00,0x00,,,,,"Set torque = 0"
397288,RX,0x181,4,0x30,0x30,0x00,0x00,0x01,,,,"Speed feedback = 0 rpm"
397308,TX,0x201,3,0x90,0x90,0x00,0x00,,,,,"Set torque = 0"
397334,TX,0x201,3,0x90,0x90,0x00,0x00,,,,,"Set torque = 0"
397360,TX,0x201,3,0x90,0x90,0x00,0x00,,,,,"Set torque = 0"
397375,RX,0x181,6,0x40,0x40,0x10,0x43,0x80,0x00,0x0B,,"Status word = 0x4310"
397382,RX,0x181,4,0x30,0x30,0x00,0x00,0x01,,,,"Speed feedback = 0 rpm"
397388,TX,0x201,3,0x90,0x90,0x00,0x00,,,,,"Set torque = 0"
397416,TX,0x201,3,0x90,0x90,0x00,0x00,,,,,"Set torque = 0"
397442,TX,0x201,3,0x90,0x90,0x00,0x00,,,,,"Set torque = 0"
397468,TX,0x201,3,0x90,0x90,0x00,0x00,,,,,"Set torque = 0"
397475,RX,0x181,6,0x40,0x40,0x10,0x43,0x80,0x00,0x0B,,"Status word = 0x4310"
397481,RX,0x181,4,0x30,0x30,0x00,0x00,0x01,,,,"Speed feedback = 0 rpm"
397494,TX,0x201,3,0x90,0x90,0x00,0x00,,,,,"Set torque = 0"
397520,TX,0x201,3,0x90,0x90,0x00,0x00,,,,,"Set torque = 0"
397546,TX,0x201,3,0x90,0x90,0x00,0x00,,,,,"Set torque = 0"
397572,TX,0x201,3,0x90,0x90,0x00,0x00,,,,,"Set torque = 0"
397579,RX,0x181,6,0x40,0x40,0x10,0x43,0x80,0x00,0x0B,,"Status word = 0x4310"
397586,RX,0x181,4,0x30,0x30,0x00,0x00,0x01,,,,"Speed feedback = 0 rpm"
397599,TX,0x201,3,0x90,0x90,0x00,0x00,,,,,"Set torque = 0"
397625,TX,0x201,3,0x90,0x90,0x00,0x00,,,,,"Set torque = 0"
397651,TX,0x201,3,0x90,0x90,0x00,0x00,,,,,"Set torque = 0"
397674,RX,0x181,6,0x40,0x40,0x10,0x43,0x80,0x00,0x0B,,"Status word = 0x4310"
397681,TX,0x201,3,0x90,0x90,0x00,0x00,,,,,"Set torque = 0"
397688,RX,0x181,4,0x30,0x30,0x00,0x00,0x01,,,,"Speed feedback = 0 rpm"
397708,TX,0x201,3,0x90,0x90,0x00,0x00,,,,,"Set torque = 0"
397735,TX,0x201,3,0x90,0x90,0x00,0x00,,,,,"Set torque = 0"
397761,TX,0x201,3,0x90,0x90,0x00,0x00,,,,,"Set torque = 0"
397774,RX,0x181,6,0x40,0x40,0x10,0x43,0x80,0x00,0x0B,,"Status word = 0x4310"
397781,RX,0x181,4,0x30,0x30,0x00,0x00,0x01,,,,"Speed feedback = 0 rpm"
397788,TX,0x201,3,0x90,0x90,0x00,0x00,,,,,"Set torque = 0"
397815,TX,0x201,3,0x90,0x90,0x00,0x00,,,,,"Set torque = 0"
397843,TX,0x201,3,0x90,0x90,0x00,0x00,,,,,"Set torque = 0"
397869,TX,0x201,3,0x90,0x90,0x00,0x00,,,,,"Set torque = 0"
397875,RX,0x181,6,0x40,0x40,0x10,0x43,0x80,0x00,0x0B,,"Status word = 0x4310"
397883,RX,0x181,4,0x30,0x30,0x00,0x00,0x01,,,,"Speed feedback = 0 rpm"
397895,TX,0x201,3,0x90,0x90,0x00,0x00,,,,,"Set torque = 0"
397921,TX,0x201,3,0x90,0x90,0x00,0x00,,,,,"Set torque = 0"
397947,TX,0x201,3,0x90,0x90,0x00,0x00,,,,,"Set torque = 0"
397973,TX,0x201,3,0x90,0x90,0x00,0x00,,,,,"Set torque = 0"
397979,RX,0x181,6,0x40,0x40,0x10,0x43,0x80,0x00,0x0B,,"Status word = 0x4310"
397986,RX,0x181,4,0x30,0x30,0x00,0x00,0x01,,,,"Speed feedback = 0 rpm"
397999,TX,0x201,3,0x90,0x90,0x00,0x00,,,,,"Set torque = 0"
398025,TX,0x201,3,0x90,0x90,0x00,0x00,,,,,"Set torque = 0"
398052,TX,0x201,3,0x90,0x90,0x00,0x00,,,,,"Set torque = 0"
398074,RX,0x181,6,0x40,0x40,0x10,0x43,0x80,0x00,0x0B,,"Status word = 0x4310"
398080,TX,0x201,3,0x90,0x90,0x00,0x00,,,,,"Set torque = 0"
398087,RX,0x181,4,0x30,0x30,0x00,0x00,0x01,,,,"Speed feedback = 0 rpm"
398107,TX,0x201,3,0x90,0x90,0x00,0x00,,,,,"Set torque = 0"
398133,TX,0x201,3,0x90,0x90,0x00,0x00,,,,,"Set torque = 0"
398159,TX,0x201,3,0x90,0x90,0x00,0x00,,,,,"Set torque = 0"
398173,RX,0x181,6,0x40,0x40,0x10,0x43,0x80,0x00,0x0B,,"Status word = 0x4310"
398180,RX,0x181,4,0x30,0x30,0x00,0x00,0x01,,,,"Speed feedback = 0 rpm"
398188,TX,0x201,3,0x90,0x90,0x00,0x00,,,,,"Set torque = 0"
398214,TX,0x201,3,0x90,0x90,0x00,0x00,,,,,"Set torque = 0"
398240,TX,0x201,3,0x90,0x90,0x00,0x00,,,,,"Set torque = 0"
398266,TX,0x201,3,0x90,0x90,0x00,0x00,,,,,"Set torque = 0"
398273,RX,0x181,6,0x40,0x40,0x10,0x43,0x80,0x00,0x0B,,"Status word = 0x4310"
398280,RX,0x181,4,0x30,0x30,0x00,0x00,0x01,,,,"Speed feedback = 0 rpm"
398292,TX,0x201,3,0x90,0x90,0x00,0x00,,,,,"Set torque = 0"
398318,TX,0x201,3,0x90,0x90,0x00,0x00,,,,,"Set torque = 0"
398348,TX,0x201,3,0x90,0x90,0x00,0x00,,,,,"Set torque = 0"
398373,RX,0x181,6,0x40,0x40,0x10,0x43,0x80,0x00,0x0B,,"Status word = 0x4310"
398380,TX,0x201,3,0x90,0x90,0x00,0x00,,,,,"Set torque = 0"
398387,RX,0x181,4,0x30,0x30,0x00,0x00,0x01,,,,"Speed feedback = 0 rpm"
398407,TX,0x201,3,0x90,0x90,0x00,0x00,,,,,"Set torque = 0"
398433,TX,0x201,3,0x90,0x90,0x00,0x00,,,,,"Set torque = 0"
398459,TX,0x201,3,0x90,0x90,0x00,0x00,,,,,"Set torque = 0"
398473,RX,0x181,6,0x40,0x40,0x10,0x43,0x80,0x00,0x0B,,"Status word = 0x4310"
398480,RX,0x181,4,0x30,0x30,0x00,0x00,0x01,,,,"Speed feedback = 0 rpm"
398487,TX,0x201,3,0x90,0x90,0x00,0x00,,,,,"Set torque = 0"
398514,TX,0x201,3,0x90,0x90,0x00,0x00,,,,,"Set torque = 0"
398540,TX,0x201,3,0x90,0x90,0x00,0x00,,,,,"Set torque = 0"
398566,TX,0x201,3,0x90,0x90,0x00,0x00,,,,,"Set torque = 0"
398573,RX,0x181,6,0x40,0x40,0x10,0x43,0x80,0x00,0x0B,,"Status word = 0x4310"
398580,RX,0x181,4,0x30,0x30,0x00,0x00,0x01,,,,"Speed feedback = 0 rpm"
398592,TX,0x201,3,0x90,0x90,0x00,0x00,,,,,"Set torque = 0"
398618,TX,0x201,3,0x90,0x90,0x00,0x00,,,,,"Set torque = 0"
398644,TX,0x201,3,0x90,0x90,0x00,0x00,,,,,"Set torque = 0"
398671,TX,0x201,3,0x90,0x90,0x00,0x00,,,,,"Set torque = 0"
398677,RX,0x181,6,0x40,0x40,0x10,0x43,0x80,0x00,0x0B,,"Status word = 0x4310"
398684,RX,0x181,4,0x30,0x30,0x00,0x00,0x01,,,,"Speed feedback = 0 rpm"
398697,TX,0x201,3,0x90,0x90,0x00,0x00,,,,,"Set torque = 0"
398723,TX,0x201,3,0x90,0x90,0x00,0x00,,,,,"Set torque = 0"
398749,TX,0x201,3,0x90,0x90,0x00,0x00,,,,,"Set torque = 0"
398772,RX,0x181,6,0x40,0x40,0x10,0x43,0x80,0x00,0x0B,,"Status word = 0x4310"
398779,TX,0x201,3,0x90,0x90,0x00,0x00,,,,,"Set torque = 0"
398786,RX,0x181,4,0x30,0x30,0x00,0x00,0x01,,,,"Speed feedback = 0 rpm"
398806,TX,0x201,3,0x90,0x90,0x00,0x00,,,,,"Set torque = 0"
398832,TX,0x201,3,0x90,0x90,0x00,0x00,,,,,"Set torque = 0"
398858,TX,0x201,3,0x90,0x90,0x00,0x00,,,,,"Set torque = 0"
398872,RX,0x181,6,0x40,0x40,0x10,0x43,0x80,0x00,0x0B,,"Status word = 0x4310"
398879,RX,0x181,4,0x30,0x30,0x00,0x00,0x01,,,,"Speed feedback = 0 rpm"
398886,TX,0x201,3,0x90,0x90,0x00,0x00,,,,,"Set torque = 0"
398913,TX,0x201,3,0x90,0x90,0x00,0x00,,,,,"Set torque = 0"
398939,TX,0x201,3,0x90,0x90,0x00,0x00,,,,,"Set torque = 0"
398965,TX,0x201,3,0x90,0x90,0x00,0x00,,,,,"Set torque = 0"
398972,RX,0x181,6,0x40,0x40,0x10,0x43,0x80,0x00,0x0B,,"Status word = 0x4310"
398979,RX,0x181,4,0x30,0x30,0x00,0x00,0x01,,,,"Speed feedback = 0 rpm"
398992,TX,0x201,3,0x90,0x90,0x00,0x00,,,,,"Set torque = 0"
399018,TX,0x201,3,0x90,0x90,0x00,0x00,,,,,"Set torque = 0"
399044,TX,0x201,3,0x90,0x90,0x00,0x00,,,,,"Set torque = 0"
399070,TX,0x201,3,0x90,0x90,0x00,0x00,,,,,"Set torque = 0"
399076,RX,0x181,6,0x40,0x40,0x10,0x43,0x80,0x00,0x0B,,"Status word = 0x4310"
399083,RX,0x181,4,0x30,0x30,0x00,0x00,0x01,,,,"Speed feedback = 0 rpm"
399096,TX,0x201,3,0x90,0x90,0x00,0x00,,,,,"Set torque = 0"
399123,TX,0x201,3,0x90,0x90,0x00,0x00,,,,,"Set torque = 0"
399149,TX,0x201,3,0x90,0x90,0x00,0x00,,,,,"Set torque = 0"
399172,RX,0x181,6,0x40,0x40,0x10,0x43,0x80,0x00,0x0B,,"Status word = 0x4310"
399177,TX,0x201,3,0x90,0x90,0x00,0x00,,,,,"Set torque = 0"
399183,RX,0x181,4,0x30,0x30,0x00,0x00,0x01,,,,"Speed feedback = 0 rpm"
399203,TX,0x201,3,0x90,0x90,0x00,0x00,,,,,"Set torque = 0"
399229,TX,0x201,3,0x90,0x90,0x00,0x00,,,,,"Set torque = 0"
399255,TX,0x201,3,0x90,0x90,0x00,0x00,,,,,"Set torque = 0"
399272,RX,0x181,6,0x40,0x40,0x10,0x43,0x80,0x00,0x0B,,"Status word = 0x4310"
399279,RX,0x181,4,0x30,0x30,0x00,0x00,0x01,,,,"Speed feedback = 0 rpm"
399286,TX,0x201,3,0x90,0x90,0x00,0x00,,,,,"Set torque = 0"
399312,TX,0x201,3,0x90,0x90,0x00,0x00,,,,,"Set torque = 0"
399338,TX,0x201,3,0x90,0x90,0x00,0x00,,,,,"Set torque = 0"
399364,TX,0x201,3,0x90,0x90,0x00,0x00,,,,,"Set torque = 0"
399371,RX,0x181,6,0x40,0x40,0x10,0x43,0x80,0x00,0x0B,,"Status word = 0x4310"
399378,RX,0x181,4,0x30,0x30,0x00,0x00,0x01,,,,"Speed feedback = 0 rpm"
399390,TX,0x201,3,0x90,0x90,0x00,0x00,,,,,"Set torque = 0"
399416,TX,0x201,3,0x90,0x90,0x00,0x00,,,,,"Set torque = 0"
399443,TX,0x201,3,0x90,0x90,0x00,0x00,,,,,"Set torque = 0"
399469,TX,0x201,3,0x90,0x90,0x00,0x00,,,,,"Set torque = 0"
399475,RX,0x181,6,0x40,0x40,0x10,0x43,0x80,0x00,0x0B,,"Status word = 0x4310"
399482,RX,0x181,4,0x30,0x30,0x00,0x00,0x01,,,,"Speed feedback = 0 rpm"
399495,TX,0x201,3,0x90,0x90,0x00,0x00,,,,,"Set torque = 0"
399521,TX,0x201,3,0x90,0x90,0x00,0x00,,,,,"Set torque = 0"
399547,TX,0x201,3,0x90,0x90,0x00,0x00,,,,,"Set torque = 0"
399571,RX,0x181,6,0x40,0x40,0x10,0x43,0x80,0x00,0x0B,,"Status word = 0x4310"
399578,TX,0x201,3,0x90,0x90,0x00,0x00,,,,,"Set torque = 0"
399585,RX,0x181,4,0x30,0x30,0x00,0x00,0x01,,,,"Speed feedback = 0 rpm"
399605,TX,0x201,3,0x90,0x90,0x00,0x00,,,,,"Set torque = 0"
399631,TX,0x201,3,0x90,0x90,0x00,0x00,,,,,"Set torque = 0"
399657,TX,0x201,3,0x90,0x90,0x00,0x00,,,,,"Set torque = 0"
399671,RX,0x181,6,0x40,0x40,0x10,0x43,0x80,0x00,0x0B,,"Status word = 0x4310"
399678,RX,0x181,4,0x30,0x30,0x00,0x00,0x01,,,,"Speed feedback = 0 rpm"
399685,TX,0x201,3,0x90,0x90,0x00,0x00,,,,,"Set torque = 0"
399712,TX,0x201,3,0x90,0x90,0x00,0x00,,,,,"Set torque = 0"
399738,TX,0x201,3,0x90,0x90,0x00,0x00,,,,,"Set torque = 0"
399765,TX,0x201,3,0x90,0x90,0x00,0x00,,,,,"Set torque = 0"
399771,RX,0x181,6,0x40,0x40,0x10,0x43,0x80,0x00,0x0B,,"Status word = 0x4310"
399778,RX,0x181,4,0x30,0x30,0x00,0x00,0x01,,,,"Speed feedback = 0 rpm"
399791,TX,0x201,3,0x90,0x90,0x00,0x00,,,,,"Set torque = 0"
399817,TX,0x201,3,0x90,0x90,0x00,0x00,,,,,"Set torque = 0"
399843,TX,0x201,3,0x90,0x90,0x00,0x00,,,,,"Set torque = 0"
399869,TX,0x201,3,0x90,0x90,0x00,0x00,,,,,"Set torque = 0"
399875,RX,0x181,6,0x40,0x40,0x10,0x43,0x80,0x00,0x0B,,"Status word = 0x4310"
399882,RX,0x181,4,0x30,0x30,0x00,0x00,0x01,,,,"Speed feedback = 0 rpm"
399895,TX,0x201,3,0x90,0x90,0x00,0x00,,,,,"Set torque = 0"
399921,TX,0x201,3,0x90,0x90,0x00,0x00,,,,,"Set torque = 0"
399947,TX,0x201,3,0x90,0x90,0x00,0x00,,,,,"Set torque = 0"
399971,RX,0x181,6,0x40,0x40,0x10,0x43,0x80,0x00,0x0B,,"Status word = 0x4310"
399977,TX,0x201,3,0x90,0x90,0x00,0x00,,,,,"Set torque = 0"
399984,RX,0x181,4,0x30,0x30,0x00,0x00,0x01,,,,"Speed feedback = 0 rpm"
400004,TX,0x201,3,0x90,0x90,0x00,0x00,,,,,"Set torque = 0"
400030,TX,0x201,3,0x90,0x90,0x00,0x00,,,,,"Set torque = 0"
400056,TX,0x201,3,0x90,0x90,0x00,0x00,,,,,"Set torque = 0"
400070,RX,0x181,6,0x40,0x40,0x10,0x43,0x80,0x00,0x0B,,"Status word = 0x4310"
400077,RX,0x181,4,0x30,0x30,0x00,0x00,0x01,,,,"Speed feedback = 0 rpm"
400084,TX,0x201,3,0x90,0x90,0x00,0x00,,,,,"Set torque = 0"
400111,TX,0x201,3,0x90,0x90,0x00,0x00,,,,,"Set torque = 0"
400137,TX,0x201,3,0x90,0x90,0x00,0x00,,,,,"Set torque = 0"
400163,TX,0x201,3,0x90,0x90,0x00,0x00,,,,,"Set torque = 0"
400170,RX,0x181,6,0x40,0x40,0x10,0x43,0x80,0x00,0x0B,,"Status word = 0x4310"
400177,RX,0x181,4,0x30,0x30,0x00,0x00,0x01,,,,"Speed feedback = 0 rpm"
400189,TX,0x201,3,0x90,0x90,0x00,0x00,,,,,"Set torque = 0"
400216,TX,0x201,3,0x90,0x90,0x00,0x00,,,,,"Set torque = 0"
400242,TX,0x201,3,0x90,0x90,0x00,0x00,,,,,"Set torque = 0"
400268,TX,0x201,3,0x90,0x90,0x00,0x00,,,,,"Set torque = 0"
400274,RX,0x181,6,0x40,0x40,0x10,0x43,0x80,0x00,0x0B,,"Status word = 0x4310"
400281,RX,0x181,4,0x30,0x30,0x00,0x00,0x01,,,,"Speed feedback = 0 rpm"
400294,TX,0x201,3,0x90,0x90,0x00,0x00,,,,,"Set torque = 0"
400320,TX,0x201,3,0x90,0x90,0x00,0x00,,,,,"Set torque = 0"
400346,TX,0x201,3,0x90,0x90,0x00,0x00,,,,,"Set torque = 0"
400370,RX,0x181,6,0x40,0x40,0x10,0x43,0x80,0x00,0x0B,,"Status word = 0x4310"
400377,RX,0x181,4,0x30,0x30,0x00,0x00,0x01,,,,"Speed feedback = 0 rpm"
400384,TX,0x201,3,0x90,0x90,0x00,0x00,,,,,"Set torque = 0"
400411,TX,0x201,3,0x90,0x90,0x00,0x00,,,,,"Set torque = 0"
400437,TX,0x201,3,0x90,0x90,0x00,0x00,,,,,"Set torque = 0"
400463,TX,0x201,3,0x90,0x90,0x00,0x00,,,,,"Set torque = 0"
400470,RX,0x181,6,0x40,0x40,0x10,0x43,0x80,0x00,0x0B,,"Status word = 0x4310"
400477,RX,0x181,4,0x30,0x30,0x00,0x00,0x01,,,,"Speed feedback = 0 rpm"
400489,TX,0x201,3,0x90,0x90,0x00,0x00,,,,,"Set torque = 0"
400515,TX,0x201,3,0x90,0x90,0x00,0x00,,,,,"Set torque = 0"
400542,TX,0x201,3,0x90,0x90,0x00,0x00,,,,,"Set torque = 0"
400568,TX,0x201,3,0x90,0x90,0x00,0x00,,,,,"Set torque = 0"
400574,RX,0x181,6,0x40,0x40,0x10,0x43,0x80,0x00,0x0B,,"Status word = 0x4310"
400581,RX,0x181,4,0x30,0x30,0x00,0x00,0x01,,,,"Speed feedback = 0 rpm"
400594,TX,0x201,3,0x90,0x90,0x00,0x00,,,,,"Set torque = 0"
400620,TX,0x201,3,0x90,0x90,0x00,0x00,,,,,"Set torque = 0"
400646,TX,0x201,3,0x90,0x90,0x00,0x00,,,,,"Set torque = 0"
400669,RX,0x181,6,0x40,0x40,0x10,0x43,0x80,0x00,0x0B,,"Status word = 0x4310"
400676,TX,0x201,3,0x90,0x90,0x00,0x00,,,,,"Set torque = 0"
400683,RX,0x181,4,0x30,0x30,0x00,0x00,0x01,,,,"Speed feedback = 0 rpm"
400703,TX,0x201,3,0x90,0x90,0x00,0x00,,,,,"Set torque = 0"
400729,TX,0x201,3,0x90,0x90,0x00,0x00,,,,,"Set torque = 0"
400755,TX,0x201,3,0x90,0x90,0x00,0x00,,,,,"Set torque = 0"
400769,RX,0x181,6,0x40,0x40,0x10,0x43,0x80,0x00,0x0B,,"Status word = 0x4310"
400776,RX,0x181,4,0x30,0x30,0x00,0x00,0x01,,,,"Speed feedback = 0 rpm"
400783,TX,0x201,3,0x90,0x90,0x00,0x00,,,,,"Set torque = 0"
400810,TX,0x201,3,0x90,0x90,0x00,0x00,,,,,"Set torque = 0"
400836,TX,0x201,3,0x90,0x90,0x00,0x00,,,,,"Set torque = 0"
400863,TX,0x201,3,0x90,0x90,0x00,0x00,,,,,"Set torque = 0"
400869,RX,0x181,6,0x40,0x40,0x10,0x43,0x80,0x00,0x0B,,"Status word = 0x4310"
400876,RX,0x181,4,0x30,0x30,0x00,0x00,0x01,,,,"Speed feedback = 0 rpm"
400889,TX,0x201,3,0x90,0x90,0x00,0x00,,,,,"Set torque = 0"
400915,TX,0x201,3,0x90,0x90,0x00,0x00,,,,,"Set torque = 0"
400941,TX,0x201,3,0x90,0x90,0x00,0x00,,,,,"Set torque = 0"
400967,TX,0x201,3,0x90,0x90,0x00,0x00,,,,,"Set torque = 0"
400973,RX,0x181,6,0x40,0x40,0x10,0x43,0x80,0x00,0x0B,,"Status word = 0x4310"
400980,RX,0x181,4,0x30,0x30,0x00,0x00,0x01,,,,"Speed feedback = 0 rpm"
400993,TX,0x201,3,0x90,0x90,0x00,0x00,,,,,"Set torque = 0"
401019,TX,0x201,3,0x90,0x90,0x00,0x00,,,,,"Set torque = 0"
401045,TX,0x201,3,0x90,0x90,0x00,0x00,,,,,"Set torque = 0"
401069,RX,0x181,6,0x40,0x40,0x10,0x43,0x80,0x00,0x0B,,"Status word = 0x4310"
401076,TX,0x201,3,0x90,0x90,0x00,0x00,,,,,"Set torque = 0"
401082,RX,0x181,4,0x30,0x30,0x00,0x00,0x01,,,,"Speed feedback = 0 rpm"
401102,TX,0x201,3,0x90,0x90,0x00,0x00,,,,,"Set torque = 0"
401128,TX,0x201,3,0x90,0x90,0x00,0x00,,,,,"Set torque = 0"
401154,TX,0x201,3,0x90,0x90,0x00,0x00,,,,,"Set torque = 0"
401169,RX,0x181,6,0x40,0x40,0x10,0x43,0x80,0x00,0x0B,,"Status word = 0x4310"
401176,RX,0x181,4,0x30,0x30,0x00,0x00,0x01,,,,"Speed feedback = 0 rpm"
401182,TX,0x201,3,0x90,0x90,0x00,0x00,,,,,"Set torque = 0"
401209,TX,0x201,3,0x90,0x90,0x00,0x00,,,,,"Set torque = 0"
401235,TX,0x201,3,0x90,0x90,0x00,0x00,,,,,"Set torque = 0"
401261,TX,0x201,3,0x90,0x90,0x00,0x00,,,,,"Set torque = 0"
401268,RX,0x181,6,0x40,0x40,0x10,0x43,0x80,0x00,0x0B,,"Status word = 0x4310"
401275,RX,0x181,4,0x30,0x30,0x00,0x00,0x01,,,,"Speed feedback = 0 rpm"
401287,TX,0x201,3,0x90,0x90,0x00,0x00,,,,,"Set torque = 0"
401314,TX,0x201,3,0x90,0x90,0x00,0x00,,,,,"Set torque = 0"
401340,TX,0x201,3,0x90,0x90,0x00,0x00,,,,,"Set torque = 0"
401366,TX,0x201,3,0x90,0x90,0x00,0x00,,,,,"Set torque = 0"
401372,RX,0x181,6,0x40,0x40,0x10,0x43,0x80,0x00,0x0B,,"Status word = 0x4310"
401379,RX,0x181,4,0x30,0x30,0x00,0x00,0x01,,,,"Speed feedback = 0 rpm"
401392,TX,0x201,3,0x90,0x90,0x00,0x00,,,,,"Set torque = 0"
401418,TX,0x201,3,0x90,0x90,0x00,0x00,,,,,"Set torque = 0"
401444,TX,0x201,3,0x90,0x90,0x00,0x00,,,,,"Set torque = 0"
401468,RX,0x181,6,0x40,0x40,0x10,0x43,0x80,0x00,0x0B,,"Status word = 0x4310"
401475,RX,0x181,4,0x30,0x30,0x00,0x00,0x01,,,,"Speed feedback = 0 rpm"
401482,TX,0x201,3,0x90,0x90,0x00,0x00,,,,,"Set torque = 0"
401509,TX,0x201,3,0x90,0x90,0x00,0x00,,,,,"Set torque = 0"
401535,TX,0x201,3,0x90,0x90,0x00,0x00,,,,,"Set torque = 0"
401561,TX,0x201,3,0x90,0x90,0x00,0x00,,,,,"Set torque = 0"
401568,RX,0x181,6,0x40,0x40,0x10,0x43,0x80,0x00,0x0B,,"Status word = 0x4310"
401575,RX,0x181,4,0x30,0x30,0x00,0x00,0x01,,,,"Speed feedback = 0 rpm"
401587,TX,0x201,3,0x90,0x90,0x00,0x00,,,,,"Set torque = 0"
401613,TX,0x201,3,0x90,0x90,0x00,0x00,,,,,"Set torque = 0"
401641,TX,0x201,3,0x90,0x90,0x00,0x00,,,,,"Set torque = 0"
401667,TX,0x201,3,0x90,0x90,0x00,0x00,,,,,"Set torque = 0"
401673,RX,0x181,6,0x40,0x40,0x10,0x43,0x80,0x00,0x0B,,"Status word = 0x4310"
401680,RX,0x181,4,0x30,0x30,0x00,0x00,0x01,,,,"Speed feedback = 0 rpm"
401693,TX,0x201,3,0x90,0x90,0x00,0x00,,,,,"Set torque = 0"
401719,TX,0x201,3,0x90,0x90,0x00,0x00,,,,,"Set torque = 0"
401745,TX,0x201,3,0x90,0x90,0x00,0x00,,,,,"Set torque = 0"
401768,RX,0x181,6,0x40,0x40,0x10,0x43,0x80,0x00,0x0B,,"Status word = 0x4310"
401774,TX,0x201,3,0x90,0x90,0x00,0x00,,,,,"Set torque = 0"
401782,RX,0x181,4,0x30,0x30,0x00,0x00,0x01,,,,"Speed feedback = 0 rpm"
401802,TX,0x201,3,0x90,0x90,0x00,0x00,,,,,"Set torque = 0"
401828,TX,0x201,3,0x90,0x90,0x00,0x00,,,,,"Set torque = 0"
401854,TX,0x201,3,0x90,0x90,0x00,0x00,,,,,"Set torque = 0"
401868,RX,0x181,6,0x40,0x40,0x10,0x43,0x80,0x00,0x0B,,"Status word = 0x4310"
401874,RX,0x181,4,0x30,0x30,0x00,0x00,0x01,,,,"Speed feedback = 0 rpm"
401881,TX,0x201,3,0x90,0x90,0x00,0x00,,,,,"Set torque = 0"
401908,TX,0x201,3,0x90,0x90,0x00,0x00,,,,,"Set torque = 0"
401934,TX,0x201,3,0x90,0x90,0x00,0x00,,,,,"Set torque = 0"
401961,TX,0x201,3,0x90,0x90,0x00,0x00,,,,,"Set torque = 0"
401967,RX,0x181,6,0x40,0x40,0x10,0x43,0x80,0x00,0x0B,,"Status word = 0x4310"
401974,RX,0x181,4,0x30,0x30,0x00,0x00,0x01,,,,"Speed feedback = 0 rpm"
401987,TX,0x201,3,0x90,0x90,0x00,0x00,,,,,"Set torque = 0"
402013,TX,0x201,3,0x90,0x90,0x00,0x00,,,,,"Set torque = 0"
402039,TX,0x201,3,0x90,0x90,0x00,0x00,,,,,"Set torque = 0"
402065,TX,0x201,3,0x90,0x90,0x00,0x00,,,,,"Set torque = 0"
402071,RX,0x181,6,0x40,0x40,0x10,0x43,0x80,0x00,0x0B,,"Status word = 0x4310"
402078,RX,0x181,4,0x30,0x30,0x00,0x00,0x01,,,,"Speed feedback = 0 rpm"
402091,TX,0x201,3,0x90,0x90,0x00,0x00,,,,,"Set torque = 0"
402117,TX,0x201,3,0x90,0x90,0x00,0x00,,,,,"Set torque = 0"
402143,TX,0x201,3,0x90,0x90,0x00,0x00,,,,,"Set torque = 0"
402167,RX,0x181,6,0x40,0x40,0x10,0x43,0x80,0x00,0x0B,,"Status word = 0x4310"
402174,TX,0x201,3,0x90,0x90,0x00,0x00,,,,,"Set torque = 0"
402181,RX,0x181,4,0x30,0x30,0x00,0x00,0x01,,,,"Speed feedback = 0 rpm"
402201,TX,0x201,3,0x90,0x90,0x00,0x00,,,,,"Set torque = 0"
402227,TX,0x201,3,0x90,0x90,0x00,0x00,,,,,"Set torque = 0"
402253,TX,0x201,3,0x90,0x90,0x00,0x00,,,,,"Set torque = 0"
402267,RX,0x181,6,0x40,0x40,0x10,0x43,0x80,0x00,0x0B,,"Status word = 0x4310"
402274,RX,0x181,4,0x30,0x30,0x00,0x00,0x01,,,,"Speed feedback = 0 rpm"
402281,TX,0x201,3,0x90,0x90,0x00,0x00,,,,,"Set torque = 0"
402307,TX,0x201,3,0x90,0x90,0x00,0x00,,,,,"Set torque = 0"
402333,TX,0x201,3,0x90,0x90,0x00,0x00,,,,,"Set torque = 0"
402359,TX,0x201,3,0x90,0x90,0x00,0x00,,,,,"Set torque = 0"
402367,RX,0x181,6,0x40,0x40,0x10,0x43,0x80,0x00,0x0B,,"Status word = 0x4310"
402374,RX,0x181,4,0x30,0x30,0x00,0x00,0x01,,,,"Speed feedback = 0 rpm"
402385,TX,0x201,3,0x90,0x90,0x00,0x00,,,,,"Set torque = 0"
402412,TX,0x201,3,0x90,0x90,0x00,0x00,,,,,"Set torque = 0"
402438,TX,0x201,3,0x90,0x90,0x00,0x00,,,,,"Set torque = 0"
402464,TX,0x201,3,0x90,0x90,0x00,0x00,,,,,"Set torque = 0"
402470,RX,0x181,6,0x40,0x40,0x10,0x43,0x80,0x00,0x0B,,"Status word = 0x4310"
402477,RX,0x181,4,0x30,0x30,0x00,0x00,0x01,,,,"Speed feedback = 0 rpm"
402490,TX,0x201,3,0x90,0x90,0x00,0x00,,,,,"Set torque = 0"
402516,TX,0x201,3,0x90,0x90,0x00,0x00,,,,,"Set torque = 0"
402542,TX,0x201,3,0x90,0x90,0x00,0x00,,,,,"Set torque = 0"
402566,RX,0x181,6,0x40,0x40,0x10,0x43,0x80,0x00,0x0B,,"Status word = 0x4310"
402574,RX,0x181,4,0x30,0x30,0x00,0x00,0x01,,,,"Speed feedback = 0 rpm"
402580,TX,0x201,3,0x90,0x90,0x00,0x00,,,,,"Set torque = 0"
402607,TX,0x201,3,0x90,0x90,0x00,0x00,,,,,"Set torque = 0"
402633,TX,0x201,3,0x90,0x90,0x00,0x00,,,,,"Set torque = 0"
402659,TX,0x201,3,0x90,0x90,0x00,0x00,,,,,"Set torque = 0"
402666,RX,0x181,6,0x40,0x40,0x10,0x43,0x80,0x00,0x0B,,"Status word = 0x4310"
402673,RX,0x181,4,0x30,0x30,0x00,0x00,0x01,,,,"Speed feedback = 0 rpm"
402685,TX,0x201,3,0x90,0x90,0x00,0x00,,,,,"Set torque = 0"
402715,TX,0x201,3,0x90,0x90,0x00,0x00,,,,,"Set torque = 0"
402741,TX,0x201,3,0x90,0x90,0x00,0x00,,,,,"Set torque = 0"
402766,RX,0x181,6,0x40,0x40,0x10,0x43,0x80,0x00,0x0B,,"Status word = 0x4310"
402773,TX,0x201,3,0x90,0x90,0x00,0x00,,,,,"Set torque = 0"
402780,RX,0x181,4,0x30,0x30,0x00,0x00,0x01,,,,"Speed feedback = 0 rpm"
402800,TX,0x201,3,0x90,0x90,0x00,0x00,,,,,"Set torque = 0"
402826,TX,0x201,3,0x90,0x90,0x00,0x00,,,,,"Set torque = 0"
402852,TX,0x201,3,0x90,0x90,0x00,0x00,,,,,"Set torque = 0"
402866,RX,0x181,6,0x40,0x40,0x10,0x43,0x80,0x00,0x0B,,"Status word = 0x4310"
402873,RX,0x181,4,0x30,0x30,0x00,0x00,0x01,,,,"Speed feedback = 0 rpm"
402880,TX,0x201,3,0x90,0x90,0x00,0x00,,,,,"Set torque = 0"
402907,TX,0x201,3,0x90,0x90,0x00,0x00,,,,,"Set torque = 0"
402933,TX,0x201,3,0x90,0x90,0x00,0x00,,,,,"Set torque = 0"
402959,TX,0x201,3,0x90,0x90,0x00,0x00,,,,,"Set torque = 0"
402966,RX,0x181,6,0x40,0x40,0x10,0x43,0x80,0x00,0x0B,,"Status word = 0x4310"
402973,RX,0x181,4,0x30,0x30,0x00,0x00,0x01,,,,"Speed feedback = 0 rpm"
402985,TX,0x201,3,0x90,0x90,0x00,0x00,,,,,"Set torque = 0"
403011,TX,0x201,3,0x90,0x90,0x00,0x00,,,,,"Set torque = 0"
403038,TX,0x201,3,0x90,0x90,0x00,0x00,,,,,"Set torque = 0"
403064,TX,0x201,3,0x90,0x90,0x00,0x00,,,,,"Set torque = 0"
403070,RX,0x181,6,0x40,0x40,0x10,0x43,0x80,0x00,0x0B,,"Status word = 0x4310"
403077,RX,0x181,4,0x30,0x30,0x00,0x00,0x01,,,,"Speed feedback = 0 rpm"
403090,TX,0x201,3,0x90,0x90,0x00,0x00,,,,,"Set torque = 0"
403116,TX,0x201,3,0x90,0x90,0x00,0x00,,,,,"Set torque = 0"
403142,TX,0x201,3,0x90,0x90,0x00,0x00,,,,,"Set torque = 0"
403165,RX,0x181,6,0x40,0x40,0x10,0x43,0x80,0x00,0x0B,,"Status word = 0x4310"
403172,TX,0x201,3,0x90,0x90,0x00,0x00,,,,,"Set torque = 0"
403179,RX,0x181,4,0x30,0x30,0x00,0x00,0x01,,,,"Speed feedback = 0 rpm"
403199,TX,0x201,3,0x90,0x90,0x00,0x00,,,,,"Set torque = 0"
403225,TX,0x201,3,0x90,0x90,0x00,0x00,,,,,"Set torque = 0"
403251,TX,0x201,3,0x90,0x90,0x00,0x00,,,,,"Set torque = 0"
403265,RX,0x181,6,0x40,0x40,0x10,0x43,0x80,0x00,0x0B,,"Status word = 0x4310"
403272,RX,0x181,4,0x30,0x30,0x00,0x00,0x01,,,,"Speed feedback = 0 rpm"
403279,TX,0x201,3,0x90,0x90,0x00,0x00,,,,,"Set torque = 0"
403306,TX,0x201,3,0x90,0x90,0x00,0x00,,,,,"Set torque = 0"
403332,TX,0x201,3,0x90,0x90,0x00,0x00,,,,,"Set torque = 0"
403359,TX,0x201,3,0x90,0x90,0x00,0x00,,,,,"Set torque = 0"
403365,RX,0x181,6,0x40,0x40,0x10,0x43,0x80,0x00,0x0B,,"Status word = 0x4310"
403372,RX,0x181,4,0x30,0x30,0x00,0x00,0x01,,,,"Speed feedback = 0 rpm"
403385,TX,0x201,3,0x90,0x90,0x00,0x00,,,,,"Set torque = 0"
403411,TX,0x201,3,0x90,0x90,0x00,0x00,,,,,"Set torque = 0"
403437,TX,0x201,3,0x90,0x90,0x00,0x00,,,,,"Set torque = 0"
403463,TX,0x201,3,0x90,0x90,0x00,0x00,,,,,"Set torque = 0"
403469,RX,0x181,6,0x40,0x40,0x10,0x43,0x80,0x00,0x0B,,"Status word = 0x4310"
403476,RX,0x181,4,0x30,0x30,0x00,0x00,0x01,,,,"Speed feedback = 0 rpm"
403489,TX,0x201,3,0x90,0x90,0x00,0x00,,,,,"Set torque = 0"
403515,TX,0x201,3,0x90,0x90,0x00,0x00,,,,,"Set torque = 0"
403541,TX,0x201,3,0x90,0x90,0x00,0x00,,,,,"Set torque = 0"
403565,RX,0x181,6,0x40,0x40,0x10,0x43,0x80,0x00,0x0B,,"Status word = 0x4310"
403572,TX,0x201,3,0x90,0x90,0x00,0x00,,,,,"Set torque = 0"
403578,RX,0x181,4,0x30,0x30,0x00,0x00,0x01,,,,"Speed feedback = 0 rpm"
403598,TX,0x201,3,0x90,0x90,0x00,0x00,,,,,"Set torque = 0"
403624,TX,0x201,3,0x90,0x90,0x00,0x00,,,,,"Set torque = 0"
403650,TX,0x201,3,0x90,0x90,0x00,0x00,,,,,"Set torque = 0"
403665,RX,0x181,6,0x40,0x40,0x10,0x43,0x80,0x00,0x0B,,"Status word = 0x4310"
403672,RX,0x181,4,0x30,0x30,0x00,0x00,0x01,,,,"Speed feedback = 0 rpm"
403678,TX,0x201,3,0x90,0x90,0x00,0x00,,,,,"Set torque = 0"
403705,TX,0x201,3,0x90,0x90,0x00,0x00,,,,,"Set torque = 0"
403731,TX,0x201,3,0x90,0x90,0x00,0x00,,,,,"Set torque = 0"
403757,TX,0x201,3,0x90,0x90,0x00,0x00,,,,,"Set torque = 0"
403765,RX,0x181,6,0x40,0x40,0x10,0x43,0x80,0x00,0x0B,,"Status word = 0x4310"
403771,RX,0x181,4,0x30,0x30,0x00,0x00,0x01,,,,"Speed feedback = 0 rpm"
403783,TX,0x201,3,0x90,0x90,0x00,0x00,,,,,"Set torque = 0"
403810,TX,0x201,3,0x90,0x90,0x00,0x00,,,,,"Set torque = 0"
403836,TX,0x201,3,0x90,0x90,0x00,0x00,,,,,"Set torque = 0"
403862,TX,0x201,3,0x90,0x90,0x00,0x00,,,,,"Set torque = 0"
403868,RX,0x181,6,0x40,0x40,0x10,0x43,0x80,0x00,0x0B,,"Status word = 0x4310"
403875,RX,0x181,4,0x30,0x30,0x00,0x00,0x01,,,,"Speed feedback = 0 rpm"
403888,TX,0x201,3,0x90,0x90,0x00,0x00,,,,,"Set torque = 0"
403914,TX,0x201,3,0x90,0x90,0x00,0x00,,,,,"Set torque = 0"
403940,TX,0x201,3,0x90,0x90,0x00,0x00,,,,,"Set torque = 0"
403964,RX,0x181,6,0x40,0x40,0x10,0x43,0x80,0x00,0x0B,,"Status word = 0x4310"
403971,RX,0x181,4,0x30,0x30,0x00,0x00,0x01,,,,"Speed feedback = 0 rpm"
403978,TX,0x201,3,0x90,0x90,0x00,0x00,,,,,"Set torque = 0"
404005,TX,0x201,3,0x90,0x90,0x00,0x00,,,,,"Set torque = 0"
404031,TX,0x201,3,0x90,0x90,0x00,0x00,,,,,"Set torque = 0"
404057,TX,0x201,3,0x90,0x90,0x00,0x00,,,,,"Set torque = 0"
404064,RX,0x181,6,0x40,0x40,0x10,0x43,0x80,0x00,0x0B,,"Status word = 0x4310"
404071,RX,0x181,4,0x30,0x30,0x00,0x00,0x01,,,,"Speed feedback = 0 rpm"
404083,TX,0x201,3,0x90,0x90,0x00,0x00,,,,,"Set torque = 0"
404109,TX,0x201,3,0x90,0x90,0x00,0x00,,,,,"Set torque = 0"
404136,TX,0x201,3,0x90,0x90,0x00,0x00,,,,,"Set torque = 0"
404162,TX,0x201,3,0x90,0x90,0x00,0x00,,,,,"Set torque = 0"
404168,RX,0x181,6,0x40,0x40,0x10,0x43,0x80,0x00,0x0B,,"Status word = 0x4310"
404175,RX,0x181,4,0x30,0x30,0x00,0x00,0x01,,,,"Speed feedback = 0 rpm"
404188,TX,0x201,3,0x90,0x90,0x00,0x00,,,,,"Set torque = 0"
404214,TX,0x201,3,0x90,0x90,0x00,0x00,,,,,"Set torque = 0"
404240,TX,0x201,3,0x90,0x90,0x00,0x00,,,,,"Set torque = 0"
404264,RX,0x181,6,0x40,0x40,0x10,0x43,0x80,0x00,0x0B,,"Status word = 0x4310"
404271,TX,0x201,3,0x90,0x90,0x00,0x00,,,,,"Set torque = 0"
404278,RX,0x181,4,0x30,0x30,0x00,0x00,0x01,,,,"Speed feedback = 0 rpm"
404298,TX,0x201,3,0x90,0x90,0x00,0x00,,,,,"Set torque = 0"
404324,TX,0x201,3,0x90,0x90,0x00,0x00,,,,,"Set torque = 0"
404350,TX,0x201,3,0x90,0x90,0x00,0x00,,,,,"Set torque = 0"
404364,RX,0x181,6,0x40,0x40,0x10,0x43,0x80,0x00,0x0B,,"Status word = 0x4310"
404371,RX,0x181,4,0x30,0x30,0x00,0x00,0x01,,,,"Speed feedback = 0 rpm"
404377,TX,0x201,3,0x90,0x90,0x00,0x00,,,,,"Set torque = 0"
404404,TX,0x201,3,0x90,0x90,0x00,0x00,,,,,"Set torque = 0"
404430,TX,0x201,3,0x90,0x90,0x00,0x00,,,,,"Set torque = 0"
404457,TX,0x201,3,0x90,0x90,0x00,0x00,,,,,"Set torque = 0"
404463,RX,0x181,6,0x40,0x40,0x10,0x43,0x80,0x00,0x0B,,"Status word = 0x4310"
404470,RX,0x181,4,0x30,0x30,0x00,0x00,0x01,,,,"Speed feedback = 0 rpm"
404483,TX,0x201,3,0x90,0x90,0x00,0x00,,,,,"Set torque = 0"
404509,TX,0x201,3,0x90,0x90,0x00,0x00,,,,,"Set torque = 0"
404535,TX,0x201,3,0x90,0x90,0x00,0x00,,,,,"Set torque = 0"
404561,TX,0x201,3,0x90,0x90,0x00,0x00,,,,,"Set torque = 0"
404567,RX,0x181,6,0x40,0x40,0x10,0x43,0x80,0x00,0x0B,,"Status word = 0x4310"
404574,RX,0x181,4,0x30,0x30,0x00,0x00,0x01,,,,"Speed feedback = 0 rpm"
404587,TX,0x201,3,0x90,0x90,0x00,0x00,,,,,"Set torque = 0"
404613,TX,0x201,3,0x90,0x90,0x00,0x00,,,,,"Set torque = 0"
404639,TX,0x201,3,0x90,0x90,0x00,0x00,,,,,"Set torque = 0"
404663,RX,0x181,6,0x40,0x40,0x10,0x43,0x80,0x00,0x0B,,"Status word = 0x4310"
404670,TX,0x201,3,0x90,0x90,0x00,0x00,,,,,"Set torque = 0"
404677,RX,0x181,4,0x30,0x30,0x00,0x00,0x01,,,,"Speed feedback = 0 rpm"
404697,TX,0x201,3,0x90,0x90,0x00,0x00,,,,,"Set torque = 0"
404723,TX,0x201,3,0x90,0x90,0x00,0x00,,,,,"Set torque = 0"
404749,TX,0x201,3,0x90,0x90,0x00,0x00,,,,,"Set torque = 0"
404763,RX,0x181,6,0x40,0x40,0x10,0x43,0x80,0x00,0x0B,,"Status word = 0x4310"
404770,RX,0x181,4,0x30,0x30,0x00,0x00,0x01,,,,"Speed feedback = 0 rpm"
404777,TX,0x201,3,0x90,0x90,0x00,0x00,,,,,"Set torque = 0"
404803,TX,0x201,3,0x90,0x90,0x00,0x00,,,,,"Set torque = 0"
404829,TX,0x201,3,0x90,0x90,0x00,0x00,,,,,"Set torque = 0"
404855,TX,0x201,3,0x90,0x90,0x00,0x00,,,,,"Set torque = 0"
404863,RX,0x181,6,0x40,0x40,0x10,0x43,0x80,0x00,0x0B,,"Status word = 0x4310"
404870,RX,0x181,4,0x30,0x30,0x00,0x00,0x01,,,,"Speed feedback = 0 rpm"
404881,TX,0x201,3,0x90,0x90,0x00,0x00,,,,,"Set torque = 0"
404908,TX,0x201,3,0x90,0x90,0x00,0x00,,,,,"Set torque = 0"
404934,TX,0x201,3,0x90,0x90,0x00,0x00,,,,,"Set torque = 0"
404960,TX,0x201,3,0x90,0x90,0x00,0x00,,,,,"Set torque = 0"
404966,RX,0x181,6,0x40,0x40,0x10,0x43,0x80,0x00,0x0B,,"Status word = 0x4310"
404973,RX,0x181,4,0x30,0x30,0x00,0x00,0x01,,,,"Speed feedback = 0 rpm"
404986,TX,0x201,3,0x90,0x90,0x00,0x00,,,,,"Set torque = 0"
405012,TX,0x201,3,0x90,0x90,0x00,0x00,,,,,"Set torque = 0"
405038,TX,0x201,3,0x90,0x90,0x00,0x00,,,,,"Set torque = 0"
405062,RX,0x181,6,0x40,0x40,0x10,0x43,0x80,0x00,0x0B,,"Status word = 0x4310"
405070,RX,0x181,4,0x30,0x30,0x00,0x00,0x01,,,,"Speed feedback = 0 rpm"
405076,TX,0x201,3,0x90,0x90,0x00,0x00,,,,,"Set torque = 0"
405103,TX,0x201,3,0x90,0x90,0x00,0x00,,,,,"Set torque = 0"
405129,TX,0x201,3,0x90,0x90,0x00,0x00,,,,,"Set torque = 0"
405155,TX,0x201,3,0x90,0x90,0x00,0x00,,,,,"Set torque = 0"
405162,RX,0x181,6,0x40,0x40,0x10,0x43,0x80,0x00,0x0B,,"Status word = 0x4310"
405169,RX,0x181,4,0x30,0x30,0x00,0x00,0x01,,,,"Speed feedback = 0 rpm"
405181,TX,0x201,3,0x90,0x90,0x00,0x00,,,,,"Set torque = 0"
405207,TX,0x201,3,0x90,0x90,0x00,0x00,,,,,"Set torque = 0"
405234,TX,0x201,3,0x90,0x90,0x00,0x00,,,,,"Set torque = 0"
405260,TX,0x201,3,0x90,0x90,0x00,0x00,,,,,"Set torque = 0"
405266,RX,0x181,6,0x40,0x40,0x10,0x43,0x80,0x00,0x0B,,"Status word = 0x4310"
405273,RX,0x181,4,0x30,0x30,0x00,0x00,0x01,,,,"Speed feedback = 0 rpm"
405286,TX,0x201,3,0x90,0x90,0x00,0x00,,,,,"Set torque = 0"
405312,TX,0x201,3,0x90,0x90,0x00,0x00,,,,,"Set torque = 0"
405336,TX,0x201,3,0x90,0x90,0x00,0x00,,,,,"Set torque = 0"
405362,TX,0x201,3,0x90,0x90,0x00,0x00,,,,,"Set torque = 0"
405368,RX,0x181,6,0x40,0x40,0x10,0x43,0x80,0x00,0x0B,,"Status word = 0x4310"
405375,RX,0x181,4,0x30,0x30,0x00,0x00,0x01,,,,"Speed feedback = 0 rpm"
405388,TX,0x201,3,0x90,0x90,0x00,0x00,,,,,"Set torque = 0"
405414,TX,0x201,3,0x90,0x90,0x00,0x00,,,,,"Set torque = 0"
405440,TX,0x201,3,0x90,0x90,0x00,0x00,,,,,"Set torque = 0"
405462,RX,0x181,6,0x40,0x40,0x10,0x43,0x80,0x00,0x0B,,"Status word = 0x4310"
405469,TX,0x201,3,0x90,0x90,0x00,0x00,,,,,"Set torque = 0"
405475,RX,0x181,4,0x30,0x30,0x00,0x00,0x01,,,,"Speed feedback = 0 rpm"
405495,TX,0x201,3,0x90,0x90,0x00,0x00,,,,,"Set torque = 0"
405521,TX,0x201,3,0x90,0x90,0x00,0x00,,,,,"Set torque = 0"
405548,TX,0x201,3,0x90,0x90,0x00,0x00,,,,,"Set torque = 0"
405562,RX,0x181,6,0x40,0x40,0x10,0x43,0x80,0x00,0x0B,,"Status word = 0x4310"
405569,RX,0x181,4,0x30,0x30,0x00,0x00,0x01,,,,"Speed feedback = 0 rpm"
405575,TX,0x201,3,0x90,0x90,0x00,0x00,,,,,"Set torque = 0"
405602,TX,0x201,3,0x90,0x90,0x00,0x00,,,,,"Set torque = 0"
405628,TX,0x201,3,0x90,0x90,0x00,0x00,,,,,"Set torque = 0"
405654,TX,0x201,3,0x90,0x90,0x00,0x00,,,,,"Set torque = 0"
405662,RX,0x181,6,0x40,0x40,0x10,0x43,0x80,0x00,0x0B,,"Status word = 0x4310"
405668,RX,0x181,4,0x30,0x30,0x00,0x00,0x01,,,,"Speed feedback = 0 rpm"
405680,TX,0x201,3,0x90,0x90,0x00,0x00,,,,,"Set torque = 0"
405706,TX,0x201,3,0x90,0x90,0x00,0x00,,,,,"Set torque = 0"
405732,TX,0x201,3,0x90,0x90,0x00,0x00,,,,,"Set torque = 0"
405758,TX,0x201,3,0x90,0x90,0x00,0x00,,,,,"Set torque = 0"
405764,RX,0x181,6,0x40,0x40,0x10,0x43,0x80,0x00,0x0B,,"Status word = 0x4310"
405771,RX,0x181,4,0x30,0x30,0x00,0x00,0x01,,,,"Speed feedback = 0 rpm"
405784,TX,0x201,3,0x90,0x90,0x00,0x00,,,,,"Set torque = 0"
405810,TX,0x201,3,0x90,0x90,0x00,0x00,,,,,"Set torque = 0"
405836,TX,0x201,3,0x90,0x90,0x00,0x00,,,,,"Set torque = 0"
405861,RX,0x181,6,0x40,0x40,0x10,0x43,0x80,0x00,0x0B,,"Status word = 0x4310"
405868,TX,0x201,3,0x90,0x90,0x00,0x00,,,,,"Set torque = 0"
405875,RX,0x181,4,0x30,0x30,0x00,0x00,0x01,,,,"Speed feedback = 0 rpm"
405895,TX,0x201,3,0x90,0x90,0x00,0x00,,,,,"Set torque = 0"
405921,TX,0x201,3,0x90,0x90,0x00,0x00,,,,,"Set torque = 0"
405947,TX,0x201,3,0x90,0x90,0x00,0x00,,,,,"Set torque = 0"
405961,RX,0x181,6,0x40,0x40,0x10,0x43,0x80,0x00,0x0B,,"Status word = 0x4310"
405968,RX,0x181,4,0x30,0x30,0x00,0x00,0x01,,,,"Speed feedback = 0 rpm"
405975,TX,0x201,3,0x90,0x90,0x00,0x00,,,,,"Set torque = 0"
406003,TX,0x201,3,0x90,0x90,0x00,0x00,,,,,"Set torque = 0"
406029,TX,0x201,3,0x90,0x90,0x00,0x00,,,,,"Set torque = 0"
406055,TX,0x201,3,0x90,0x90,0x00,0x00,,,,,"Set torque = 0"
406061,RX,0x181,6,0x40,0x40,0x10,0x43,0x80,0x00,0x0B,,"Status word = 0x4310"
406068,RX,0x181,4,0x30,0x30,0x00,0x00,0x01,,,,"Speed feedback = 0 rpm"
406081,TX,0x201,3,0x90,0x90,0x00,0x00,,,,,"Set torque = 0"
406107,TX,0x201,3,0x90,0x90,0x00,0x00,,,,,"Set torque = 0"
406133,TX,0x201,3,0x90,0x90,0x00,0x00,,,,,"Set torque = 0"
406160,TX,0x201,3,0x90,0x90,0x00,0x00,,,,,"Set torque = 0"
406166,RX,0x181,6,0x40,0x40,0x10,0x43,0x80,0x00,0x0B,,"Status word = 0x4310"
406173,RX,0x181,4,0x30,0x30,0x00,0x00,0x01,,,,"Speed feedback = 0 rpm"
406186,TX,0x201,3,0x90,0x90,0x00,0x00,,,,,"Set torque = 0"
406212,TX,0x201,3,0x90,0x90,0x00,0x00,,,,,"Set torque = 0"
406238,TX,0x201,3,0x90,0x90,0x00,0x00,,,,,"Set torque = 0"
406261,RX,0x181,6,0x40,0x40,0x10,0x43,0x80,0x00,0x0B,,"Status word = 0x4310"
406267,TX,0x201,3,0x90,0x90,0x00,0x00,,,,,"Set torque = 0"
406274,RX,0x181,4,0x30,0x30,0x00,0x00,0x01,,,,"Speed feedback = 0 rpm"
406294,TX,0x201,3,0x90,0x90,0x00,0x00,,,,,"Set torque = 0"
406320,TX,0x201,3,0x90,0x90,0x00,0x00,,,,,"Set torque = 0"
406346,TX,0x201,3,0x90,0x90,0x00,0x00,,,,,"Set torque = 0"
406360,RX,0x181,6,0x40,0x40,0x10,0x43,0x80,0x00,0x0B,,"Status word = 0x4310"
406367,RX,0x181,4,0x30,0x30,0x00,0x00,0x01,,,,"Speed feedback = 0 rpm"
406374,TX,0x201,3,0x90,0x90,0x00,0x00,,,,,"Set torque = 0"
406401,TX,0x201,3,0x90,0x90,0x00,0x00,,,,,"Set torque = 0"
406427,TX,0x201,3,0x90,0x90,0x00,0x00,,,,,"Set torque = 0"
406453,TX,0x201,3,0x90,0x90,0x00,0x00,,,,,"Set torque = 0"
406460,RX,0x181,6,0x40,0x40,0x10,0x43,0x80,0x00,0x0B,,"Status word = 0x4310"
406467,RX,0x181,4,0x30,0x30,0x00,0x00,0x01,,,,"Speed feedback = 0 rpm"
406480,TX,0x201,3,0x90,0x90,0x00,0x00,,,,,"Set torque = 0"
406506,TX,0x201,3,0x90,0x90,0x00,0x00,,,,,"Set torque = 0"
406532,TX,0x201,3,0x90,0x90,0x00,0x00,,,,,"Set torque = 0"
406558,TX,0x201,3,0x90,0x90,0x00,0x00,,,,,"Set torque = 0"
406564,RX,0x181,6,0x40,0x40,0x10,0x43,0x80,0x00,0x0B,,"Status word = 0x4310"
406571,RX,0x181,4,0x30,0x30,0x00,0x00,0x01,,,,"Speed feedback = 0 rpm"
406584,TX,0x201,3,0x90,0x90,0x00,0x00,,,,,"Set torque = 0"
406611,TX,0x201,3,0x90,0x90,0x00,0x00,,,,,"Set torque = 0"
406637,TX,0x201,3,0x90,0x90,0x00,0x00,,,,,"Set torque = 0"
406660,RX,0x181,6,0x40,0x40,0x10,0x43,0x80,0x00,0x0B,,"Status word = 0x4310"
406667,TX,0x201,3,0x90,0x90,0x00,0x00,,,,,"Set torque = 0"
406673,RX,0x181,4,0x30,0x30,0x00,0x00,0x01,,,,"Speed feedback = 0 rpm"
406693,TX,0x201,3,0x90,0x90,0x00,0x00,,,,,"Set torque = 0"
406719,TX,0x201,3,0x90,0x90,0x00,0x00,,,,,"Set torque = 0"
406745,TX,0x201,3,0x90,0x90,0x00,0x00,,,,,"Set torque = 0"
406760,RX,0x181,6,0x40,0x40,0x10,0x43,0x80,0x00,0x0B,,"Status word = 0x4310"
406767,RX,0x181,4,0x30,0x30,0x00,0x00,0x01,,,,"Speed feedback = 0 rpm"
406774,TX,0x201,3,0x90,0x90,0x00,0x00,,,,,"Set torque = 0"
406800,TX,0x201,3,0x90,0x90,0x00,0x00,,,,,"Set torque = 0"
406826,TX,0x201,3,0x90,0x90,0x00,0x00,,,,,"Set torque = 0"
406852,TX,0x201,3,0x90,0x90,0x00,0x00,,,,,"Set torque = 0"
406860,RX,0x181,6,0x40,0x40,0x10,0x43,0x80,0x00,0x0B,,"Status word = 0x4310"
406867,RX,0x181,4,0x30,0x30,0x00,0x00,0x01,,,,"Speed feedback = 0 rpm"
406878,TX,0x201,3,0x90,0x90,0x00,0x00,,,,,"Set torque = 0"
406904,TX,0x201,3,0x90,0x90,0x00,0x00,,,,,"Set torque = 0"
406931,TX,0x201,3,0x90,0x90,0x00,0x00,,,,,"Set torque = 0"
406957,TX,0x201,3,0x90,0x90,0x00,0x00,,,,,"Set torque = 0"
406963,RX,0x181,6,0x40,0x40,0x10,0x43,0x80,0x00,0x0B,,"Status word = 0x4310"
406970,RX,0x181,4,0x30,0x30,0x00,0x00,0x01,,,,"Speed feedback = 0 rpm"
406983,TX,0x201,3,0x90,0x90,0x00,0x00,,,,,"Set torque = 0"
407009,TX,0x201,3,0x90,0x90,0x00,0x00,,,,,"Set torque = 0"
407035,TX,0x201,3,0x90,0x90,0x00,0x00,,,,,"Set torque = 0"
407059,RX,0x181,6,0x40,0x40,0x10,0x43,0x80,0x00,0x0B,,"Status word = 0x4310"
407066,TX,0x201,3,0x90,0x90,0x00,0x00,,,,,"Set torque = 0"
407073,RX,0x181,4,0x30,0x30,0x00,0x00,0x01,,,,"Speed feedback = 0 rpm"
407093,TX,0x201,3,0x90,0x90,0x00,0x00,,,,,"Set torque = 0"
407119,TX,0x201,3,0x90,0x90,0x00,0x00,,,,,"Set torque = 0"
407145,TX,0x201,3,0x90,0x90,0x00,0x00,,,,,"Set torque = 0"
407159,RX,0x181,6,0x40,0x40,0x10,0x43,0x80,0x00,0x0B,,"Status word = 0x4310"
407166,RX,0x181,4,0x30,0x30,0x00,0x00,0x01,,,,"Speed feedback = 0 rpm"
407173,TX,0x201,3,0x90,0x90,0x00,0x00,,,,,"Set torque = 0"
407200,TX,0x201,3,0x90,0x90,0x00,0x00,,,,,"Set torque = 0"
407227,TX,0x201,3,0x90,0x90,0x00,0x00,,,,,"Set torque = 0"
407253,TX,0x201,3,0x90,0x90,0x00,0x00,,,,,"Set torque = 0"
407259,RX,0x181,6,0x40,0x40,0x10,0x43,0x80,0x00,0x0B,,"Status word = 0x4310"
407266,RX,0x181,4,0x30,0x30,0x00,0x00,0x01,,,,"Speed feedback = 0 rpm"
407279,TX,0x201,3,0x90,0x90,0x00,0x00,,,,,"Set torque = 0"
407305,TX,0x201,3,0x90,0x90,0x00,0x00,,,,,"Set torque = 0"
407331,TX,0x201,3,0x90,0x90,0x00,0x00,,,,,"Set torque = 0"
407357,TX,0x201,3,0x90,0x90,0x00,0x00,,,,,"Set torque = 0"
407363,RX,0x181,6,0x40,0x40,0x10,0x43,0x80,0x00,0x0B,,"Status word = 0x4310"
407369,RX,0x181,4,0x30,0x30,0x00,0x00,0x01,,,,"Speed feedback = 0 rpm"
407383,TX,0x201,3,0x90,0x90,0x00,0x00,,,,,"Set torque = 0"
407409,TX,0x201,3,0x90,0x90,0x00,0x00,,,,,"Set torque = 0"
407435,TX,0x201,3,0x90,0x90,0x00,0x00,,,,,"Set torque = 0"
407459,RX,0x181,6,0x40,0x40,0x10,0x43,0x80,0x00,0x0B,,"Status word = 0x4310"
407466,TX,0x201,3,0x90,0x90,0x00,0x00,,,,,"Set torque = 0"
407472,RX,0x181,4,0x30,0x30,0x00,0x00,0x01,,,,"Speed feedback = 0 rpm"
407492,TX,0x201,3,0x90,0x90,0x00,0x00,,,,,"Set torque = 0"
407518,TX,0x201,3,0x90,0x90,0x00,0x00,,,,,"Set torque = 0"
407545,TX,0x201,3,0x90,0x90,0x00,0x00,,,,,"Set torque = 0"
407559,RX,0x181,6,0x40,0x40,0x10,0x43,0x80,0x00,0x0B,,"Status word = 0x4310"
407565,RX,0x181,4,0x30,0x30,0x00,0x00,0x01,,,,"Speed feedback = 0 rpm"
407572,TX,0x201,3,0x90,0x90,0x00,0x00,,,,,"Set torque = 0"
407599,TX,0x201,3,0x90,0x90,0x00,0x00,,,,,"Set torque = 0"
407625,TX,0x201,3,0x90,0x90,0x00,0x00,,,,,"Set torque = 0"
407651,TX,0x201,3,0x90,0x90,0x00,0x00,,,,,"Set torque = 0"
407658,RX,0x181,6,0x40,0x40,0x10,0x43,0x80,0x00,0x0B,,"Status word = 0x4310"
407665,RX,0x181,4,0x30,0x30,0x00,0x00,0x01,,,,"Speed feedback = 0 rpm"
407677,TX,0x201,3,0x90,0x90,0x00,0x00,,,,,"Set torque = 0"
407703,TX,0x201,3,0x90,0x90,0x00,0x00,,,,,"Set torque = 0"
407729,TX,0x201,3,0x90,0x90,0x00,0x00,,,,,"Set torque = 0"
407755,TX,0x201,3,0x90,0x90,0x00,0x00,,,,,"Set torque = 0"
407761,RX,0x181,6,0x40,0x40,0x10,0x43,0x80,0x00,0x0B,,"Status word = 0x4310"
407768,RX,0x181,4,0x30,0x30,0x00,0x00,0x01,,,,"Speed feedback = 0 rpm"
407781,TX,0x201,3,0x90,0x90,0x00,0x00,,,,,"Set torque = 0"
407807,TX,0x201,3,0x90,0x90,0x00,0x00,,,,,"Set torque = 0"
407833,TX,0x201,3,0x90,0x90,0x00,0x00,,,,,"Set torque = 0"
407858,RX,0x181,6,0x40,0x40,0x10,0x43,0x80,0x00,0x0B,,"Status word = 0x4310"
407865,TX,0x201,3,0x90,0x90,0x00,0x00,,,,,"Set torque = 0"
407872,RX,0x181,4,0x30,0x30,0x00,0x00,0x01,,,,"Speed feedback = 0 rpm"
407892,TX,0x201,3,0x90,0x90,0x00,0x00,,,,,"Set torque = 0"
407918,TX,0x201,3,0x90,0x90,0x00,0x00,,,,,"Set torque = 0"
407944,TX,0x201,3,0x90,0x90,0x00,0x00,,,,,"Set torque = 0"
407958,RX,0x181,6,0x40,0x40,0x10,0x43,0x80,0x00,0x0B,,"Status word = 0x4310"
407965,RX,0x181,4,0x30,0x30,0x00,0x00,0x01,,,,"Speed feedback = 0 rpm"
407972,TX,0x201,3,0x90,0x90,0x00,0x00,,,,,"Set torque = 0"
407999,TX,0x201,3,0x90,0x90,0x00,0x00,,,,,"Set torque = 0"
408025,TX,0x201,3,0x90,0x90,0x00,0x00,,,,,"Set torque = 0"
408051,TX,0x201,3,0x90,0x90,0x00,0x00,,,,,"Set torque = 0"
408058,RX,0x181,6,0x40,0x40,0x10,0x43,0x80,0x00,0x0B,,"Status word = 0x4310"
408065,RX,0x181,4,0x30,0x30,0x00,0x00,0x01,,,,"Speed feedback = 0 rpm"
408077,TX,0x201,3,0x90,0x90,0x00,0x00,,,,,"Set torque = 0"
408103,TX,0x201,3,0x90,0x90,0x00,0x00,,,,,"Set torque = 0"
408129,TX,0x201,3,0x90,0x90,0x00,0x00,,,,,"Set torque = 0"
408155,TX,0x201,3,0x90,0x90,0x00,0x00,,,,,"Set torque = 0"
408162,RX,0x181,6,0x40,0x40,0x10,0x43,0x80,0x00,0x0B,,"Status word = 0x4310"
408168,RX,0x181,4,0x30,0x30,0x00,0x00,0x01,,,,"Speed feedback = 0 rpm"
408182,TX,0x201,3,0x90,0x90,0x00,0x00,,,,,"Set torque = 0"
408208,TX,0x201,3,0x90,0x90,0x00,0x00,,,,,"Set torque = 0"
408234,TX,0x201,3,0x90,0x90,0x00,0x00,,,,,"Set torque = 0"
408257,RX,0x181,6,0x40,0x40,0x10,0x43,0x80,0x00,0x0B,,"Status word = 0x4310"
408264,TX,0x201,3,0x90,0x90,0x00,0x00,,,,,"Set torque = 0"
408271,RX,0x181,4,0x30,0x30,0x00,0x00,0x01,,,,"Speed feedback = 0 rpm"
408291,TX,0x201,3,0x90,0x90,0x00,0x00,,,,,"Set torque = 0"
408318,TX,0x201,3,0x90,0x90,0x00,0x00,,,,,"Set torque = 0"
408344,TX,0x201,3,0x90,0x90,0x00,0x00,,,,,"Set torque = 0"
408357,RX,0x181,6,0x40,0x40,0x10,0x43,0x80,0x00,0x0B,,"Status word = 0x4310"
408364,RX,0x181,4,0x30,0x30,0x00,0x00,0x01,,,,"Speed feedback = 0 rpm"
408371,TX,0x201,3,0x90,0x90,0x00,0x00,,,,,"Set torque = 0"
408398,TX,0x201,3,0x90,0x90,0x00,0x00,,,,,"Set torque = 0"
408424,TX,0x201,3,0x90,0x90,0x00,0x00,,,,,"Set torque = 0"
408450,TX,0x201,3,0x90,0x90,0x00,0x00,,,,,"Set torque = 0"
408457,RX,0x181,6,0x40,0x40,0x10,0x43,0x80,0x00,0x0B,,"Status word = 0x4310"
408464,RX,0x181,4,0x30,0x30,0x00,0x00,0x01,,,,"Speed feedback = 0 rpm"
408476,TX,0x201,3,0x90,0x90,0x00,0x00,,,,,"Set torque = 0"
408502,TX,0x201,3,0x90,0x90,0x00,0x00,,,,,"Set torque = 0"
408528,TX,0x201,3,0x90,0x90,0x00,0x00,,,,,"Set torque = 0"
408554,TX,0x201,3,0x90,0x90,0x00,0x00,,,,,"Set torque = 0"
408560,RX,0x181,6,0x40,0x40,0x10,0x43,0x80,0x00,0x0B,,"Status word = 0x4310"
408567,RX,0x181,4,0x30,0x30,0x00,0x00,0x01,,,,"Speed feedback = 0 rpm"
408580,TX,0x201,3,0x90,0x90,0x00,0x00,,,,,"Set torque = 0"
408606,TX,0x201,3,0x90,0x90,0x00,0x00,,,,,"Set torque = 0"
408633,TX,0x201,3,0x90,0x90,0x00,0x00,,,,,"Set torque = 0"
408657,RX,0x181,6,0x40,0x40,0x10,0x43,0x80,0x00,0x0B,,"Status word = 0x4310"
408664,TX,0x201,3,0x90,0x90,0x00,0x00,,,,,"Set torque = 0"
408670,RX,0x181,4,0x30,0x30,0x00,0x00,0x01,,,,"Speed feedback = 0 rpm"
408690,TX,0x201,3,0x90,0x90,0x00,0x00,,,,,"Set torque = 0"
408716,TX,0x201,3,0x90,0x90,0x00,0x00,,,,,"Set torque = 0"
408742,TX,0x201,3,0x90,0x90,0x00,0x00,,,,,"Set torque = 0"
408757,RX,0x181,6,0x40,0x40,0x10,0x43,0x80,0x00,0x0B,,"Status word = 0x4310"
408764,RX,0x181,4,0x30,0x30,0x00,0x00,0x01,,,,"Speed feedback = 0 rpm"
408771,TX,0x201,3,0x90,0x90,0x00,0x00,,,,,"Set torque = 0"
408797,TX,0x201,3,0x90,0x90,0x00,0x00,,,,,"Set torque = 0"
408823,TX,0x201,3,0x90,0x90,0x00,0x00,,,,,"Set torque = 0"
408849,TX,0x201,3,0x90,0x90,0x00,0x00,,,,,"Set torque = 0"
408856,RX,0x181,6,0x40,0x40,0x10,0x43,0x80,0x00,0x0B,,"Status word = 0x4310"
408863,RX,0x181,4,0x30,0x30,0x00,0x00,0x01,,,,"Speed feedback = 0 rpm"
408875,TX,0x201,3,0x90,0x90,0x00,0x00,,,,,"Set torque = 0"
408901,TX,0x201,3,0x90,0x90,0x00,0x00,,,,,"Set torque = 0"
408927,TX,0x201,3,0x90,0x90,0x00,0x00,,,,,"Set torque = 0"
408954,TX,0x201,3,0x90,0x90,0x00,0x00,,,,,"Set torque = 0"
408960,RX,0x181,6,0x40,0x40,0x10,0x43,0x80,0x00,0x0B,,"Status word = 0x4310"
408967,RX,0x181,4,0x30,0x30,0x00,0x00,0x01,,,,"Speed feedback = 0 rpm"
408980,TX,0x201,3,0x90,0x90,0x00,0x00,,,,,"Set torque = 0"
409006,TX,0x201,3,0x90,0x90,0x00,0x00,,,,,"Set torque = 0"
409032,TX,0x201,3,0x90,0x90,0x00,0x00,,,,,"Set torque = 0"
409056,RX,0x181,6,0x40,0x40,0x10,0x43,0x80,0x00,0x0B,,"Status word = 0x4310"
409063,TX,0x201,3,0x90,0x90,0x00,0x00,,,,,"Set torque = 0"
409070,RX,0x181,4,0x30,0x30,0x00,0x00,0x01,,,,"Speed feedback = 0 rpm"
409090,TX,0x201,3,0x90,0x90,0x00,0x00,,,,,"Set torque = 0"
409116,TX,0x201,3,0x90,0x90,0x00,0x00,,,,,"Set torque = 0"
409142,TX,0x201,3,0x90,0x90,0x00,0x00,,,,,"Set torque = 0"
409156,RX,0x181,6,0x40,0x40,0x10,0x43,0x80,0x00,0x0B,,"Status word = 0x4310"
409163,RX,0x181,4,0x30,0x30,0x00,0x00,0x01,,,,"Speed feedback = 0 rpm"
409170,TX,0x201,3,0x90,0x90,0x00,0x00,,,,,"Set torque = 0"
409197,TX,0x201,3,0x90,0x90,0x00,0x00,,,,,"Set torque = 0"
409223,TX,0x201,3,0x90,0x90,0x00,0x00,,,,,"Set torque = 0"
409249,TX,0x201,3,0x90,0x90,0x00,0x00,,,,,"Set torque = 0"
409256,RX,0x181,6,0x40,0x40,0x10,0x43,0x80,0x00,0x0B,,"Status word = 0x4310"
409263,RX,0x181,4,0x30,0x30,0x00,0x00,0x01,,,,"Speed feedback = 0 rpm"
409276,TX,0x201,3,0x90,0x90,0x00,0x00,,,,,"Set torque = 0"
409302,TX,0x201,3,0x90,0x90,0x00,0x00,,,,,"Set torque = 0"
409328,TX,0x201,3,0x90,0x90,0x00,0x00,,,,,"Set torque = 0"
409354,TX,0x201,3,0x90,0x90,0x00,0x00,,,,,"Set torque = 0"
409360,RX,0x181,6,0x40,0x40,0x10,0x43,0x80,0x00,0x0B,,"Status word = 0x4310"
409367,RX,0x181,4,0x30,0x30,0x00,0x00,0x01,,,,"Speed feedback = 0 rpm"
409380,TX,0x201,3,0x90,0x90,0x00,0x00,,,,,"Set torque = 0"
409407,TX,0x201,3,0x90,0x90,0x00,0x00,,,,,"Set torque = 0"
409433,TX,0x201,3,0x90,0x90,0x00,0x00,,,,,"Set torque = 0"
409456,RX,0x181,6,0x40,0x40,0x10,0x43,0x80,0x00,0x0B,,"Status word = 0x4310"
409462,TX,0x201,3,0x90,0x90,0x00,0x00,,,,,"Set torque = 0"
409469,RX,0x181,4,0x30,0x30,0x00,0x00,0x01,,,,"Speed feedback = 0 rpm"
409489,TX,0x201,3,0x90,0x90,0x00,0x00,,,,,"Set torque = 0"
409515,TX,0x201,3,0x90,0x90,0x00,0x00,,,,,"Set torque = 0"
409541,TX,0x201,3,0x90,0x90,0x00,0x00,,,,,"Set torque = 0"
409555,RX,0x181,6,0x40,0x40,0x10,0x43,0x80,0x00,0x0B,,"Status word = 0x4310"
409562,RX,0x181,4,0x30,0x30,0x00,0x00,0x01,,,,"Speed feedback = 0 rpm"
409569,TX,0x201,3,0x90,0x90,0x00,0x00,,,,,"Set torque = 0"
409596,TX,0x201,3,0x90,0x90,0x00,0x00,,,,,"Set torque = 0"
409622,TX,0x201,3,0x90,0x90,0x00,0x00,,,,,"Set torque = 0"
409648,TX,0x201,3,0x90,0x90,0x00,0x00,,,,,"Set torque = 0"
409655,RX,0x181,6,0x40,0x40,0x10,0x43,0x80,0x00,0x0B,,"Status word = 0x4310"
409662,RX,0x181,4,0x30,0x30,0x00,0x00,0x01,,,,"Speed feedback = 0 rpm"
409674,TX,0x201,3,0x90,0x90,0x00,0x00,,,,,"Set torque = 0"
409700,TX,0x201,3,0x90,0x90,0x00,0x00,,,,,"Set torque = 0"
409727,TX,0x201,3,0x90,0x90,0x00,0x00,,,,,"Set torque = 0"
409753,TX,0x201,3,0x90,0x90,0x00,0x00,,,,,"Set torque = 0"
409759,RX,0x181,6,0x40,0x40,0x10,0x43,0x80,0x00,0x0B,,"Status word = 0x4310"
409766,RX,0x181,4,0x30,0x30,0x00,0x00,0x01,,,,"Speed feedback = 0 rpm"
409779,TX,0x201,3,0x90,0x90,0x00,0x00,,,,,"Set torque = 0"
409805,TX,0x201,3,0x90,0x90,0x00,0x00,,,,,"Set torque = 0"
409831,TX,0x201,3,0x90,0x90,0x00,0x00,,,,,"Set torque = 0"
409855,RX,0x181,6,0x40,0x40,0x10,0x43,0x80,0x00,0x0B,,"Status word = 0x4310"
409862,TX,0x201,3,0x90,0x90,0x00,0x00,,,,,"Set torque = 0"
409869,RX,0x181,4,0x30,0x30,0x00,0x00,0x01,,,,"Speed feedback = 0 rpm"
409889,TX,0x201,3,0x90,0x90,0x00,0x00,,,,,"Set torque = 0"
409915,TX,0x201,3,0x90,0x90,0x00,0x00,,,,,"Set torque = 0"
409941,TX,0x201,3,0x90,0x90,0x00,0x00,,,,,"Set torque = 0"
409955,RX,0x181,6,0x40,0x40,0x10,0x43,0x80,0x00,0x0B,,"Status word = 0x4310"
409962,RX,0x181,4,0x30,0x30,0x00,0x00,0x01,,,,"Speed feedback = 0 rpm"
409968,TX,0x201,3,0x90,0x90,0x00,0x00,,,,,"Set torque = 0"
409995,TX,0x201,3,0x90,0x90,0x00,0x00,,,,,"Set torque = 0"
410021,TX,0x201,3,0x90,0x90,0x00,0x00,,,,,"Set torque = 0"
410048,TX,0x201,3,0x90,0x90,0x00,0x00,,,,,"Set torque = 0"
410055,RX,0x181,6,0x40,0x40,0x10,0x43,0x80,0x00,0x0B,,"Status word = 0x4310"
410062,RX,0x181,4,0x30,0x30,0x00,0x00,0x01,,,,"Speed feedback = 0 rpm"
410074,TX,0x201,3,0x90,0x90,0x00,0x00,,,,,"Set torque = 0"
410100,TX,0x201,3,0x90,0x90,0x00,0x00,,,,,"Set torque = 0"
410126,TX,0x201,3,0x90,0x90,0x00,0x00,,,,,"Set torque = 0"
410152,TX,0x201,3,0x90,0x90,0x00,0x00,,,,,"Set torque = 0"
410158,RX,0x181,6,0x40,0x40,0x10,0x43,0x80,0x00,0x0B,,"Status word = 0x4310"
410165,RX,0x181,4,0x30,0x30,0x00,0x00,0x01,,,,"Speed feedback = 0 rpm"
410178,TX,0x201,3,0x90,0x90,0x00,0x00,,,,,"Set torque = 0"
410204,TX,0x201,3,0x90,0x90,0x00,0x00,,,,,"Set torque = 0"
410230,TX,0x201,3,0x90,0x90,0x00,0x00,,,,,"Set torque = 0"
410254,RX,0x181,6,0x40,0x40,0x10,0x43,0x80,0x00,0x0B,,"Status word = 0x4310"
410261,TX,0x201,3,0x90,0x90,0x00,0x00,,,,,"Set torque = 0"
410268,RX,0x181,4,0x30,0x30,0x00,0x00,0x01,,,,"Speed feedback = 0 rpm"
410288,TX,0x201,3,0x90,0x90,0x00,0x00,,,,,"Set torque = 0"
410314,TX,0x201,3,0x90,0x90,0x00,0x00,,,,,"Set torque = 0"
410340,TX,0x201,3,0x90,0x90,0x00,0x00,,,,,"Set torque = 0"
410354,RX,0x181,6,0x40,0x40,0x10,0x43,0x80,0x00,0x0B,,"Status word = 0x4310"
410362,RX,0x181,4,0x30,0x30,0x00,0x00,0x01,,,,"Speed feedback = 0 rpm"
410369,TX,0x201,3,0x90,0x90,0x00,0x00,,,,,"Set torque = 0"
410396,TX,0x201,3,0x90,0x90,0x00,0x00,,,,,"Set torque = 0"
410422,TX,0x201,3,0x90,0x90,0x00,0x00,,,,,"Set torque = 0"
410448,TX,0x201,3,0x90,0x90,0x00,0x00,,,,,"Set torque = 0"
410454,RX,0x181,6,0x40,0x40,0x10,0x43,0x80,0x00,0x0B,,"Status word = 0x4310"
410461,RX,0x181,4,0x30,0x30,0x00,0x00,0x01,,,,"Speed feedback = 0 rpm"
410474,TX,0x201,3,0x90,0x90,0x00,0x00,,,,,"Set torque = 0"
410501,TX,0x201,3,0x90,0x90,0x00,0x00,,,,,"Set torque = 0"
410527,TX,0x201,3,0x90,0x90,0x00,0x00,,,,,"Set torque = 0"
410553,TX,0x201,3,0x90,0x90,0x00,0x00,,,,,"Set torque = 0"
410559,RX,0x181,6,0x40,0x40,0x10,0x43,0x80,0x00,0x0B,,"Status word = 0x4310"
410566,RX,0x181,4,0x30,0x30,0x00,0x00,0x01,,,,"Speed feedback = 0 rpm"
410579,TX,0x201,3,0x90,0x90,0x00,0x00,,,,,"Set torque = 0"
410605,TX,0x201,3,0x90,0x90,0x00,0x00,,,,,"Set torque = 0"
410631,TX,0x201,3,0x90,0x90,0x00,0x00,,,,,"Set torque = 0"
410654,RX,0x181,6,0x40,0x40,0x10,0x43,0x80,0x00,0x0B,,"Status word = 0x4310"
410661,RX,0x181,4,0x30,0x30,0x00,0x00,0x01,,,,"Speed feedback = 0 rpm"
410668,TX,0x201,3,0x90,0x90,0x00,0x00,,,,,"Set torque = 0"
410694,TX,0x201,3,0x90,0x90,0x00,0x00,,,,,"Set torque = 0"
410720,TX,0x201,3,0x90,0x90,0x00,0x00,,,,,"Set torque = 0"
410746,TX,0x201,3,0x90,0x90,0x00,0x00,,,,,"Set torque = 0"
410753,RX,0x181,6,0x40,0x40,0x10,0x43,0x80,0x00,0x0B,,"Status word = 0x4310"
410760,RX,0x181,4,0x30,0x30,0x00,0x00,0x01,,,,"Speed feedback = 0 rpm"
410772,TX,0x201,3,0x90,0x90,0x00,0x00,,,,,"Set torque = 0"
410798,TX,0x201,3,0x90,0x90,0x00,0x00,,,,,"Set torque = 0"
410825,TX,0x201,3,0x90,0x90,0x00,0x00,,,,,"Set torque = 0"
410851,TX,0x201,3,0x90,0x90,0x00,0x00,,,,,"Set torque = 0"
410857,RX,0x181,6,0x40,0x40,0x10,0x43,0x80,0x00,0x0B,,"Status word = 0x4310"
410864,RX,0x181,4,0x30,0x30,0x00,0x00,0x01,,,,"Speed feedback = 0 rpm"
410877,TX,0x201,3,0x90,0x90,0x00,0x00,,,,,"Set torque = 0"
410903,TX,0x201,3,0x90,0x90,0x00,0x00,,,,,"Set torque = 0"
410929,TX,0x201,3,0x90,0x90,0x00,0x00,,,,,"Set torque = 0"
410953,RX,0x181,6,0x40,0x40,0x10,0x43,0x80,0x00,0x0B,,"Status word = 0x4310"
410960,TX,0x201,3,0x90,0x90,0x00,0x00,,,,,"Set torque = 0"
410967,RX,0x181,4,0x30,0x30,0x00,0x00,0x01,,,,"Speed feedback = 0 rpm"
410987,TX,0x201,3,0x90,0x90,0x00,0x00,,,,,"Set torque = 0"
411013,TX,0x201,3,0x90,0x90,0x00,0x00,,,,,"Set torque = 0"
411039,TX,0x201,3,0x90,0x90,0x00,0x00,,,,,"Set torque = 0"
411053,RX,0x181,6,0x40,0x40,0x10,0x43,0x80,0x00,0x0B,,"Status word = 0x4310"
411060,RX,0x181,4,0x30,0x30,0x00,0x00,0x01,,,,"Speed feedback = 0 rpm"
411067,TX,0x201,3,0x90,0x90,0x00,0x00,,,,,"Set torque = 0"
411093,TX,0x201,3,0x90,0x90,0x00,0x00,,,,,"Set torque = 0"
411119,TX,0x201,3,0x90,0x90,0x00,0x00,,,,,"Set torque = 0"
411147,TX,0x201,3,0x90,0x90,0x00,0x00,,,,,"Set torque = 0"
411153,RX,0x181,6,0x40,0x40,0x10,0x43,0x80,0x00,0x0B,,"Status word = 0x4310"
411160,RX,0x181,4,0x30,0x30,0x00,0x00,0x01,,,,"Speed feedback = 0 rpm"
411173,TX,0x201,3,0x90,0x90,0x00,0x00,,,,,"Set torque = 0"
411199,TX,0x201,3,0x90,0x90,0x00,0x00,,,,,"Set torque = 0"
411225,TX,0x201,3,0x90,0x90,0x00,0x00,,,,,"Set torque = 0"
411251,TX,0x201,3,0x90,0x90,0x00,0x00,,,,,"Set torque = 0"
411257,RX,0x181,6,0x40,0x40,0x10,0x43,0x80,0x00,0x0B,,"Status word = 0x4310"
411264,RX,0x181,4,0x30,0x30,0x00,0x00,0x01,,,,"Speed feedback = 0 rpm"
411277,TX,0x201,3,0x90,0x90,0x00,0x00,,,,,"Set torque = 0"
411303,TX,0x201,3,0x90,0x90,0x00,0x00,,,,,"Set torque = 0"
411329,TX,0x201,3,0x90,0x90,0x00,0x00,,,,,"Set torque = 0"
411353,RX,0x181,6,0x40,0x40,0x10,0x43,0x80,0x00,0x0B,,"Status word = 0x4310"
411359,TX,0x201,3,0x90,0x90,0x00,0x00,,,,,"Set torque = 0"
411366,RX,0x181,4,0x30,0x30,0x00,0x00,0x01,,,,"Speed feedback = 0 rpm"
411386,TX,0x201,3,0x90,0x90,0x00,0x00,,,,,"Set torque = 0"
411412,TX,0x201,3,0x90,0x90,0x00,0x00,,,,,"Set torque = 0"
411438,TX,0x201,3,0x90,0x90,0x00,0x00,,,,,"Set torque = 0"
411452,RX,0x181,6,0x40,0x40,0x10,0x43,0x80,0x00,0x0B,,"Status word = 0x4310"
411462,RX,0x181,4,0x30,0x30,0x00,0x00,0x01,,,,"Speed feedback = 0 rpm"
411469,TX,0x201,3,0x90,0x90,0x00,0x00,,,,,"Set torque = 0"
411496,TX,0x201,3,0x90,0x90,0x00,0x00,,,,,"Set torque = 0"
411522,TX,0x201,3,0x90,0x90,0x00,0x00,,,,,"Set torque = 0"
411548,TX,0x201,3,0x90,0x90,0x00,0x00,,,,,"Set torque = 0"
411554,RX,0x181,6,0x40,0x40,0x10,0x43,0x80,0x00,0x0B,,"Status word = 0x4310"
411561,RX,0x181,4,0x30,0x30,0x00,0x00,0x01,,,,"Speed feedback = 0 rpm"
411574,TX,0x201,3,0x90,0x90,0x00,0x00,,,,,"Set torque = 0"
411600,TX,0x201,3,0x90,0x90,0x00,0x00,,,,,"Set torque = 0"
411626,TX,0x201,3,0x90,0x90,0x00,0x00,,,,,"Set torque = 0"
411652,TX,0x201,3,0x90,0x90,0x00,0x00,,,,,"Set torque = 0"
411658,RX,0x181,6,0x40,0x40,0x10,0x43,0x80,0x00,0x0B,,"Status word = 0x4310"
411665,RX,0x181,4,0x30,0x30,0x00,0x00,0x01,,,,"Speed feedback = 0 rpm"
411678,TX,0x201,3,0x90,0x90,0x00,0x00,,,,,"Set torque = 0"
411704,TX,0x201,3,0x90,0x90,0x00,0x00,,,,,"Set torque = 0"
411730,TX,0x201,3,0x90,0x90,0x00,0x00,,,,,"Set torque = 0"
411752,RX,0x181,6,0x40,0x40,0x10,0x43,0x80,0x00,0x0B,,"Status word = 0x4310"
411759,TX,0x201,3,0x90,0x90,0x00,0x00,,,,,"Set torque = 0"
411765,RX,0x181,4,0x30,0x30,0x00,0x00,0x01,,,,"Speed feedback = 0 rpm"
411785,TX,0x201,3,0x90,0x90,0x00,0x00,,,,,"Set torque = 0"
411811,TX,0x201,3,0x90,0x90,0x00,0x00,,,,,"Set torque = 0"
411837,TX,0x201,3,0x90,0x90,0x00,0x00,,,,,"Set torque = 0"
411852,RX,0x181,6,0x40,0x40,0x10,0x43,0x80,0x00,0x0B,,"Status word = 0x4310"
411859,RX,0x181,4,0x30,0x30,0x00,0x00,0x01,,,,"Speed feedback = 0 rpm"
411865,TX,0x201,3,0x90,0x90,0x00,0x00,,,,,"Set torque = 0"
411893,TX,0x201,3,0x90,0x90,0x00,0x00,,,,,"Set torque = 0"
411919,TX,0x201,3,0x90,0x90,0x00,0x00,,,,,"Set torque = 0"
411945,TX,0x201,3,0x90,0x90,0x00,0x00,,,,,"Set torque = 0"
411952,RX,0x181,6,0x40,0x40,0x10,0x43,0x80,0x00,0x0B,,"Status word = 0x4310"
411959,RX,0x181,4,0x30,0x30,0x00,0x00,0x01,,,,"Speed feedback = 0 rpm"
411971,TX,0x201,3,0x90,0x90,0x00,0x00,,,,,"Set torque = 0"
411997,TX,0x201,3,0x90,0x90,0x00,0x00,,,,,"Set torque = 0"
412023,TX,0x201,3,0x90,0x90,0x00,0x00,,,,,"Set torque = 0"
412049,TX,0x201,3,0x90,0x90,0x00,0x00,,,,,"Set torque = 0"
412056,RX,0x181,6,0x40,0x40,0x10,0x43,0x80,0x00,0x0B,,"Status word = 0x4310"
412062,RX,0x181,4,0x30,0x30,0x00,0x00,0x01,,,,"Speed feedback = 0 rpm"
412076,TX,0x201,3,0x90,0x90,0x00,0x00,,,,,"Set torque = 0"
412102,TX,0x201,3,0x90,0x90,0x00,0x00,,,,,"Set torque = 0"
412128,TX,0x201,3,0x90,0x90,0x00,0x00,,,,,"Set torque = 0"
412151,RX,0x181,6,0x40,0x40,0x10,0x43,0x80,0x00,0x0B,,"Status word = 0x4310"
412158,TX,0x201,3,0x90,0x90,0x00,0x00,,,,,"Set torque = 0"
412165,RX,0x181,4,0x30,0x30,0x00,0x00,0x01,,,,"Speed feedback = 0 rpm"
412185,TX,0x201,3,0x90,0x90,0x00,0x00,,,,,"Set torque = 0"
412212,TX,0x201,3,0x90,0x90,0x00,0x00,,,,,"Set torque = 0"
412238,TX,0x201,3,0x90,0x90,0x00,0x00,,,,,"Set torque = 0"
412251,RX,0x181,6,0x40,0x40,0x10,0x43,0x80,0x00,0x0B,,"Status word = 0x4310"
412258,RX,0x181,4,0x30,0x30,0x00,0x00,0x01,,,,"Speed feedback = 0 rpm"
412265,TX,0x201,3,0x90,0x90,0x00,0x00,,,,,"Set torque = 0"
412292,TX,0x201,3,0x90,0x90,0x00,0x00,,,,,"Set torque = 0"
412318,TX,0x201,3,0x90,0x90,0x00,0x00,,,,,"Set torque = 0"
412344,TX,0x201,3,0x90,0x90,0x00,0x00,,,,,"Set torque = 0"
412351,RX,0x181,6,0x40,0x40,0x10,0x43,0x80,0x00,0x0B,,"Status word = 0x4310"
412358,RX,0x181,4,0x30,0x30,0x00,0x00,0x01,,,,"Speed feedback = 0 rpm"
412370,TX,0x201,3,0x90,0x90,0x00,0x00,,,,,"Set torque = 0"
412396,TX,0x201,3,0x90,0x90,0x00,0x00,,,,,"Set torque = 0"
412422,TX,0x201,3,0x90,0x90,0x00,0x00,,,,,"Set torque = 0"
412448,TX,0x201,3,0x90,0x90,0x00,0x00,,,,,"Set torque = 0"
412454,RX,0x181,6,0x40,0x40,0x10,0x43,0x80,0x00,0x0B,,"Status word = 0x4310"
412461,RX,0x181,4,0x30,0x30,0x00,0x00,0x01,,,,"Speed feedback = 0 rpm"
412474,TX,0x201,3,0x90,0x90,0x00,0x00,,,,,"Set torque = 0"
412500,TX,0x201,3,0x90,0x90,0x00,0x00,,,,,"Set torque = 0"
412527,TX,0x201,3,0x90,0x90,0x00,0x00,,,,,"Set torque = 0"
412551,RX,0x181,6,0x40,0x40,0x10,0x43,0x80,0x00,0x0B,,"Status word = 0x4310"
412558,TX,0x201,3,0x90,0x90,0x00,0x00,,,,,"Set torque = 0"
412564,RX,0x181,4,0x30,0x30,0x00,0x00,0x01,,,,"Speed feedback = 0 rpm"
412584,TX,0x201,3,0x90,0x90,0x00,0x00,,,,,"Set torque = 0"
412610,TX,0x201,3,0x90,0x90,0x00,0x00,,,,,"Set torque = 0"
412636,TX,0x201,3,0x90,0x90,0x00,0x00,,,,,"Set torque = 0"
412650,RX,0x181,6,0x40,0x40,0x10,0x43,0x80,0x00,0x0B,,"Status word = 0x4310"
412657,RX,0x181,4,0x30,0x30,0x00,0x00,0x01,,,,"Speed feedback = 0 rpm"
412665,TX,0x201,3,0x90,0x90,0x00,0x00,,,,,"Set torque = 0"
412691,TX,0x201,3,0x90,0x90,0x00,0x00,,,,,"Set torque = 0"
412717,TX,0x201,3,0x90,0x90,0x00,0x00,,,,,"Set torque = 0"
412743,TX,0x201,3,0x90,0x90,0x00,0x00,,,,,"Set torque = 0"
412750,RX,0x181,6,0x40,0x40,0x10,0x43,0x80,0x00,0x0B,,"Status word = 0x4310"
412757,RX,0x181,4,0x30,0x30,0x00,0x00,0x01,,,,"Speed feedback = 0 rpm"
412769,TX,0x201,3,0x90,0x90,0x00,0x00,,,,,"Set torque = 0"
412795,TX,0x201,3,0x90,0x90,0x00,0x00,,,,,"Set torque = 0"
412821,TX,0x201,3,0x90,0x90,0x00,0x00,,,,,"Set torque = 0"
412848,TX,0x201,3,0x90,0x90,0x00,0x00,,,,,"Set torque = 0"
412854,RX,0x181,6,0x40,0x40,0x10,0x43,0x80,0x00,0x0B,,"Status word = 0x4310"
412861,RX,0x181,4,0x30,0x30,0x00,0x00,0x01,,,,"Speed feedback = 0 rpm"
412874,TX,0x201,3,0x90,0x90,0x00,0x00,,,,,"Set torque = 0"
412900,TX,0x201,3,0x90,0x90,0x00,0x00,,,,,"Set torque = 0"
412926,TX,0x201,3,0x90,0x90,0x00,0x00,,,,,"Set torque = 0"
412950,RX,0x181,6,0x40,0x40,0x10,0x43,0x80,0x00,0x0B,,"Status word = 0x4310"
412957,TX,0x201,3,0x90,0x90,0x00,0x00,,,,,"Set torque = 0"
412964,RX,0x181,4,0x30,0x30,0x00,0x00,0x01,,,,"Speed feedback = 0 rpm"
412984,TX,0x201,3,0x90,0x90,0x00,0x00,,,,,"Set torque = 0"
413010,TX,0x201,3,0x90,0x90,0x00,0x00,,,,,"Set torque = 0"
413036,TX,0x201,3,0x90,0x90,0x00,0x00,,,,,"Set torque = 0"
413050,RX,0x181,6,0x40,0x40,0x10,0x43,0x80,0x00,0x0B,,"Status word = 0x4310"
413057,RX,0x181,4,0x30,0x30,0x00,0x00,0x01,,,,"Speed feedback = 0 rpm"
413064,TX,0x201,3,0x90,0x90,0x00,0x00,,,,,"Set torque = 0"
413091,TX,0x201,3,0x90,0x90,0x00,0x00,,,,,"Set torque = 0"
413117,TX,0x201,3,0x90,0x90,0x00,0x00,,,,,"Set torque = 0"
413143,TX,0x201,3,0x90,0x90,0x00,0x00,,,,,"Set torque = 0"
413150,RX,0x181,6,0x40,0x40,0x10,0x43,0x80,0x00,0x0B,,"Status word = 0x4310"
413157,RX,0x181,4,0x30,0x30,0x00,0x00,0x01,,,,"Speed feedback = 0 rpm"
413170,TX,0x201,3,0x90,0x90,0x00,0x00,,,,,"Set torque = 0"
413196,TX,0x201,3,0x90,0x90,0x00,0x00,,,,,"Set torque = 0"
413222,TX,0x201,3,0x90,0x90,0x00,0x00,,,,,"Set torque = 0"
413248,TX,0x201,3,0x90,0x90,0x00,0x00,,,,,"Set torque = 0"
413254,RX,0x181,6,0x40,0x40,0x10,0x43,0x80,0x00,0x0B,,"Status word = 0x4310"
413261,RX,0x181,4,0x30,0x30,0x00,0x00,0x01,,,,"Speed feedback = 0 rpm"
413274,TX,0x201,3,0x90,0x90,0x00,0x00,,,,,"Set torque = 0"
413301,TX,0x201,3,0x90,0x90,0x00,0x00,,,,,"Set torque = 0"
413327,TX,0x201,3,0x90,0x90,0x00,0x00,,,,,"Set torque = 0"
413349,RX,0x181,6,0x40,0x40,0x10,0x43,0x80,0x00,0x0B,,"Status word = 0x4310"
413356,TX,0x201,3,0x90,0x90,0x00,0x00,,,,,"Set torque = 0"
413363,RX,0x181,4,0x30,0x30,0x00,0x00,0x01,,,,"Speed feedback = 0 rpm"
413383,TX,0x201,3,0x90,0x90,0x00,0x00,,,,,"Set torque = 0"
413409,TX,0x201,3,0x90,0x90,0x00,0x00,,,,,"Set torque = 0"
413435,TX,0x201,3,0x90,0x90,0x00,0x00,,,,,"Set torque = 0"
413449,RX,0x181,6,0x40,0x40,0x10,0x43,0x80,0x00,0x0B,,"Status word = 0x4310"
413456,RX,0x181,4,0x30,0x30,0x00,0x00,0x01,,,,"Speed feedback = 0 rpm"
413463,TX,0x201,3,0x90,0x90,0x00,0x00,,,,,"Set torque = 0"
413490,TX,0x201,3,0x90,0x90,0x00,0x00,,,,,"Set torque = 0"
413514,TX,0x201,3,0x90,0x90,0x00,0x00,,,,,"Set torque = 0"
413540,TX,0x201,3,0x90,0x90,0x00,0x00,,,,,"Set torque = 0"
413549,RX,0x181,6,0x40,0x40,0x10,0x43,0x80,0x00,0x0B,,"Status word = 0x4310"
413556,RX,0x181,4,0x30,0x30,0x00,0x00,0x01,,,,"Speed feedback = 0 rpm"
413566,TX,0x201,3,0x90,0x90,0x00,0x00,,,,,"Set torque = 0"
413592,TX,0x201,3,0x90,0x90,0x00,0x00,,,,,"Set torque = 0"
413619,TX,0x201,3,0x90,0x90,0x00,0x00,,,,,"Set torque = 0"
413645,TX,0x201,3,0x90,0x90,0x00,0x00,,,,,"Set torque = 0"
413651,RX,0x181,6,0x40,0x40,0x10,0x43,0x80,0x00,0x0B,,"Status word = 0x4310"
413658,RX,0x181,4,0x30,0x30,0x00,0x00,0x01,,,,"Speed feedback = 0 rpm"
413671,TX,0x201,3,0x90,0x90,0x00,0x00,,,,,"Set torque = 0"
413697,TX,0x201,3,0x90,0x90,0x00,0x00,,,,,"Set torque = 0"
413723,TX,0x201,3,0x90,0x90,0x00,0x00,,,,,"Set torque = 0"
413749,TX,0x201,3,0x90,0x90,0x00,0x00,,,,,"Set torque = 0"
413755,RX,0x181,6,0x40,0x40,0x10,0x43,0x80,0x00,0x0B,,"Status word = 0x4310"
413762,RX,0x181,4,0x30,0x30,0x00,0x00,0x01,,,,"Speed feedback = 0 rpm"
413775,TX,0x201,3,0x90,0x90,0x00,0x00,,,,,"Set torque = 0"
413801,TX,0x201,3,0x90,0x90,0x00,0x00,,,,,"Set torque = 0"
413827,TX,0x201,3,0x90,0x90,0x00,0x00,,,,,"Set torque = 0"
413849,RX,0x181,6,0x40,0x40,0x10,0x43,0x80,0x00,0x0B,,"Status word = 0x4310"
413855,TX,0x201,3,0x90,0x90,0x00,0x00,,,,,"Set torque = 0"
413862,RX,0x181,4,0x30,0x30,0x00,0x00,0x01,,,,"Speed feedback = 0 rpm"
413882,TX,0x201,3,0x90,0x90,0x00,0x00,,,,,"Set torque = 0"
413908,TX,0x201,3,0x90,0x90,0x00,0x00,,,,,"Set torque = 0"
413935,TX,0x201,3,0x90,0x90,0x00,0x00,,,,,"Set torque = 0"
413948,RX,0x181,6,0x40,0x40,0x10,0x43,0x80,0x00,0x0B,,"Status word = 0x4310"
413955,RX,0x181,4,0x30,0x30,0x00,0x00,0x01,,,,"Speed feedback = 0 rpm"
413962,TX,0x201,3,0x90,0x90,0x00,0x00,,,,,"Set torque = 0"
413989,TX,0x201,3,0x90,0x90,0x00,0x00,,,,,"Set torque = 0"
414015,TX,0x201,3,0x90,0x90,0x00,0x00,,,,,"Set torque = 0"
414041,TX,0x201,3,0x90,0x90,0x00,0x00,,,,,"Set torque = 0"
414048,RX,0x181,6,0x40,0x40,0x10,0x43,0x80,0x00,0x0B,,"Status word = 0x4310"
414055,RX,0x181,4,0x30,0x30,0x00,0x00,0x01,,,,"Speed feedback = 0 rpm"
414067,TX,0x201,3,0x90,0x90,0x00,0x00,,,,,"Set torque = 0"
414093,TX,0x201,3,0x90,0x90,0x00,0x00,,,,,"Set torque = 0"
414119,TX,0x201,3,0x90,0x90,0x00,0x00,,,,,"Set torque = 0"
414145,TX,0x201,3,0x90,0x90,0x00,0x00,,,,,"Set torque = 0"
414151,RX,0x181,6,0x40,0x40,0x10,0x43,0x80,0x00,0x0B,,"Status word = 0x4310"
414158,RX,0x181,4,0x30,0x30,0x00,0x00,0x01,,,,"Speed feedback = 0 rpm"
414171,TX,0x201,3,0x90,0x90,0x00,0x00,,,,,"Set torque = 0"
414197,TX,0x201,3,0x90,0x90,0x00,0x00,,,,,"Set torque = 0"
414223,TX,0x201,3,0x90,0x90,0x00,0x00,,,,,"Set torque = 0"
414248,RX,0x181,6,0x40,0x40,0x10,0x43,0x80,0x00,0x0B,,"Status word = 0x4310"
414255,TX,0x201,3,0x90,0x90,0x00,0x00,,,,,"Set torque = 0"
414261,RX,0x181,4,0x30,0x30,0x00,0x00,0x01,,,,"Speed feedback = 0 rpm"
414281,TX,0x201,3,0x90,0x90,0x00,0x00,,,,,"Set torque = 0"
414307,TX,0x201,3,0x90,0x90,0x00,0x00,,,,,"Set torque = 0"
414333,TX,0x201,3,0x90,0x90,0x00,0x00,,,,,"Set torque = 0"
414348,RX,0x181,6,0x40,0x40,0x10,0x43,0x80,0x00,0x0B,,"Status word = 0x4310"
414355,RX,0x181,4,0x30,0x30,0x00,0x00,0x01,,,,"Speed feedback = 0 rpm"
414361,TX,0x201,3,0x90,0x90,0x00,0x00,,,,,"Set torque = 0"
414389,TX,0x201,3,0x90,0x90,0x00,0x00,,,,,"Set torque = 0"
414415,TX,0x201,3,0x90,0x90,0x00,0x00,,,,,"Set torque = 0"
414441,TX,0x201,3,0x90,0x90,0x00,0x00,,,,,"Set torque = 0"
414449,RX,0x181,6,0x40,0x40,0x10,0x43,0x80,0x00,0x0B,,"Status word = 0x4310"
414455,RX,0x181,4,0x30,0x30,0x00,0x00,0x01,,,,"Speed feedback = 0 rpm"
414469,TX,0x201,3,0x90,0x90,0x00,0x00,,,,,"Set torque = 0"
414495,TX,0x201,3,0x90,0x90,0x00,0x00,,,,,"Set torque = 0"
414521,TX,0x201,3,0x90,0x90,0x00,0x00,,,,,"Set torque = 0"
414547,TX,0x201,3,0x90,0x90,0x00,0x00,,,,,"Set torque = 0"
414554,RX,0x181,6,0x40,0x40,0x10,0x43,0x80,0x00,0x0B,,"Status word = 0x4310"
414560,RX,0x181,4,0x30,0x30,0x00,0x00,0x01,,,,"Speed feedback = 0 rpm"
414574,TX,0x201,3,0x90,0x90,0x00,0x00,,,,,"Set torque = 0"
414600,TX,0x201,3,0x90,0x90,0x00,0x00,,,,,"Set torque = 0"
414626,TX,0x201,3,0x90,0x90,0x00,0x00,,,,,"Set torque = 0"
414647,RX,0x181,6,0x40,0x40,0x10,0x43,0x80,0x00,0x0B,,"Status word = 0x4310"
414654,TX,0x201,3,0x90,0x90,0x00,0x00,,,,,"Set torque = 0"
414661,RX,0x181,4,0x30,0x30,0x00,0x00,0x01,,,,"Speed feedback = 0 rpm"
414681,TX,0x201,3,0x90,0x90,0x00,0x00,,,,,"Set torque = 0"
414708,TX,0x201,3,0x90,0x90,0x00,0x00,,,,,"Set torque = 0"
414736,TX,0x201,3,0x90,0x90,0x00,0x00,,,,,"Set torque = 0"
414747,RX,0x181,6,0x40,0x40,0x10,0x43,0x80,0x00,0x0B,,"Status word = 0x4310"
414754,RX,0x181,4,0x30,0x30,0x00,0x00,0x01,,,,"Speed feedback = 0 rpm"
414762,TX,0x201,3,0x90,0x90,0x00,0x00,,,,,"Set torque = 0"
414788,TX,0x201,3,0x90,0x90,0x00,0x00,,,,,"Set torque = 0"
414814,TX,0x201,3,0x90,0x90,0x00,0x00,,,,,"Set torque = 0"
414840,TX,0x201,3,0x90,0x90,0x00,0x00,,,,,"Set torque = 0"
414847,RX,0x181,6,0x40,0x40,0x10,0x43,0x80,0x00,0x0B,,"Status word = 0x4310"
414854,RX,0x181,4,0x30,0x30,0x00,0x00,0x01,,,,"Speed feedback = 0 rpm"
414867,TX,0x201,3,0x90,0x90,0x00,0x00,,,,,"Set torque = 0"
414893,TX,0x201,3,0x90,0x90,0x00,0x00,,,,,"Set torque = 0"
414919,TX,0x201,3,0x90,0x90,0x00,0x00,,,,,"Set torque = 0"
414945,TX,0x201,3,0x90,0x90,0x00,0x00,,,,,"Set torque = 0"
414951,RX,0x181,6,0x40,0x40,0x10,0x43,0x80,0x00,0x0B,,"Status word = 0x4310"
414958,RX,0x181,4,0x30,0x30,0x00,0x00,0x01,,,,"Speed feedback = 0 rpm"
414971,TX,0x201,3,0x90,0x90,0x00,0x00,,,,,"Set torque = 0"
414998,TX,0x201,3,0x90,0x90,0x00,0x00,,,,,"Set torque = 0"
415024,TX,0x201,3,0x90,0x90,0x00,0x00,,,,,"Set torque = 0"
415047,RX,0x181,6,0x40,0x40,0x10,0x43,0x80,0x00,0x0B,,"Status word = 0x4310"
415053,TX,0x201,3,0x90,0x90,0x00,0x00,,,,,"Set torque = 0"
415060,RX,0x181,4,0x30,0x30,0x00,0x00,0x01,,,,"Speed feedback = 0 rpm"
415080,TX,0x201,3,0x90,0x90,0x00,0x00,,,,,"Set torque = 0"
415106,TX,0x201,3,0x90,0x90,0x00,0x00,,,,,"Set torque = 0"
415132,TX,0x201,3,0x90,0x90,0x00,0x00,,,,,"Set torque = 0"
415146,RX,0x181,6,0x40,0x40,0x10,0x43,0x80,0x00,0x0B,,"Status word = 0x4310"
415154,RX,0x181,4,0x30,0x30,0x00,0x00,0x01,,,,"Speed feedback = 0 rpm"
415160,TX,0x201,3,0x90,0x90,0x00,0x00,,,,,"Set torque = 0"
415187,TX,0x201,3,0x90,0x90,0x00,0x00,,,,,"Set torque = 0"
415213,TX,0x201,3,0x90,0x90,0x00,0x00,,,,,"Set torque = 0"
415239,TX,0x201,3,0x90,0x90,0x00,0x00,,,,,"Set torque = 0"
415246,RX,0x181,6,0x40,0x40,0x10,0x43,0x80,0x00,0x0B,,"Status word = 0x4310"
415253,RX,0x181,4,0x30,0x30,0x00,0x00,0x01,,,,"Speed feedback = 0 rpm"
415265,TX,0x201,3,0x90,0x90,0x00,0x00,,,,,"Set torque = 0"
415291,TX,0x201,3,0x90,0x90,0x00,0x00,,,,,"Set torque = 0"
415318,TX,0x201,3,0x90,0x90,0x00,0x00,,,,,"Set torque = 0"
415344,TX,0x201,3,0x90,0x90,0x00,0x00,,,,,"Set torque = 0"
415350,RX,0x181,6,0x40,0x40,0x10,0x43,0x80,0x00,0x0B,,"Status word = 0x4310"
415357,RX,0x181,4,0x30,0x30,0x00,0x00,0x01,,,,"Speed feedback = 0 rpm"
415370,TX,0x201,3,0x90,0x90,0x00,0x00,,,,,"Set torque = 0"
415396,TX,0x201,3,0x90,0x90,0x00,0x00,,,,,"Set torque = 0"
415422,TX,0x201,3,0x90,0x90,0x00,0x00,,,,,"Set torque = 0"
415446,RX,0x181,6,0x40,0x40,0x10,0x43,0x80,0x00,0x0B,,"Status word = 0x4310"
415453,TX,0x201,3,0x90,0x90,0x00,0x00,,,,,"Set torque = 0"
415460,RX,0x181,4,0x30,0x30,0x00,0x00,0x01,,,,"Speed feedback = 0 rpm"
415480,TX,0x201,3,0x90,0x90,0x00,0x00,,,,,"Set torque = 0"
415506,TX,0x201,3,0x90,0x90,0x00,0x00,,,,,"Set torque = 0"
415532,TX,0x201,3,0x90,0x90,0x00,0x00,,,,,"Set torque = 0"
415546,RX,0x181,6,0x40,0x40,0x10,0x43,0x80,0x00,0x0B,,"Status word = 0x4310"
415553,RX,0x181,4,0x30,0x30,0x00,0x00,0x01,,,,"Speed feedback = 0 rpm"
415560,TX,0x201,3,0x90,0x90,0x00,0x00,,,,,"Set torque = 0"
415586,TX,0x201,3,0x90,0x90,0x00,0x00,,,,,"Set torque = 0"
415612,TX,0x201,3,0x90,0x90,0x00,0x00,,,,,"Set torque = 0"
415639,TX,0x201,3,0x90,0x90,0x00,0x00,,,,,"Set torque = 0"
415646,RX,0x181,6,0x40,0x40,0x10,0x43,0x80,0x00,0x0B,,"Status word = 0x4310"
415653,RX,0x181,4,0x30,0x30,0x00,0x00,0x01,,,,"Speed feedback = 0 rpm"
415665,TX,0x201,3,0x90,0x90,0x00,0x00,,,,,"Set torque = 0"
415691,TX,0x201,3,0x90,0x90,0x00,0x00,,,,,"Set torque = 0"
415717,TX,0x201,3,0x90,0x90,0x00,0x00,,,,,"Set torque = 0"
415743,TX,0x201,3,0x90,0x90,0x00,0x00,,,,,"Set torque = 0"
415749,RX,0x181,6,0x40,0x40,0x10,0x43,0x80,0x00,0x0B,,"Status word = 0x4310"
415756,RX,0x181,4,0x30,0x30,0x00,0x00,0x01,,,,"Speed feedback = 0 rpm"
415769,TX,0x201,3,0x90,0x90,0x00,0x00,,,,,"Set torque = 0"
415795,TX,0x201,3,0x90,0x90,0x00,0x00,,,,,"Set torque = 0"
415824,TX,0x201,3,0x90,0x90,0x00,0x00,,,,,"Set torque = 0"
415845,RX,0x181,6,0x40,0x40,0x10,0x43,0x80,0x00,0x0B,,"Status word = 0x4310"
415852,TX,0x201,3,0x90,0x90,0x00,0x00,,,,,"Set torque = 0"
415859,RX,0x181,4,0x30,0x30,0x00,0x00,0x01,,,,"Speed feedback = 0 rpm"
415879,TX,0x201,3,0x90,0x90,0x00,0x00,,,,,"Set torque = 0"
415905,TX,0x201,3,0x90,0x90,0x00,0x00,,,,,"Set torque = 0"
415932,TX,0x201,3,0x90,0x90,0x00,0x00,,,,,"Set torque = 0"
415945,RX,0x181,6,0x40,0x40,0x10,0x43,0x80,0x00,0x0B,,"Status word = 0x4310"
415952,RX,0x181,4,0x30,0x30,0x00,0x00,0x01,,,,"Speed feedback = 0 rpm"
415959,TX,0x201,3,0x90,0x90,0x00,0x00,,,,,"Set torque = 0"
415986,TX,0x201,3,0x90,0x90,0x00,0x00,,,,,"Set torque = 0"
416012,TX,0x201,3,0x90,0x90,0x00,0x00,,,,,"Set torque = 0"
416038,TX,0x201,3,0x90,0x90,0x00,0x00,,,,,"Set torque = 0"
416045,RX,0x181,6,0x40,0x40,0x10,0x43,0x80,0x00,0x0B,,"Status word = 0x4310"
416052,RX,0x181,4,0x30,0x30,0x00,0x00,0x01,,,,"Speed feedback = 0 rpm"
416127,TX,0x201,3,0x90,0x90,0x00,0x00,,,,,"Set torque = 0"
416145,RX,0x181,6,0x40,0x40,0x10,0x43,0x80,0x00,0x0B,,"Status word = 0x4310"
416152,RX,0x181,4,0x30,0x30,0x00,0x00,0x01,,,,"Speed feedback = 0 rpm"
416159,TX,0x201,3,0x90,0x90,0x00,0x00,,,,,"Set torque = 0"
416185,TX,0x201,3,0x90,0x90,0x00,0x00,,,,,"Set torque = 0"
416211,TX,0x201,3,0x90,0x90,0x00,0x00,,,,,"Set torque = 0"
416237,TX,0x201,3,0x90,0x90,0x00,0x00,,,,,"Set torque = 0"
416245,RX,0x181,6,0x40,0x40,0x10,0x43,0x80,0x00,0x0B,,"Status word = 0x4310"
416252,RX,0x181,4,0x30,0x30,0x00,0x00,0x01,,,,"Speed feedback = 0 rpm"
416263,TX,0x201,3,0x90,0x90,0x00,0x00,,,,,"Set torque = 0"
416289,TX,0x201,3,0x90,0x90,0x00,0x00,,,,,"Set torque = 0"
416315,TX,0x201,3,0x90,0x90,0x00,0x00,,,,,"Set torque = 0"
416341,TX,0x201,3,0x90,0x90,0x00,0x00,,,,,"Set torque = 0"
416347,RX,0x181,6,0x40,0x40,0x10,0x43,0x80,0x00,0x0B,,"Status word = 0x4310"
416354,RX,0x181,4,0x30,0x30,0x00,0x00,0x01,,,,"Speed feedback = 0 rpm"
416367,TX,0x201,3,0x90,0x90,0x00,0x00,,,,,"Set torque = 0"
416393,TX,0x201,3,0x90,0x90,0x00,0x00,,,,,"Set torque = 0"
416419,TX,0x201,3,0x90,0x90,0x00,0x00,,,,,"Set torque = 0"
416444,RX,0x181,6,0x40,0x40,0x10,0x43,0x80,0x00,0x0B,,"Status word = 0x4310"
416451,TX,0x201,3,0x90,0x90,0x00,0x00,,,,,"Set torque = 0"
416458,RX,0x181,4,0x30,0x30,0x00,0x00,0x01,,,,"Speed feedback = 0 rpm"
416478,TX,0x201,3,0x90,0x90,0x00,0x00,,,,,"Set torque = 0"
416504,TX,0x201,3,0x90,0x90,0x00,0x00,,,,,"Set torque = 0"
416530,TX,0x201,3,0x90,0x90,0x00,0x00,,,,,"Set torque = 0"
416620,RX,0x181,6,0x40,0x40,0x10,0x43,0x80,0x00,0x0B,,"Status word = 0x4310"
416627,RX,0x181,4,0x30,0x30,0x00,0x00,0x01,,,,"Speed feedback = 0 rpm"
416640,TX,0x201,3,0x90,0x90,0x00,0x00,,,,,"Set torque = 0"
416647,RX,0x181,6,0x40,0x40,0x10,0x43,0x80,0x00,0x0B,,"Status word = 0x4310"
416653,RX,0x181,4,0x30,0x30,0x00,0x00,0x01,,,,"Speed feedback = 0 rpm"
416667,TX,0x201,3,0x90,0x90,0x00,0x00,,,,,"Set torque = 0"
416693,TX,0x201,3,0x90,0x90,0x00,0x00,,,,,"Set torque = 0"
416719,TX,0x201,3,0x90,0x90,0x00,0x00,,,,,"Set torque = 0"
416744,RX,0x181,6,0x40,0x40,0x10,0x43,0x80,0x00,0x0B,,"Status word = 0x4310"
416751,TX,0x201,3,0x90,0x90,0x00,0x00,,,,,"Set torque = 0"
416757,RX,0x181,4,0x30,0x30,0x00,0x00,0x01,,,,"Speed feedback = 0 rpm"
416777,TX,0x201,3,0x90,0x90,0x00,0x00,,,,,"Set torque = 0"
416804,TX,0x201,3,0x90,0x90,0x00,0x00,,,,,"Set torque = 0"
416830,TX,0x201,3,0x90,0x90,0x00,0x00,,,,,"Set torque = 0"
416844,RX,0x181,6,0x40,0x40,0x10,0x43,0x80,0x00,0x0B,,"Status word = 0x4310"
416851,RX,0x181,4,0x30,0x30,0x00,0x00,0x01,,,,"Speed feedback = 0 rpm"
416856,TX,0x201,3,0x90,0x90,0x00,0x00,,,,,"Set torque = 0"
416882,TX,0x201,3,0x90,0x90,0x00,0x00,,,,,"Set torque = 0"
416908,TX,0x201,3,0x90,0x90,0x00,0x00,,,,,"Set torque = 0"
416934,TX,0x201,3,0x90,0x90,0x00,0x00,,,,,"Set torque = 0"
416944,RX,0x181,6,0x40,0x40,0x10,0x43,0x80,0x00,0x0B,,"Status word = 0x4310"
416951,RX,0x181,4,0x30,0x30,0x00,0x00,0x01,,,,"Speed feedback = 0 rpm"
416960,TX,0x201,3,0x90,0x90,0x00,0x00,,,,,"Set torque = 0"
416986,TX,0x201,3,0x90,0x90,0x00,0x00,,,,,"Set torque = 0"
417084,RX,0x181,6,0x40,0x40,0x10,0x43,0x80,0x00,0x0B,,"Status word = 0x4310"
417090,RX,0x181,4,0x30,0x30,0x00,0x00,0x01,,,,"Speed feedback = 0 rpm"
417104,TX,0x201,3,0x90,0x90,0x00,0x00,,,,,"Set torque = 0"
417130,TX,0x201,3,0x90,0x90,0x00,0x00,,,,,"Set torque = 0"
417143,RX,0x181,6,0x40,0x40,0x10,0x43,0x80,0x00,0x0B,,"Status word = 0x4310"
417150,RX,0x181,4,0x30,0x30,0x00,0x00,0x01,,,,"Speed feedback = 0 rpm"
417157,TX,0x201,3,0x90,0x90,0x00,0x00,,,,,"Set torque = 0"
417184,TX,0x201,3,0x90,0x90,0x00,0x00,,,,,"Set torque = 0"
417210,TX,0x201,3,0x90,0x90,0x00,0x00,,,,,"Set torque = 0"
417236,TX,0x201,3,0x90,0x90,0x00,0x00,,,,,"Set torque = 0"
417243,RX,0x181,6,0x40,0x40,0x10,0x43,0x80,0x00,0x0B,,"Status word = 0x4310"
417250,RX,0x181,4,0x30,0x30,0x00,0x00,0x01,,,,"Speed feedback = 0 rpm"
417262,TX,0x201,3,0x90,0x90,0x00,0x00,,,,,"Set torque = 0"
417288,TX,0x201,3,0x90,0x90,0x00,0x00,,,,,"Set torque = 0"
417314,TX,0x201,3,0x90,0x90,0x00,0x00,,,,,"Set torque = 0"
417341,TX,0x201,3,0x90,0x90,0x00,0x00,,,,,"Set torque = 0"
417347,RX,0x181,6,0x40,0x40,0x10,0x43,0x80,0x00,0x0B,,"Status word = 0x4310"
417354,RX,0x181,4,0x30,0x30,0x00,0x00,0x01,,,,"Speed feedback = 0 rpm"
417367,TX,0x201,3,0x90,0x90,0x00,0x00,,,,,"Set torque = 0"
417393,TX,0x201,3,0x90,0x90,0x00,0x00,,,,,"Set torque = 0"
417419,TX,0x201,3,0x90,0x90,0x00,0x00,,,,,"Set torque = 0"
417443,RX,0x181,6,0x40,0x40,0x10,0x43,0x80,0x00,0x0B,,"Status word = 0x4310"
417450,TX,0x201,3,0x90,0x90,0x00,0x00,,,,,"Set torque = 0"
417456,RX,0x181,4,0x30,0x30,0x00,0x00,0x01,,,,"Speed feedback = 0 rpm"
417555,RX,0x181,4,0x30,0x30,0x00,0x00,0x01,,,,"Speed feedback = 0 rpm"
417562,RX,0x181,6,0x40,0x40,0x10,0x43,0x80,0x00,0x0B,,"Status word = 0x4310"
417569,TX,0x201,3,0x90,0x90,0x00,0x00,,,,,"Set torque = 0"
417596,TX,0x201,3,0x90,0x90,0x00,0x00,,,,,"Set torque = 0"
417622,TX,0x201,3,0x90,0x90,0x00,0x00,,,,,"Set torque = 0"
417643,RX,0x181,6,0x40,0x40,0x10,0x43,0x80,0x00,0x0B,,"Status word = 0x4310"
417649,TX,0x201,3,0x90,0x90,0x00,0x00,,,,,"Set torque = 0"
417656,RX,0x181,4,0x30,0x30,0x00,0x00,0x01,,,,"Speed feedback = 0 rpm"
417676,TX,0x201,3,0x90,0x90,0x00,0x00,,,,,"Set torque = 0"
417703,TX,0x201,3,0x90,0x90,0x00,0x00,,,,,"Set torque = 0"
417729,TX,0x201,3,0x90,0x90,0x00,0x00,,,,,"Set torque = 0"
417742,RX,0x181,6,0x40,0x40,0x10,0x43,0x80,0x00,0x0B,,"Status word = 0x4310"
417749,RX,0x181,4,0x30,0x30,0x00,0x00,0x01,,,,"Speed feedback = 0 rpm"
417756,TX,0x201,3,0x90,0x90,0x00,0x00,,,,,"Set torque = 0"
417783,TX,0x201,3,0x90,0x90,0x00,0x00,,,,,"Set torque = 0"
417809,TX,0x201,3,0x90,0x90,0x00,0x00,,,,,"Set torque = 0"
417835,TX,0x201,3,0x90,0x90,0x00,0x00,,,,,"Set torque = 0"
417842,RX,0x181,6,0x40,0x40,0x10,0x43,0x80,0x00,0x0B,,"Status word = 0x4310"
417849,RX,0x181,4,0x30,0x30,0x00,0x00,0x01,,,,"Speed feedback = 0 rpm"
417861,TX,0x201,3,0x90,0x90,0x00,0x00,,,,,"Set torque = 0"
417887,TX,0x201,3,0x90,0x90,0x00,0x00,,,,,"Set torque = 0"
417913,TX,0x201,3,0x90,0x90,0x00,0x00,,,,,"Set torque = 0"
417939,TX,0x201,3,0x90,0x90,0x00,0x00,,,,,"Set torque = 0"
417945,RX,0x181,6,0x40,0x40,0x10,0x43,0x80,0x00,0x0B,,"Status word = 0x4310"
418035,RX,0x181,4,0x30,0x30,0x00,0x00,0x01,,,,"Speed feedback = 0 rpm"
418042,RX,0x181,6,0x40,0x40,0x10,0x43,0x80,0x00,0x0B,,"Status word = 0x4310"
418049,TX,0x201,3,0x90,0x90,0x00,0x00,,,,,"Set torque = 0"
418056,RX,0x181,4,0x30,0x30,0x00,0x00,0x01,,,,"Speed feedback = 0 rpm"
418076,TX,0x201,3,0x90,0x90,0x00,0x00,,,,,"Set torque = 0"
418102,TX,0x201,3,0x90,0x90,0x00,0x00,,,,,"Set torque = 0"
418128,TX,0x201,3,0x90,0x90,0x00,0x00,,,,,"Set torque = 0"
418142,RX,0x181,6,0x40,0x40,0x10,0x43,0x80,0x00,0x0B,,"Status word = 0x4310"
418149,RX,0x181,4,0x30,0x30,0x00,0x00,0x01,,,,"Speed feedback = 0 rpm"
418155,TX,0x201,3,0x90,0x90,0x00,0x00,,,,,"Set torque = 0"
418182,TX,0x201,3,0x90,0x90,0x00,0x00,,,,,"Set torque = 0"
418208,TX,0x201,3,0x90,0x90,0x00,0x00,,,,,"Set torque = 0"
418235,TX,0x201,3,0x90,0x90,0x00,0x00,,,,,"Set torque = 0"
418242,RX,0x181,6,0x40,0x40,0x10,0x43,0x80,0x00,0x0B,,"Status word = 0x4310"
418249,RX,0x181,4,0x30,0x30,0x00,0x00,0x01,,,,"Speed feedback = 0 rpm"
418261,TX,0x201,3,0x90,0x90,0x00,0x00,,,,,"Set torque = 0"
418287,TX,0x201,3,0x90,0x90,0x00,0x00,,,,,"Set torque = 0"
418313,TX,0x201,3,0x90,0x90,0x00,0x00,,,,,"Set torque = 0"
418339,TX,0x201,3,0x90,0x90,0x00,0x00,,,,,"Set torque = 0"
418345,RX,0x181,6,0x40,0x40,0x10,0x43,0x80,0x00,0x0B,,"Status word = 0x4310"
418352,RX,0x181,4,0x30,0x30,0x00,0x00,0x01,,,,"Speed feedback = 0 rpm"
418365,TX,0x201,3,0x90,0x90,0x00,0x00,,,,,"Set torque = 0"
418391,TX,0x201,3,0x90,0x90,0x00,0x00,,,,,"Set torque = 0"
418417,TX,0x201,3,0x90,0x90,0x00,0x00,,,,,"Set torque = 0"
418509,RX,0x181,6,0x40,0x40,0x10,0x43,0x80,0x00,0x0B,,"Status word = 0x4310"
418516,RX,0x181,4,0x30,0x30,0x00,0x00,0x01,,,,"Speed feedback = 0 rpm"
418529,TX,0x201,3,0x90,0x90,0x00,0x00,,,,,"Set torque = 0"
418541,RX,0x181,6,0x40,0x40,0x10,0x43,0x80,0x00,0x0B,,"Status word = 0x4310"
418548,RX,0x181,4,0x30,0x30,0x00,0x00,0x01,,,,"Speed feedback = 0 rpm"
418555,TX,0x201,3,0x90,0x90,0x00,0x00,,,,,"Set torque = 0"
418582,TX,0x201,3,0x90,0x90,0x00,0x00,,,,,"Set torque = 0"
418608,TX,0x201,3,0x90,0x90,0x00,0x00,,,,,"Set torque = 0"
418634,TX,0x201,3,0x90,0x90,0x00,0x00,,,,,"Set torque = 0"
418641,RX,0x181,6,0x40,0x40,0x10,0x43,0x80,0x00,0x0B,,"Status word = 0x4310"
418648,RX,0x181,4,0x30,0x30,0x00,0x00,0x01,,,,"Speed feedback = 0 rpm"
418660,TX,0x201,3,0x90,0x90,0x00,0x00,,,,,"Set torque = 0"
418686,TX,0x201,3,0x90,0x90,0x00,0x00,,,,,"Set torque = 0"
418712,TX,0x201,3,0x90,0x90,0x00,0x00,,,,,"Set torque = 0"
418738,TX,0x201,3,0x90,0x90,0x00,0x00,,,,,"Set torque = 0"
418745,RX,0x181,6,0x40,0x40,0x10,0x43,0x80,0x00,0x0B,,"Status word = 0x4310"
418751,RX,0x181,4,0x30,0x30,0x00,0x00,0x01,,,,"Speed feedback = 0 rpm"
418765,TX,0x201,3,0x90,0x90,0x00,0x00,,,,,"Set torque = 0"
418791,TX,0x201,3,0x90,0x90,0x00,0x00,,,,,"Set torque = 0"
418817,TX,0x201,3,0x90,0x90,0x00,0x00,,,,,"Set torque = 0"
418841,RX,0x181,6,0x40,0x40,0x10,0x43,0x80,0x00,0x0B,,"Status word = 0x4310"
418847,TX,0x201,3,0x90,0x90,0x00,0x00,,,,,"Set torque = 0"
418854,RX,0x181,4,0x30,0x30,0x00,0x00,0x01,,,,"Speed feedback = 0 rpm"
418874,TX,0x201,3,0x90,0x90,0x00,0x00,,,,,"Set torque = 0"
418967,RX,0x181,6,0x40,0x40,0x10,0x43,0x80,0x00,0x0B,,"Status word = 0x4310"
418973,RX,0x181,4,0x30,0x30,0x00,0x00,0x01,,,,"Speed feedback = 0 rpm"
418987,TX,0x201,3,0x90,0x90,0x00,0x00,,,,,"Set torque = 0"
419013,TX,0x201,3,0x90,0x90,0x00,0x00,,,,,"Set torque = 0"
419039,TX,0x201,3,0x90,0x90,0x00,0x00,,,,,"Set torque = 0"
419045,RX,0x181,6,0x40,0x40,0x10,0x43,0x80,0x00,0x0B,,"Status word = 0x4310"
419052,RX,0x181,4,0x30,0x30,0x00,0x00,0x01,,,,"Speed feedback = 0 rpm"
419065,TX,0x201,3,0x90,0x90,0x00,0x00,,,,,"Set torque = 0"
419091,TX,0x201,3,0x90,0x90,0x00,0x00,,,,,"Set torque = 0"
419118,TX,0x201,3,0x90,0x90,0x00,0x00,,,,,"Set torque = 0"
419140,RX,0x181,6,0x40,0x40,0x10,0x43,0x80,0x00,0x0B,,"Status word = 0x4310"
419147,TX,0x201,3,0x90,0x90,0x00,0x00,,,,,"Set torque = 0"
419154,RX,0x181,4,0x30,0x30,0x00,0x00,0x01,,,,"Speed feedback = 0 rpm"
419174,TX,0x201,3,0x90,0x90,0x00,0x00,,,,,"Set torque = 0"
419200,TX,0x201,3,0x90,0x90,0x00,0x00,,,,,"Set torque = 0"
419226,TX,0x201,3,0x90,0x90,0x00,0x00,,,,,"Set torque = 0"
419240,RX,0x181,6,0x40,0x40,0x10,0x43,0x80,0x00,0x0B,,"Status word = 0x4310"
419247,RX,0x181,4,0x30,0x30,0x00,0x00,0x01,,,,"Speed feedback = 0 rpm"
419254,TX,0x201,3,0x90,0x90,0x00,0x00,,,,,"Set torque = 0"
419281,TX,0x201,3,0x90,0x90,0x00,0x00,,,,,"Set torque = 0"
419307,TX,0x201,3,0x90,0x90,0x00,0x00,,,,,"Set torque = 0"
419333,TX,0x201,3,0x90,0x90,0x00,0x00,,,,,"Set torque = 0"
419340,RX,0x181,6,0x40,0x40,0x10,0x43,0x80,0x00,0x0B,,"Status word = 0x4310"
419347,RX,0x181,4,0x30,0x30,0x00,0x00,0x01,,,,"Speed feedback = 0 rpm"
419440,RX,0x181,6,0x40,0x40,0x10,0x43,0x80,0x00,0x0B,,"Status word = 0x4310"
419447,RX,0x181,4,0x30,0x30,0x00,0x00,0x01,,,,"Speed feedback = 0 rpm"
419454,TX,0x201,3,0x90,0x90,0x00,0x00,,,,,"Set torque = 0"
419482,TX,0x201,3,0x90,0x90,0x00,0x00,,,,,"Set torque = 0"
419508,TX,0x201,3,0x90,0x90,0x00,0x00,,,,,"Set torque = 0"
419534,TX,0x201,3,0x90,0x90,0x00,0x00,,,,,"Set torque = 0"
419540,RX,0x181,6,0x40,0x40,0x10,0x43,0x80,0x00,0x0B,,"Status word = 0x4310"
419547,RX,0x181,4,0x30,0x30,0x00,0x00,0x01,,,,"Speed feedback = 0 rpm"
419560,TX,0x201,3,0x90,0x90,0x00,0x00,,,,,"Set torque = 0"
419586,TX,0x201,3,0x90,0x90,0x00,0x00,,,,,"Set torque = 0"
419612,TX,0x201,3,0x90,0x90,0x00,0x00,,,,,"Set torque = 0"
419638,TX,0x201,3,0x90,0x90,0x00,0x00,,,,,"Set torque = 0"
419645,RX,0x181,6,0x40,0x40,0x10,0x43,0x80,0x00,0x0B,,"Status word = 0x4310"
419651,RX,0x181,4,0x30,0x30,0x00,0x00,0x01,,,,"Speed feedback = 0 rpm"
419665,TX,0x201,3,0x90,0x90,0x00,0x00,,,,,"Set torque = 0"
419691,TX,0x201,3,0x90,0x90,0x00,0x00,,,,,"Set torque = 0"
419717,TX,0x201,3,0x90,0x90,0x00,0x00,,,,,"Set torque = 0"
419739,RX,0x181,6,0x40,0x40,0x10,0x43,0x80,0x00,0x0B,,"Status word = 0x4310"
419746,TX,0x201,3,0x90,0x90,0x00,0x00,,,,,"Set torque = 0"
419753,RX,0x181,4,0x30,0x30,0x00,0x00,0x01,,,,"Speed feedback = 0 rpm"
419773,TX,0x201,3,0x90,0x90,0x00,0x00,,,,,"Set torque = 0"
419800,TX,0x201,3,0x90,0x90,0x00,0x00,,,,,"Set torque = 0"
419826,TX,0x201,3,0x90,0x90,0x00,0x00,,,,,"Set torque = 0"
419839,RX,0x181,6,0x40,0x40,0x10,0x43,0x80,0x00,0x0B,,"Status word = 0x4310"
419935,RX,0x181,4,0x30,0x30,0x00,0x00,0x01,,,,"Speed feedback = 0 rpm"
419942,RX,0x181,6,0x40,0x40,0x10,0x43,0x80,0x00,0x0B,,"Status word = 0x4310"
419949,RX,0x181,4,0x30,0x30,0x00,0x00,0x01,,,,"Speed feedback = 0 rpm"
419956,TX,0x201,3,0x90,0x90,0x00,0x00,,,,,"Set torque = 0"
419982,TX,0x201,3,0x90,0x90,0x00,0x00,,,,,"Set torque = 0"
420008,TX,0x201,3,0x90,0x90,0x00,0x00,,,,,"Set torque = 0"
420035,TX,0x201,3,0x90,0x90,0x00,0x00,,,,,"Set torque = 0"
420041,RX,0x181,6,0x40,0x40,0x10,0x43,0x80,0x00,0x0B,,"Status word = 0x4310"
420048,RX,0x181,4,0x30,0x30,0x00,0x00,0x01,,,,"Speed feedback = 0 rpm"
420061,TX,0x201,3,0x90,0x90,0x00,0x00,,,,,"Set torque = 0"
420087,TX,0x201,3,0x90,0x90,0x00,0x00,,,,,"Set torque = 0"
420111,TX,0x201,3,0x90,0x90,0x00,0x00,,,,,"Set torque = 0"
420137,TX,0x201,3,0x90,0x90,0x00,0x00,,,,,"Set torque = 0"
420143,RX,0x181,6,0x40,0x40,0x10,0x43,0x80,0x00,0x0B,,"Status word = 0x4310"
420150,RX,0x181,4,0x30,0x30,0x00,0x00,0x01,,,,"Speed feedback = 0 rpm"
420163,TX,0x201,3,0x90,0x90,0x00,0x00,,,,,"Set torque = 0"
420189,TX,0x201,3,0x90,0x90,0x00,0x00,,,,,"Set torque = 0"
420215,TX,0x201,3,0x90,0x90,0x00,0x00,,,,,"Set torque = 0"
420238,RX,0x181,6,0x40,0x40,0x10,0x43,0x80,0x00,0x0B,,"Status word = 0x4310"
420245,TX,0x201,3,0x90,0x90,0x00,0x00,,,,,"Set torque = 0"
420252,RX,0x181,4,0x30,0x30,0x00,0x00,0x01,,,,"Speed feedback = 0 rpm"
420272,TX,0x201,3,0x90,0x90,0x00,0x00,,,,,"Set torque = 0"
420298,TX,0x201,3,0x90,0x90,0x00,0x00,,,,,"Set torque = 0"
420324,TX,0x201,3,0x90,0x90,0x00,0x00,,,,,"Set torque = 0"
420419,RX,0x181,6,0x40,0x40,0x10,0x43,0x80,0x00,0x0B,,"Status word = 0x4310"
420426,RX,0x181,4,0x30,0x30,0x00,0x00,0x01,,,,"Speed feedback = 0 rpm"
420438,RX,0x181,6,0x40,0x40,0x10,0x43,0x80,0x00,0x0B,,"Status word = 0x4310"
420445,TX,0x201,3,0x90,0x90,0x00,0x00,,,,,"Set torque = 0"
420452,RX,0x181,4,0x30,0x30,0x00,0x00,0x01,,,,"Speed feedback = 0 rpm"
420472,TX,0x201,3,0x90,0x90,0x00,0x00,,,,,"Set torque = 0"
420498,TX,0x201,3,0x90,0x90,0x00,0x00,,,,,"Set torque = 0"
420524,TX,0x201,3,0x90,0x90,0x00,0x00,,,,,"Set torque = 0"
420538,RX,0x181,6,0x40,0x40,0x10,0x43,0x80,0x00,0x0B,,"Status word = 0x4310"
420545,RX,0x181,4,0x30,0x30,0x00,0x00,0x01,,,,"Speed feedback = 0 rpm"
420552,TX,0x201,3,0x90,0x90,0x00,0x00,,,,,"Set torque = 0"
420579,TX,0x201,3,0x90,0x90,0x00,0x00,,,,,"Set torque = 0"
420605,TX,0x201,3,0x90,0x90,0x00,0x00,,,,,"Set torque = 0"
420631,TX,0x201,3,0x90,0x90,0x00,0x00,,,,,"Set torque = 0"
420638,RX,0x181,6,0x40,0x40,0x10,0x43,0x80,0x00,0x0B,,"Status word = 0x4310"
420645,RX,0x181,4,0x30,0x30,0x00,0x00,0x01,,,,"Speed feedback = 0 rpm"
420657,TX,0x201,3,0x90,0x90,0x00,0x00,,,,,"Set torque = 0"
420683,TX,0x201,3,0x90,0x90,0x00,0x00,,,,,"Set torque = 0"
420713,TX,0x201,3,0x90,0x90,0x00,0x00,,,,,"Set torque = 0"
420738,RX,0x181,6,0x40,0x40,0x10,0x43,0x80,0x00,0x0B,,"Status word = 0x4310"
420744,TX,0x201,3,0x90,0x90,0x00,0x00,,,,,"Set torque = 0"
420751,RX,0x181,4,0x30,0x30,0x00,0x00,0x01,,,,"Speed feedback = 0 rpm"
420771,TX,0x201,3,0x90,0x90,0x00,0x00,,,,,"Set torque = 0"
420863,RX,0x181,6,0x40,0x40,0x10,0x43,0x80,0x00,0x0B,,"Status word = 0x4310"
420870,RX,0x181,4,0x30,0x30,0x00,0x00,0x01,,,,"Speed feedback = 0 rpm"
420883,TX,0x201,3,0x90,0x90,0x00,0x00,,,,,"Set torque = 0"
420910,TX,0x201,3,0x90,0x90,0x00,0x00,,,,,"Set torque = 0"
420936,TX,0x201,3,0x90,0x90,0x00,0x00,,,,,"Set torque = 0"
420942,RX,0x181,6,0x40,0x40,0x10,0x43,0x80,0x00,0x0B,,"Status word = 0x4310"
420949,RX,0x181,4,0x30,0x30,0x00,0x00,0x01,,,,"Speed feedback = 0 rpm"
420962,TX,0x201,3,0x90,0x90,0x00,0x00,,,,,"Set torque = 0"
420988,TX,0x201,3,0x90,0x90,0x00,0x00,,,,,"Set torque = 0"
421014,TX,0x201,3,0x90,0x90,0x00,0x00,,,,,"Set torque = 0"
421037,RX,0x181,6,0x40,0x40,0x10,0x43,0x80,0x00,0x0B,,"Status word = 0x4310"
421044,TX,0x201,3,0x90,0x90,0x00,0x00,,,,,"Set torque = 0"
421051,RX,0x181,4,0x30,0x30,0x00,0x00,0x01,,,,"Speed feedback = 0 rpm"
421071,TX,0x201,3,0x90,0x90,0x00,0x00,,,,,"Set torque = 0"
421097,TX,0x201,3,0x90,0x90,0x00,0x00,,,,,"Set torque = 0"
421123,TX,0x201,3,0x90,0x90,0x00,0x00,,,,,"Set torque = 0"
421137,RX,0x181,6,0x40,0x40,0x10,0x43,0x80,0x00,0x0B,,"Status word = 0x4310"
421144,RX,0x181,4,0x30,0x30,0x00,0x00,0x01,,,,"Speed feedback = 0 rpm"
421151,TX,0x201,3,0x90,0x90,0x00,0x00,,,,,"Set torque = 0"
421177,TX,0x201,3,0x90,0x90,0x00,0x00,,,,,"Set torque = 0"
421203,TX,0x201,3,0x90,0x90,0x00,0x00,,,,,"Set torque = 0"
421230,TX,0x201,3,0x90,0x90,0x00,0x00,,,,,"Set torque = 0"
421237,RX,0x181,6,0x40,0x40,0x10,0x43,0x80,0x00,0x0B,,"Status word = 0x4310"
421244,RX,0x181,4,0x30,0x30,0x00,0x00,0x01,,,,"Speed feedback = 0 rpm"
421333,TX,0x201,3,0x90,0x90,0x00,0x00,,,,,"Set torque = 0"
421339,RX,0x181,6,0x40,0x40,0x10,0x43,0x80,0x00,0x0B,,"Status word = 0x4310"
421346,RX,0x181,4,0x30,0x30,0x00,0x00,0x01,,,,"Speed feedback = 0 rpm"
421359,TX,0x201,3,0x90,0x90,0x00,0x00,,,,,"Set torque = 0"
421385,TX,0x201,3,0x90,0x90,0x00,0x00,,,,,"Set torque = 0"
421411,TX,0x201,3,0x90,0x90,0x00,0x00,,,,,"Set torque = 0"
421437,RX,0x181,6,0x40,0x40,0x10,0x43,0x80,0x00,0x0B,,"Status word = 0x4310"
421443,TX,0x201,3,0x90,0x90,0x00,0x00,,,,,"Set torque = 0"
421450,RX,0x181,4,0x30,0x30,0x00,0x00,0x01,,,,"Speed feedback = 0 rpm"
421470,TX,0x201,3,0x90,0x90,0x00,0x00,,,,,"Set torque = 0"
421496,TX,0x201,3,0x90,0x90,0x00,0x00,,,,,"Set torque = 0"
421522,TX,0x201,3,0x90,0x90,0x00,0x00,,,,,"Set torque = 0"
421536,RX,0x181,6,0x40,0x40,0x10,0x43,0x80,0x00,0x0B,,"Status word = 0x4310"
421543,RX,0x181,4,0x30,0x30,0x00,0x00,0x01,,,,"Speed feedback = 0 rpm"
421550,TX,0x201,3,0x90,0x90,0x00,0x00,,,,,"Set torque = 0"
421577,TX,0x201,3,0x90,0x90,0x00,0x00,,,,,"Set torque = 0"
421603,TX,0x201,3,0x90,0x90,0x00,0x00,,,,,"Set torque = 0"
421629,TX,0x201,3,0x90,0x90,0x00,0x00,,,,,"Set torque = 0"
421636,RX,0x181,6,0x40,0x40,0x10,0x43,0x80,0x00,0x0B,,"Status word = 0x4310"
421643,RX,0x181,4,0x30,0x30,0x00,0x00,0x01,,,,"Speed feedback = 0 rpm"
421655,TX,0x201,3,0x90,0x90,0x00,0x00,,,,,"Set torque = 0"
421681,TX,0x201,3,0x90,0x90,0x00,0x00,,,,,"Set torque = 0"
421707,TX,0x201,3,0x90,0x90,0x00,0x00,,,,,"Set torque = 0"
421733,TX,0x201,3,0x90,0x90,0x00,0x00,,,,,"Set torque = 0"
421822,RX,0x181,6,0x40,0x40,0x10,0x43,0x80,0x00,0x0B,,"Status word = 0x4310"
421829,RX,0x181,4,0x30,0x30,0x00,0x00,0x01,,,,"Speed feedback = 0 rpm"
421836,RX,0x181,6,0x40,0x40,0x10,0x43,0x80,0x00,0x0B,,"Status word = 0x4310"
421843,TX,0x201,3,0x90,0x90,0x00,0x00,,,,,"Set torque = 0"
421849,RX,0x181,4,0x30,0x30,0x00,0x00,0x01,,,,"Speed feedback = 0 rpm"
421869,TX,0x201,3,0x90,0x90,0x00,0x00,,,,,"Set torque = 0"
421895,TX,0x201,3,0x90,0x90,0x00,0x00,,,,,"Set torque = 0"
421921,TX,0x201,3,0x90,0x90,0x00,0x00,,,,,"Set torque = 0"
421936,RX,0x181,6,0x40,0x40,0x10,0x43,0x80,0x00,0x0B,,"Status word = 0x4310"
421943,RX,0x181,4,0x30,0x30,0x00,0x00,0x01,,,,"Speed feedback = 0 rpm"
421950,TX,0x201,3,0x90,0x90,0x00,0x00,,,,,"Set torque = 0"
421976,TX,0x201,3,0x90,0x90,0x00,0x00,,,,,"Set torque = 0"
422002,TX,0x201,3,0x90,0x90,0x00,0x00,,,,,"Set torque = 0"
422028,TX,0x201,3,0x90,0x90,0x00,0x00,,,,,"Set torque = 0"
422036,RX,0x181,6,0x40,0x40,0x10,0x43,0x80,0x00,0x0B,,"Status word = 0x4310"
422043,RX,0x181,4,0x30,0x30,0x00,0x00,0x01,,,,"Speed feedback = 0 rpm"
422054,TX,0x201,3,0x90,0x90,0x00,0x00,,,,,"Set torque = 0"
422080,TX,0x201,3,0x90,0x90,0x00,0x00,,,,,"Set torque = 0"
422107,TX,0x201,3,0x90,0x90,0x00,0x00,,,,,"Set torque = 0"
422133,TX,0x201,3,0x90,0x90,0x00,0x00,,,,,"Set torque = 0"
422139,RX,0x181,6,0x40,0x40,0x10,0x43,0x80,0x00,0x0B,,"Status word = 0x4310"
422146,RX,0x181,4,0x30,0x30,0x00,0x00,0x01,,,,"Speed feedback = 0 rpm"
422159,TX,0x201,3,0x90,0x90,0x00,0x00,,,,,"Set torque = 0"
422185,TX,0x201,3,0x90,0x90,0x00,0x00,,,,,"Set torque = 0"
422275,RX,0x181,6,0x40,0x40,0x10,0x43,0x80,0x00,0x0B,,"Status word = 0x4310"
422282,RX,0x181,4,0x30,0x30,0x00,0x00,0x01,,,,"Speed feedback = 0 rpm"
422295,TX,0x201,3,0x90,0x90,0x00,0x00,,,,,"Set torque = 0"
422322,TX,0x201,3,0x90,0x90,0x00,0x00,,,,,"Set torque = 0"
422335,RX,0x181,6,0x40,0x40,0x10,0x43,0x80,0x00,0x0B,,"Status word = 0x4310"
422342,RX,0x181,4,0x30,0x30,0x00,0x00,0x01,,,,"Speed feedback = 0 rpm"
422349,TX,0x201,3,0x90,0x90,0x00,0x00,,,,,"Set torque = 0"
422376,TX,0x201,3,0x90,0x90,0x00,0x00,,,,,"Set torque = 0"
422402,TX,0x201,3,0x90,0x90,0x00,0x00,,,,,"Set torque = 0"
422428,TX,0x201,3,0x90,0x90,0x00,0x00,,,,,"Set torque = 0"
422435,RX,0x181,6,0x40,0x40,0x10,0x43,0x80,0x00,0x0B,,"Status word = 0x4310"
422442,RX,0x181,4,0x30,0x30,0x00,0x00,0x01,,,,"Speed feedback = 0 rpm"
422454,TX,0x201,3,0x90,0x90,0x00,0x00,,,,,"Set torque = 0"
422480,TX,0x201,3,0x90,0x90,0x00,0x00,,,,,"Set torque = 0"
422506,TX,0x201,3,0x90,0x90,0x00,0x00,,,,,"Set torque = 0"
422532,TX,0x201,3,0x90,0x90,0x00,0x00,,,,,"Set torque = 0"
422538,RX,0x181,6,0x40,0x40,0x10,0x43,0x80,0x00,0x0B,,"Status word = 0x4310"
422545,RX,0x181,4,0x30,0x30,0x00,0x00,0x01,,,,"Speed feedback = 0 rpm"
422558,TX,0x201,3,0x90,0x90,0x00,0x00,,,,,"Set torque = 0"
422584,TX,0x201,3,0x90,0x90,0x00,0x00,,,,,"Set torque = 0"
422610,TX,0x201,3,0x90,0x90,0x00,0x00,,,,,"Set torque = 0"
422635,RX,0x181,6,0x40,0x40,0x10,0x43,0x80,0x00,0x0B,,"Status word = 0x4310"
422641,TX,0x201,3,0x90,0x90,0x00,0x00,,,,,"Set torque = 0"
422648,RX,0x181,4,0x30,0x30,0x00,0x00,0x01,,,,"Speed feedback = 0 rpm"
422743,RX,0x181,4,0x30,0x30,0x00,0x00,0x01,,,,"Speed feedback = 0 rpm"
422750,RX,0x181,6,0x40,0x40,0x10,0x43,0x80,0x00,0x0B,,"Status word = 0x4310"
422756,TX,0x201,3,0x90,0x90,0x00,0x00,,,,,"Set torque = 0"
422783,TX,0x201,3,0x90,0x90,0x00,0x00,,,,,"Set torque = 0"
422809,TX,0x201,3,0x90,0x90,0x00,0x00,,,,,"Set torque = 0"
422834,RX,0x181,6,0x40,0x40,0x10,0x43,0x80,0x00,0x0B,,"Status word = 0x4310"
422841,RX,0x181,4,0x30,0x30,0x00,0x00,0x01,,,,"Speed feedback = 0 rpm"
422848,TX,0x201,3,0x90,0x90,0x00,0x00,,,,,"Set torque = 0"
422875,TX,0x201,3,0x90,0x90,0x00,0x00,,,,,"Set torque = 0"
422901,TX,0x201,3,0x90,0x90,0x00,0x00,,,,,"Set torque = 0"
422927,TX,0x201,3,0x90,0x90,0x00,0x00,,,,,"Set torque = 0"
422934,RX,0x181,6,0x40,0x40,0x10,0x43,0x80,0x00,0x0B,,"Status word = 0x4310"
422941,RX,0x181,4,0x30,0x30,0x00,0x00,0x01,,,,"Speed feedback = 0 rpm"
422953,TX,0x201,3,0x90,0x90,0x00,0x00,,,,,"Set torque = 0"
422979,TX,0x201,3,0x90,0x90,0x00,0x00,,,,,"Set torque = 0"
423006,TX,0x201,3,0x90,0x90,0x00,0x00,,,,,"Set torque = 0"
423032,TX,0x201,3,0x90,0x90,0x00,0x00,,,,,"Set torque = 0"
423038,RX,0x181,6,0x40,0x40,0x10,0x43,0x80,0x00,0x0B,,"Status word = 0x4310"
423045,RX,0x181,4,0x30,0x30,0x00,0x00,0x01,,,,"Speed feedback = 0 rpm"
423058,TX,0x201,3,0x90,0x90,0x00,0x00,,,,,"Set torque = 0"
423084,TX,0x201,3,0x90,0x90,0x00,0x00,,,,,"Set torque = 0"
423110,TX,0x201,3,0x90,0x90,0x00,0x00,,,,,"Set torque = 0"
423134,RX,0x181,6,0x40,0x40,0x10,0x43,0x80,0x00,0x0B,,"Status word = 0x4310"
423141,TX,0x201,3,0x90,0x90,0x00,0x00,,,,,"Set torque = 0"
423236,RX,0x181,4,0x30,0x30,0x00,0x00,0x01,,,,"Speed feedback = 0 rpm"
423243,RX,0x181,4,0x30,0x30,0x00,0x00,0x01,,,,"Speed feedback = 0 rpm"
423249,RX,0x181,6,0x40,0x40,0x10,0x43,0x80,0x00,0x0B,,"Status word = 0x4310"
423256,TX,0x201,3,0x90,0x90,0x00,0x00,,,,,"Set torque = 0"
423283,TX,0x201,3,0x90,0x90,0x00,0x00,,,,,"Set torque = 0"
423309,TX,0x201,3,0x90,0x90,0x00,0x00,,,,,"Set torque = 0"
423334,RX,0x181,6,0x40,0x40,0x10,0x43,0x80,0x00,0x0B,,"Status word = 0x4310"
423340,TX,0x201,3,0x90,0x90,0x00,0x00,,,,,"Set torque = 0"
423347,RX,0x181,4,0x30,0x30,0x00,0x00,0x01,,,,"Speed feedback = 0 rpm"
423367,TX,0x201,3,0x90,0x90,0x00,0x00,,,,,"Set torque = 0"
423393,TX,0x201,3,0x90,0x90,0x00,0x00,,,,,"Set torque = 0"
423419,TX,0x201,3,0x90,0x90,0x00,0x00,,,,,"Set torque = 0"
423433,RX,0x181,6,0x40,0x40,0x10,0x43,0x80,0x00,0x0B,,"Status word = 0x4310"
423440,RX,0x181,4,0x30,0x30,0x00,0x00,0x01,,,,"Speed feedback = 0 rpm"
423447,TX,0x201,3,0x90,0x90,0x00,0x00,,,,,"Set torque = 0"
423474,TX,0x201,3,0x90,0x90,0x00,0x00,,,,,"Set torque = 0"
423500,TX,0x201,3,0x90,0x90,0x00,0x00,,,,,"Set torque = 0"
423526,TX,0x201,3,0x90,0x90,0x00,0x00,,,,,"Set torque = 0"
423533,RX,0x181,6,0x40,0x40,0x10,0x43,0x80,0x00,0x0B,,"Status word = 0x4310"
423540,RX,0x181,4,0x30,0x30,0x00,0x00,0x01,,,,"Speed feedback = 0 rpm"
423553,TX,0x201,3,0x90,0x90,0x00,0x00,,,,,"Set torque = 0"
423579,TX,0x201,3,0x90,0x90,0x00,0x00,,,,,"Set torque = 0"
423605,TX,0x201,3,0x90,0x90,0x00,0x00,,,,,"Set torque = 0"
423631,TX,0x201,3,0x90,0x90,0x00,0x00,,,,,"Set torque = 0"
423727,RX,0x181,6,0x40,0x40,0x10,0x43,0x80,0x00,0x0B,,"Status word = 0x4310"
423734,RX,0x181,6,0x40,0x40,0x10,0x43,0x80,0x00,0x0B,,"Status word = 0x4310"
423740,RX,0x181,4,0x30,0x30,0x00,0x00,0x01,,,,"Speed feedback = 0 rpm"
423747,RX,0x181,4,0x30,0x30,0x00,0x00,0x01,,,,"Speed feedback = 0 rpm"
423754,TX,0x201,3,0x90,0x90,0x00,0x00,,,,,"Set torque = 0"
423781,TX,0x201,3,0x90,0x90,0x00,0x00,,,,,"Set torque = 0"
423807,TX,0x201,3,0x90,0x90,0x00,0x00,,,,,"Set torque = 0"
423833,TX,0x201,3,0x90,0x90,0x00,0x00,,,,,"Set torque = 0"
423839,RX,0x181,6,0x40,0x40,0x10,0x43,0x80,0x00,0x0B,,"Status word = 0x4310"
423846,RX,0x181,4,0x30,0x30,0x00,0x00,0x01,,,,"Speed feedback = 0 rpm"
423859,TX,0x201,3,0x90,0x90,0x00,0x00,,,,,"Set torque = 0"
423885,TX,0x201,3,0x90,0x90,0x00,0x00,,,,,"Set torque = 0"
423912,TX,0x201,3,0x90,0x90,0x00,0x00,,,,,"Set torque = 0"
423933,RX,0x181,6,0x40,0x40,0x10,0x43,0x80,0x00,0x0B,,"Status word = 0x4310"
423939,TX,0x201,3,0x90,0x90,0x00,0x00,,,,,"Set torque = 0"
423946,RX,0x181,4,0x30,0x30,0x00,0x00,0x01,,,,"Speed feedback = 0 rpm"
423966,TX,0x201,3,0x90,0x90,0x00,0x00,,,,,"Set torque = 0"
423992,TX,0x201,3,0x90,0x90,0x00,0x00,,,,,"Set torque = 0"
424018,TX,0x201,3,0x90,0x90,0x00,0x00,,,,,"Set torque = 0"
424032,RX,0x181,6,0x40,0x40,0x10,0x43,0x80,0x00,0x0B,,"Status word = 0x4310"
424039,RX,0x181,4,0x30,0x30,0x00,0x00,0x01,,,,"Speed feedback = 0 rpm"
424047,TX,0x201,3,0x90,0x90,0x00,0x00,,,,,"Set torque = 0"
424073,TX,0x201,3,0x90,0x90,0x00,0x00,,,,,"Set torque = 0"
424099,TX,0x201,3,0x90,0x90,0x00,0x00,,,,,"Set torque = 0"
424190,RX,0x181,6,0x40,0x40,0x10,0x43,0x80,0x00,0x0B,,"Status word = 0x4310"
424197,RX,0x181,4,0x30,0x30,0x00,0x00,0x01,,,,"Speed feedback = 0 rpm"
424210,TX,0x201,3,0x90,0x90,0x00,0x00,,,,,"Set torque = 0"
424232,RX,0x181,6,0x40,0x40,0x10,0x43,0x80,0x00,0x0B,,"Status word = 0x4310"
424239,TX,0x201,3,0x90,0x90,0x00,0x00,,,,,"Set torque = 0"
424246,RX,0x181,4,0x30,0x30,0x00,0x00,0x01,,,,"Speed feedback = 0 rpm"
424266,TX,0x201,3,0x90,0x90,0x00,0x00,,,,,"Set torque = 0"
424292,TX,0x201,3,0x90,0x90,0x00,0x00,,,,,"Set torque = 0"
424318,TX,0x201,3,0x90,0x90,0x00,0x00,,,,,"Set torque = 0"
424332,RX,0x181,6,0x40,0x40,0x10,0x43,0x80,0x00,0x0B,,"Status word = 0x4310"
424339,RX,0x181,4,0x30,0x30,0x00,0x00,0x01,,,,"Speed feedback = 0 rpm"
424346,TX,0x201,3,0x90,0x90,0x00,0x00,,,,,"Set torque = 0"
424372,TX,0x201,3,0x90,0x90,0x00,0x00,,,,,"Set torque = 0"
424400,TX,0x201,3,0x90,0x90,0x00,0x00,,,,,"Set torque = 0"
424427,TX,0x201,3,0x90,0x90,0x00,0x00,,,,,"Set torque = 0"
424433,RX,0x181,6,0x40,0x40,0x10,0x43,0x80,0x00,0x0B,,"Status word = 0x4310"
424440,RX,0x181,4,0x30,0x30,0x00,0x00,0x01,,,,"Speed feedback = 0 rpm"
424453,TX,0x201,3,0x90,0x90,0x00,0x00,,,,,"Set torque = 0"
424479,TX,0x201,3,0x90,0x90,0x00,0x00,,,,,"Set torque = 0"
424505,TX,0x201,3,0x90,0x90,0x00,0x00,,,,,"Set torque = 0"
424531,TX,0x201,3,0x90,0x90,0x00,0x00,,,,,"Set torque = 0"
424537,RX,0x181,6,0x40,0x40,0x10,0x43,0x80,0x00,0x0B,,"Status word = 0x4310"
424544,RX,0x181,4,0x30,0x30,0x00,0x00,0x01,,,,"Speed feedback = 0 rpm"
424634,RX,0x181,6,0x40,0x40,0x10,0x43,0x80,0x00,0x0B,,"Status word = 0x4310"
424641,RX,0x181,4,0x30,0x30,0x00,0x00,0x01,,,,"Speed feedback = 0 rpm"
424648,TX,0x201,3,0x90,0x90,0x00,0x00,,,,,"Set torque = 0"
424675,TX,0x201,3,0x90,0x90,0x00,0x00,,,,,"Set torque = 0"
424701,TX,0x201,3,0x90,0x90,0x00,0x00,,,,,"Set torque = 0"
424727,TX,0x201,3,0x90,0x90,0x00,0x00,,,,,"Set torque = 0"
424731,RX,0x181,6,0x40,0x40,0x10,0x43,0x80,0x00,0x0B,,"Status word = 0x4310"
424738,RX,0x181,4,0x30,0x30,0x00,0x00,0x01,,,,"Speed feedback = 0 rpm"
424751,TX,0x201,3,0x90,0x90,0x00,0x00,,,,,"Set torque = 0"
424778,TX,0x201,3,0x90,0x90,0x00,0x00,,,,,"Set torque = 0"
424804,TX,0x201,3,0x90,0x90,0x00,0x00,,,,,"Set torque = 0"
424830,TX,0x201,3,0x90,0x90,0x00,0x00,,,,,"Set torque = 0"
424836,RX,0x181,6,0x40,0x40,0x10,0x43,0x80,0x00,0x0B,,"Status word = 0x4310"
424843,RX,0x181,4,0x30,0x30,0x00,0x00,0x01,,,,"Speed feedback = 0 rpm"
424856,TX,0x201,3,0x90,0x90,0x00,0x00,,,,,"Set torque = 0"
424882,TX,0x201,3,0x90,0x90,0x00,0x00,,,,,"Set torque = 0"
424908,TX,0x201,3,0x90,0x90,0x00,0x00,,,,,"Set torque = 0"
424931,RX,0x181,6,0x40,0x40,0x10,0x43,0x80,0x00,0x0B,,"Status word = 0x4310"
424938,RX,0x181,4,0x30,0x30,0x00,0x00,0x01,,,,"Speed feedback = 0 rpm"
424945,TX,0x201,3,0x90,0x90,0x00,0x00,,,,,"Set torque = 0"
424972,TX,0x201,3,0x90,0x90,0x00,0x00,,,,,"Set torque = 0"
424998,TX,0x201,3,0x90,0x90,0x00,0x00,,,,,"Set torque = 0"
425024,TX,0x201,3,0x90,0x90,0x00,0x00,,,,,"Set torque = 0"
425031,RX,0x181,6,0x40,0x40,0x10,0x43,0x80,0x00,0x0B,,"Status word = 0x4310"
425121,RX,0x181,4,0x30,0x30,0x00,0x00,0x01,,,,"Speed feedback = 0 rpm"
425128,TX,0x201,3,0x90,0x90,0x00,0x00,,,,,"Set torque = 0"
425134,RX,0x181,6,0x40,0x40,0x10,0x43,0x80,0x00,0x0B,,"Status word = 0x4310"
425141,RX,0x181,4,0x30,0x30,0x00,0x00,0x01,,,,"Speed feedback = 0 rpm"
425154,TX,0x201,3,0x90,0x90,0x00,0x00,,,,,"Set torque = 0"
425180,TX,0x201,3,0x90,0x90,0x00,0x00,,,,,"Set torque = 0"
425206,TX,0x201,3,0x90,0x90,0x00,0x00,,,,,"Set torque = 0"
425231,RX,0x181,6,0x40,0x40,0x10,0x43,0x80,0x00,0x0B,,"Status word = 0x4310"
425237,TX,0x201,3,0x90,0x90,0x00,0x00,,,,,"Set torque = 0"
425244,RX,0x181,4,0x30,0x30,0x00,0x00,0x01,,,,"Speed feedback = 0 rpm"
425264,TX,0x201,3,0x90,0x90,0x00,0x00,,,,,"Set torque = 0"
425290,TX,0x201,3,0x90,0x90,0x00,0x00,,,,,"Set torque = 0"
425317,TX,0x201,3,0x90,0x90,0x00,0x00,,,,,"Set torque = 0"
425330,RX,0x181,6,0x40,0x40,0x10,0x43,0x80,0x00,0x0B,,"Status word = 0x4310"
425337,RX,0x181,4,0x30,0x30,0x00,0x00,0x01,,,,"Speed feedback = 0 rpm"
425344,TX,0x201,3,0x90,0x90,0x00,0x00,,,,,"Set torque = 0"
425371,TX,0x201,3,0x90,0x90,0x00,0x00,,,,,"Set torque = 0"
425397,TX,0x201,3,0x90,0x90,0x00,0x00,,,,,"Set torque = 0"
425423,TX,0x201,3,0x90,0x90,0x00,0x00,,,,,"Set torque = 0"
425430,RX,0x181,6,0x40,0x40,0x10,0x43,0x80,0x00,0x0B,,"Status word = 0x4310"
425437,RX,0x181,4,0x30,0x30,0x00,0x00,0x01,,,,"Speed feedback = 0 rpm"
425449,TX,0x201,3,0x90,0x90,0x00,0x00,,,,,"Set torque = 0"
425475,TX,0x201,3,0x90,0x90,0x00,0x00,,,,,"Set torque = 0"
425501,TX,0x201,3,0x90,0x90,0x00,0x00,,,,,"Set torque = 0"
425590,RX,0x181,6,0x40,0x40,0x10,0x43,0x80,0x00,0x0B,,"Status word = 0x4310"
425597,RX,0x181,4,0x30,0x30,0x00,0x00,0x01,,,,"Speed feedback = 0 rpm"
425610,TX,0x201,3,0x90,0x90,0x00,0x00,,,,,"Set torque = 0"
425630,RX,0x181,6,0x40,0x40,0x10,0x43,0x80,0x00,0x0B,,"Status word = 0x4310"
425640,RX,0x181,4,0x30,0x30,0x00,0x00,0x01,,,,"Speed feedback = 0 rpm"
425647,TX,0x201,3,0x90,0x90,0x00,0x00,,,,,"Set torque = 0"
425674,TX,0x201,3,0x90,0x90,0x00,0x00,,,,,"Set torque = 0"
425700,TX,0x201,3,0x90,0x90,0x00,0x00,,,,,"Set torque = 0"
425726,TX,0x201,3,0x90,0x90,0x00,0x00,,,,,"Set torque = 0"
425732,RX,0x181,6,0x40,0x40,0x10,0x43,0x80,0x00,0x0B,,"Status word = 0x4310"
425739,RX,0x181,4,0x30,0x30,0x00,0x00,0x01,,,,"Speed feedback = 0 rpm"
425752,TX,0x201,3,0x90,0x90,0x00,0x00,,,,,"Set torque = 0"
425778,TX,0x201,3,0x90,0x90,0x00,0x00,,,,,"Set torque = 0"
425804,TX,0x201,3,0x90,0x90,0x00,0x00,,,,,"Set torque = 0"
425830,RX,0x181,6,0x40,0x40,0x10,0x43,0x80,0x00,0x0B,,"Status word = 0x4310"
425836,TX,0x201,3,0x90,0x90,0x00,0x00,,,,,"Set torque = 0"
425843,RX,0x181,4,0x30,0x30,0x00,0x00,0x01,,,,"Speed feedback = 0 rpm"
425863,TX,0x201,3,0x90,0x90,0x00,0x00,,,,,"Set torque = 0"
425889,TX,0x201,3,0x90,0x90,0x00,0x00,,,,,"Set torque = 0"
425915,TX,0x201,3,0x90,0x90,0x00,0x00,,,,,"Set torque = 0"
425929,RX,0x181,6,0x40,0x40,0x10,0x43,0x80,0x00,0x0B,,"Status word = 0x4310"
425936,RX,0x181,4,0x30,0x30,0x00,0x00,0x01,,,,"Speed feedback = 0 rpm"
425943,TX,0x201,3,0x90,0x90,0x00,0x00,,,,,"Set torque = 0"
426033,RX,0x181,6,0x40,0x40,0x10,0x43,0x80,0x00,0x0B,,"Status word = 0x4310"
426040,RX,0x181,4,0x30,0x30,0x00,0x00,0x01,,,,"Speed feedback = 0 rpm"
426053,TX,0x201,3,0x90,0x90,0x00,0x00,,,,,"Set torque = 0"
426079,TX,0x201,3,0x90,0x90,0x00,0x00,,,,,"Set torque = 0"
426105,TX,0x201,3,0x90,0x90,0x00,0x00,,,,,"Set torque = 0"
426129,RX,0x181,6,0x40,0x40,0x10,0x43,0x80,0x00,0x0B,,"Status word = 0x4310"
426136,TX,0x201,3,0x90,0x90,0x00,0x00,,,,,"Set torque = 0"
426143,RX,0x181,4,0x30,0x30,0x00,0x00,0x01,,,,"Speed feedback = 0 rpm"
426163,TX,0x201,3,0x90,0x90,0x00,0x00,,,,,"Set torque = 0"
426190,TX,0x201,3,0x90,0x90,0x00,0x00,,,,,"Set torque = 0"
426216,TX,0x201,3,0x90,0x90,0x00,0x00,,,,,"Set torque = 0"
426229,RX,0x181,6,0x40,0x40,0x10,0x43,0x80,0x00,0x0B,,"Status word = 0x4310"
426236,RX,0x181,4,0x30,0x30,0x00,0x00,0x01,,,,"Speed feedback = 0 rpm"
426243,TX,0x201,3,0x90,0x90,0x00,0x00,,,,,"Set torque = 0"
426269,TX,0x201,3,0x90,0x90,0x00,0x00,,,,,"Set torque = 0"
426295,TX,0x201,3,0x90,0x90,0x00,0x00,,,,,"Set torque = 0"
426321,TX,0x201,3,0x90,0x90,0x00,0x00,,,,,"Set torque = 0"
426329,RX,0x181,6,0x40,0x40,0x10,0x43,0x80,0x00,0x0B,,"Status word = 0x4310"
426336,RX,0x181,4,0x30,0x30,0x00,0x00,0x01,,,,"Speed feedback = 0 rpm"
426347,TX,0x201,3,0x90,0x90,0x00,0x00,,,,,"Set torque = 0"
426373,TX,0x201,3,0x90,0x90,0x00,0x00,,,,,"Set torque = 0"
426399,TX,0x201,3,0x90,0x90,0x00,0x00,,,,,"Set torque = 0"
426425,TX,0x201,3,0x90,0x90,0x00,0x00,,,,,"Set torque = 0"
426431,RX,0x181,6,0x40,0x40,0x10,0x43,0x80,0x00,0x0B,,"Status word = 0x4310"
426521,RX,0x181,4,0x30,0x30,0x00,0x00,0x01,,,,"Speed feedback = 0 rpm"
426528,TX,0x201,3,0x90,0x90,0x00,0x00,,,,,"Set torque = 0"
426535,RX,0x181,6,0x40,0x40,0x10,0x43,0x80,0x00,0x0B,,"Status word = 0x4310"
426542,RX,0x181,4,0x30,0x30,0x00,0x00,0x01,,,,"Speed feedback = 0 rpm"
426555,TX,0x201,3,0x90,0x90,0x00,0x00,,,,,"Set torque = 0"
426581,TX,0x201,3,0x90,0x90,0x00,0x00,,,,,"Set torque = 0"
426607,TX,0x201,3,0x90,0x90,0x00,0x00,,,,,"Set torque = 0"
426628,RX,0x181,6,0x40,0x40,0x10,0x43,0x80,0x00,0x0B,,"Status word = 0x4310"
426635,TX,0x201,3,0x90,0x90,0x00,0x00,,,,,"Set torque = 0"
426642,RX,0x181,4,0x30,0x30,0x00,0x00,0x01,,,,"Speed feedback = 0 rpm"
426662,TX,0x201,3,0x90,0x90,0x00,0x00,,,,,"Set torque = 0"
426688,TX,0x201,3,0x90,0x90,0x00,0x00,,,,,"Set torque = 0"
426715,TX,0x201,3,0x90,0x90,0x00,0x00,,,,,"Set torque = 0"
426728,RX,0x181,6,0x40,0x40,0x10,0x43,0x80,0x00,0x0B,,"Status word = 0x4310"
426735,RX,0x181,4,0x30,0x30,0x00,0x00,0x01,,,,"Speed feedback = 0 rpm"
426742,TX,0x201,3,0x90,0x90,0x00,0x00,,,,,"Set torque = 0"
426769,TX,0x201,3,0x90,0x90,0x00,0x00,,,,,"Set torque = 0"
426795,TX,0x201,3,0x90,0x90,0x00,0x00,,,,,"Set torque = 0"
426821,TX,0x201,3,0x90,0x90,0x00,0x00,,,,,"Set torque = 0"
426828,RX,0x181,6,0x40,0x40,0x10,0x43,0x80,0x00,0x0B,,"Status word = 0x4310"
426835,RX,0x181,4,0x30,0x30,0x00,0x00,0x01,,,,"Speed feedback = 0 rpm"
426847,TX,0x201,3,0x90,0x90,0x00,0x00,,,,,"Set torque = 0"
426873,TX,0x201,3,0x90,0x90,0x00,0x00,,,,,"Set torque = 0"
426899,TX,0x201,3,0x90,0x90,0x00,0x00,,,,,"Set torque = 0"
426991,RX,0x181,6,0x40,0x40,0x10,0x43,0x80,0x00,0x0B,,"Status word = 0x4310"
426998,RX,0x181,4,0x30,0x30,0x00,0x00,0x01,,,,"Speed feedback = 0 rpm"
427011,TX,0x201,3,0x90,0x90,0x00,0x00,,,,,"Set torque = 0"
427028,RX,0x181,6,0x40,0x40,0x10,0x43,0x80,0x00,0x0B,,"Status word = 0x4310"
427035,RX,0x181,4,0x30,0x30,0x00,0x00,0x01,,,,"Speed feedback = 0 rpm"
427041,TX,0x201,3,0x90,0x90,0x00,0x00,,,,,"Set torque = 0"
427069,TX,0x201,3,0x90,0x90,0x00,0x00,,,,,"Set torque = 0"
427095,TX,0x201,3,0x90,0x90,0x00,0x00,,,,,"Set torque = 0"
427121,TX,0x201,3,0x90,0x90,0x00,0x00,,,,,"Set torque = 0"
427128,RX,0x181,6,0x40,0x40,0x10,0x43,0x80,0x00,0x0B,,"Status word = 0x4310"
427134,RX,0x181,4,0x30,0x30,0x00,0x00,0x01,,,,"Speed feedback = 0 rpm"
427147,TX,0x201,3,0x90,0x90,0x00,0x00,,,,,"Set torque = 0"
427173,TX,0x201,3,0x90,0x90,0x00,0x00,,,,,"Set torque = 0"
427199,TX,0x201,3,0x90,0x90,0x00,0x00,,,,,"Set torque = 0"
427225,TX,0x201,3,0x90,0x90,0x00,0x00,,,,,"Set torque = 0"
427232,RX,0x181,6,0x40,0x40,0x10,0x43,0x80,0x00,0x0B,,"Status word = 0x4310"
427238,RX,0x181,4,0x30,0x30,0x00,0x00,0x01,,,,"Speed feedback = 0 rpm"
427252,TX,0x201,3,0x90,0x90,0x00,0x00,,,,,"Set torque = 0"
427278,TX,0x201,3,0x90,0x90,0x00,0x00,,,,,"Set torque = 0"
427304,TX,0x201,3,0x90,0x90,0x00,0x00,,,,,"Set torque = 0"
427327,RX,0x181,6,0x40,0x40,0x10,0x43,0x80,0x00,0x0B,,"Status word = 0x4310"
427334,TX,0x201,3,0x90,0x90,0x00,0x00,,,,,"Set torque = 0"
427341,RX,0x181,4,0x30,0x30,0x00,0x00,0x01,,,,"Speed feedback = 0 rpm"
427361,TX,0x201,3,0x90,0x90,0x00,0x00,,,,,"Set torque = 0"
427466,RX,0x181,6,0x40,0x40,0x10,0x43,0x80,0x00,0x0B,,"Status word = 0x4310"
427472,RX,0x181,4,0x30,0x30,0x00,0x00,0x01,,,,"Speed feedback = 0 rpm"
427486,TX,0x201,3,0x90,0x90,0x00,0x00,,,,,"Set torque = 0"
427512,TX,0x201,3,0x90,0x90,0x00,0x00,,,,,"Set torque = 0"
427527,RX,0x181,6,0x40,0x40,0x10,0x43,0x80,0x00,0x0B,,"Status word = 0x4310"
427534,RX,0x181,4,0x30,0x30,0x00,0x00,0x01,,,,"Speed feedback = 0 rpm"
427541,TX,0x201,3,0x90,0x90,0x00,0x00,,,,,"Set torque = 0"
427567,TX,0x201,3,0x90,0x90,0x00,0x00,,,,,"Set torque = 0"
427593,TX,0x201,3,0x90,0x90,0x00,0x00,,,,,"Set torque = 0"
427620,TX,0x201,3,0x90,0x90,0x00,0x00,,,,,"Set torque = 0"
427627,RX,0x181,6,0x40,0x40,0x10,0x43,0x80,0x00,0x0B,,"Status word = 0x4310"
427634,RX,0x181,4,0x30,0x30,0x00,0x00,0x01,,,,"Speed feedback = 0 rpm"
427646,TX,0x201,3,0x90,0x90,0x00,0x00,,,,,"Set torque = 0"
427672,TX,0x201,3,0x90,0x90,0x00,0x00,,,,,"Set torque = 0"
427698,TX,0x201,3,0x90,0x90,0x00,0x00,,,,,"Set torque = 0"
427724,TX,0x201,3,0x90,0x90,0x00,0x00,,,,,"Set torque = 0"
427730,RX,0x181,6,0x40,0x40,0x10,0x43,0x80,0x00,0x0B,,"Status word = 0x4310"
427737,RX,0x181,4,0x30,0x30,0x00,0x00,0x01,,,,"Speed feedback = 0 rpm"
427750,TX,0x201,3,0x90,0x90,0x00,0x00,,,,,"Set torque = 0"
427776,TX,0x201,3,0x90,0x90,0x00,0x00,,,,,"Set torque = 0"
427802,TX,0x201,3,0x90,0x90,0x00,0x00,,,,,"Set torque = 0"
427826,RX,0x181,6,0x40,0x40,0x10,0x43,0x80,0x00,0x0B,,"Status word = 0x4310"
427833,TX,0x201,3,0x90,0x90,0x00,0x00,,,,,"Set torque = 0"
427840,RX,0x181,4,0x30,0x30,0x00,0x00,0x01,,,,"Speed feedback = 0 rpm"
427943,RX,0x181,4,0x30,0x30,0x00,0x00,0x01,,,,"Speed feedback = 0 rpm"
427950,RX,0x181,6,0x40,0x40,0x10,0x43,0x80,0x00,0x0B,,"Status word = 0x4310"
427955,TX,0x201,3,0x90,0x90,0x00,0x00,,,,,"Set torque = 0"
427982,TX,0x201,3,0x90,0x90,0x00,0x00,,,,,"Set torque = 0"
428008,TX,0x201,3,0x90,0x90,0x00,0x00,,,,,"Set torque = 0"
428026,RX,0x181,6,0x40,0x40,0x10,0x43,0x80,0x00,0x0B,,"Status word = 0x4310"
428033,RX,0x181,4,0x30,0x30,0x00,0x00,0x01,,,,"Speed feedback = 0 rpm"
428040,TX,0x201,3,0x90,0x90,0x00,0x00,,,,,"Set torque = 0"
428067,TX,0x201,3,0x90,0x90,0x00,0x00,,,,,"Set torque = 0"
428093,TX,0x201,3,0x90,0x90,0x00,0x00,,,,,"Set torque = 0"
428119,TX,0x201,3,0x90,0x90,0x00,0x00,,,,,"Set torque = 0"
428126,RX,0x181,6,0x40,0x40,0x10,0x43,0x80,0x00,0x0B,,"Status word = 0x4310"
428133,RX,0x181,4,0x30,0x30,0x00,0x00,0x01,,,,"Speed feedback = 0 rpm"
428145,TX,0x201,3,0x90,0x90,0x00,0x00,,,,,"Set torque = 0"
428171,TX,0x201,3,0x90,0x90,0x00,0x00,,,,,"Set torque = 0"
428197,TX,0x201,3,0x90,0x90,0x00,0x00,,,,,"Set torque = 0"
428223,TX,0x201,3,0x90,0x90,0x00,0x00,,,,,"Set torque = 0"
428229,RX,0x181,6,0x40,0x40,0x10,0x43,0x80,0x00,0x0B,,"Status word = 0x4310"
428236,RX,0x181,4,0x30,0x30,0x00,0x00,0x01,,,,"Speed feedback = 0 rpm"
428249,TX,0x201,3,0x90,0x90,0x00,0x00,,,,,"Set torque = 0"
428275,TX,0x201,3,0x90,0x90,0x00,0x00,,,,,"Set torque = 0"
428302,TX,0x201,3,0x90,0x90,0x00,0x00,,,,,"Set torque = 0"
428326,RX,0x181,6,0x40,0x40,0x10,0x43,0x80,0x00,0x0B,,"Status word = 0x4310"
428332,TX,0x201,3,0x90,0x90,0x00,0x00,,,,,"Set torque = 0"
428473,RX,0x181,4,0x30,0x30,0x00,0x00,0x01,,,,"Speed feedback = 0 rpm"
428479,RX,0x181,6,0x40,0x40,0x10,0x43,0x80,0x00,0x0B,,"Status word = 0x4310"
428486,RX,0x181,4,0x30,0x30,0x00,0x00,0x01,,,,"Speed feedback = 0 rpm"
428493,TX,0x201,3,0x90,0x90,0x00,0x00,,,,,"Set torque = 0"
428520,TX,0x201,3,0x90,0x90,0x00,0x00,,,,,"Set torque = 0"
428526,RX,0x181,6,0x40,0x40,0x10,0x43,0x80,0x00,0x0B,,"Status word = 0x4310"
428533,RX,0x181,4,0x30,0x30,0x00,0x00,0x01,,,,"Speed feedback = 0 rpm"
428546,TX,0x201,3,0x90,0x90,0x00,0x00,,,,,"Set torque = 0"
428572,TX,0x201,3,0x90,0x90,0x00,0x00,,,,,"Set torque = 0"
428598,TX,0x201,3,0x90,0x90,0x00,0x00,,,,,"Set torque = 0"
428624,TX,0x201,3,0x90,0x90,0x00,0x00,,,,,"Set torque = 0"
428630,RX,0x181,6,0x40,0x40,0x10,0x43,0x80,0x00,0x0B,,"Status word = 0x4310"
428637,RX,0x181,4,0x30,0x30,0x00,0x00,0x01,,,,"Speed feedback = 0 rpm"
428650,TX,0x201,3,0x90,0x90,0x00,0x00,,,,,"Set torque = 0"
428676,TX,0x201,3,0x90,0x90,0x00,0x00,,,,,"Set torque = 0"
428703,TX,0x201,3,0x90,0x90,0x00,0x00,,,,,"Set torque = 0"
428725,RX,0x181,6,0x40,0x40,0x10,0x43,0x80,0x00,0x0B,,"Status word = 0x4310"
428732,TX,0x201,3,0x90,0x90,0x00,0x00,,,,,"Set torque = 0"
428738,RX,0x181,4,0x30,0x30,0x00,0x00,0x01,,,,"Speed feedback = 0 rpm"
428758,TX,0x201,3,0x90,0x90,0x00,0x00,,,,,"Set torque = 0"
428784,TX,0x201,3,0x90,0x90,0x00,0x00,,,,,"Set torque = 0"
428810,TX,0x201,3,0x90,0x90,0x00,0x00,,,,,"Set torque = 0"
428825,RX,0x181,6,0x40,0x40,0x10,0x43,0x80,0x00,0x0B,,"Status word = 0x4310"
428832,RX,0x181,4,0x30,0x30,0x00,0x00,0x01,,,,"Speed feedback = 0 rpm"
428890,TX,0x201,3,0x90,0x90,0x00,0x00,,,,,"Set torque = 0"
428917,TX,0x201,3,0x90,0x90,0x00,0x00,,,,,"Set torque = 0"
428925,RX,0x181,6,0x40,0x40,0x10,0x43,0x80,0x00,0x0B,,"Status word = 0x4310"
428932,RX,0x181,4,0x30,0x30,0x00,0x00,0x01,,,,"Speed feedback = 0 rpm"
428943,TX,0x201,3,0x90,0x90,0x00,0x00,,,,,"Set torque = 0"
428969,TX,0x201,3,0x90,0x90,0x00,0x00,,,,,"Set torque = 0"
428995,TX,0x201,3,0x90,0x90,0x00,0x00,,,,,"Set torque = 0"
429021,TX,0x201,3,0x90,0x90,0x00,0x00,,,,,"Set torque = 0"
429027,RX,0x181,6,0x40,0x40,0x10,0x43,0x80,0x00,0x0B,,"Status word = 0x4310"
429034,RX,0x181,4,0x30,0x30,0x00,0x00,0x01,,,,"Speed feedback = 0 rpm"
429047,TX,0x201,3,0x90,0x90,0x00,0x00,,,,,"Set torque = 0"
429073,TX,0x201,3,0x90,0x90,0x00,0x00,,,,,"Set torque = 0"
429099,TX,0x201,3,0x90,0x90,0x00,0x00,,,,,"Set torque = 0"
429124,RX,0x181,6,0x40,0x40,0x10,0x43,0x80,0x00,0x0B,,"Status word = 0x4310"
429131,RX,0x181,4,0x30,0x30,0x00,0x00,0x01,,,,"Speed feedback = 0 rpm"
429138,TX,0x201,3,0x90,0x90,0x00,0x00,,,,,"Set torque = 0"
429165,TX,0x201,3,0x90,0x90,0x00,0x00,,,,,"Set torque = 0"
429191,TX,0x201,3,0x90,0x90,0x00,0x00,,,,,"Set torque = 0"
429218,TX,0x201,3,0x90,0x90,0x00,0x00,,,,,"Set torque = 0"
429224,RX,0x181,6,0x40,0x40,0x10,0x43,0x80,0x00,0x0B,,"Status word = 0x4310"
429231,RX,0x181,4,0x30,0x30,0x00,0x00,0x01,,,,"Speed feedback = 0 rpm"
429244,TX,0x201,3,0x90,0x90,0x00,0x00,,,,,"Set torque = 0"
429270,TX,0x201,3,0x90,0x90,0x00,0x00,,,,,"Set torque = 0"
429296,TX,0x201,3,0x90,0x90,0x00,0x00,,,,,"Set torque = 0"
429384,RX,0x181,6,0x40,0x40,0x10,0x43,0x80,0x00,0x0B,,"Status word = 0x4310"
429391,RX,0x181,4,0x30,0x30,0x00,0x00,0x01,,,,"Speed feedback = 0 rpm"
429404,TX,0x201,3,0x90,0x90,0x00,0x00,,,,,"Set torque = 0"
429424,RX,0x181,6,0x40,0x40,0x10,0x43,0x80,0x00,0x0B,,"Status word = 0x4310"
429431,TX,0x201,3,0x90,0x90,0x00,0x00,,,,,"Set torque = 0"
429438,RX,0x181,4,0x30,0x30,0x00,0x00,0x01,,,,"Speed feedback = 0 rpm"
429458,TX,0x201,3,0x90,0x90,0x00,0x00,,,,,"Set torque = 0"
429484,TX,0x201,3,0x90,0x90,0x00,0x00,,,,,"Set torque = 0"
429510,TX,0x201,3,0x90,0x90,0x00,0x00,,,,,"Set torque = 0"
429524,RX,0x181,6,0x40,0x40,0x10,0x43,0x80,0x00,0x0B,,"Status word = 0x4310"
429531,RX,0x181,4,0x30,0x30,0x00,0x00,0x01,,,,"Speed feedback = 0 rpm"
429537,TX,0x201,3,0x90,0x90,0x00,0x00,,,,,"Set torque = 0"
429565,TX,0x201,3,0x90,0x90,0x00,0x00,,,,,"Set torque = 0"
429591,TX,0x201,3,0x90,0x90,0x00,0x00,,,,,"Set torque = 0"
429617,TX,0x201,3,0x90,0x90,0x00,0x00,,,,,"Set torque = 0"
429624,RX,0x181,6,0x40,0x40,0x10,0x43,0x80,0x00,0x0B,,"Status word = 0x4310"
429630,RX,0x181,4,0x30,0x30,0x00,0x00,0x01,,,,"Speed feedback = 0 rpm"
429643,TX,0x201,3,0x90,0x90,0x00,0x00,,,,,"Set torque = 0"
429669,TX,0x201,3,0x90,0x90,0x00,0x00,,,,,"Set torque = 0"
429695,TX,0x201,3,0x90,0x90,0x00,0x00,,,,,"Set torque = 0"
429721,TX,0x201,3,0x90,0x90,0x00,0x00,,,,,"Set torque = 0"
429728,RX,0x181,6,0x40,0x40,0x10,0x43,0x80,0x00,0x0B,,"Status word = 0x4310"
429734,RX,0x181,4,0x30,0x30,0x00,0x00,0x01,,,,"Speed feedback = 0 rpm"
429748,TX,0x201,3,0x90,0x90,0x00,0x00,,,,,"Set torque = 0"
429838,RX,0x181,6,0x40,0x40,0x10,0x43,0x80,0x00,0x0B,,"Status word = 0x4310"
429845,RX,0x181,4,0x30,0x30,0x00,0x00,0x01,,,,"Speed feedback = 0 rpm"
429858,TX,0x201,3,0x90,0x90,0x00,0x00,,,,,"Set torque = 0"
429884,TX,0x201,3,0x90,0x90,0x00,0x00,,,,,"Set torque = 0"
429910,TX,0x201,3,0x90,0x90,0x00,0x00,,,,,"Set torque = 0"
429923,RX,0x181,6,0x40,0x40,0x10,0x43,0x80,0x00,0x0B,,"Status word = 0x4310"
429930,RX,0x181,4,0x30,0x30,0x00,0x00,0x01,,,,"Speed feedback = 0 rpm"
429937,TX,0x201,3,0x90,0x90,0x00,0x00,,,,,"Set torque = 0"
429964,TX,0x201,3,0x90,0x90,0x00,0x00,,,,,"Set torque = 0"
429990,TX,0x201,3,0x90,0x90,0x00,0x00,,,,,"Set torque = 0"
430016,TX,0x201,3,0x90,0x90,0x00,0x00,,,,,"Set torque = 0"
430023,RX,0x181,6,0x40,0x40,0x10,0x43,0x80,0x00,0x0B,,"Status word = 0x4310"
430030,RX,0x181,4,0x30,0x30,0x00,0x00,0x01,,,,"Speed feedback = 0 rpm"
430042,TX,0x201,3,0x90,0x90,0x00,0x00,,,,,"Set torque = 0"
430068,TX,0x201,3,0x90,0x90,0x00,0x00,,,,,"Set torque = 0"
430095,TX,0x201,3,0x90,0x90,0x00,0x00,,,,,"Set torque = 0"
430121,TX,0x201,3,0x90,0x90,0x00,0x00,,,,,"Set torque = 0"
430127,RX,0x181,6,0x40,0x40,0x10,0x43,0x80,0x00,0x0B,,"Status word = 0x4310"
430134,RX,0x181,4,0x30,0x30,0x00,0x00,0x01,,,,"Speed feedback = 0 rpm"
430147,TX,0x201,3,0x90,0x90,0x00,0x00,,,,,"Set torque = 0"
430173,TX,0x201,3,0x90,0x90,0x00,0x00,,,,,"Set torque = 0"
430199,TX,0x201,3,0x90,0x90,0x00,0x00,,,,,"Set torque = 0"
430223,RX,0x181,6,0x40,0x40,0x10,0x43,0x80,0x00,0x0B,,"Status word = 0x4310"
430229,TX,0x201,3,0x90,0x90,0x00,0x00,,,,,"Set torque = 0"
430314,RX,0x181,4,0x30,0x30,0x00,0x00,0x01,,,,"Speed feedback = 0 rpm"
430322,RX,0x181,6,0x40,0x40,0x10,0x43,0x80,0x00,0x0B,,"Status word = 0x4310"
430329,RX,0x181,4,0x30,0x30,0x00,0x00,0x01,,,,"Speed feedback = 0 rpm"
430336,TX,0x201,3,0x90,0x90,0x00,0x00,,,,,"Set torque = 0"
430363,TX,0x201,3,0x90,0x90,0x00,0x00,,,,,"Set torque = 0"
430389,TX,0x201,3,0x90,0x90,0x00,0x00,,,,,"Set torque = 0"
430415,TX,0x201,3,0x90,0x90,0x00,0x00,,,,,"Set torque = 0"
430422,RX,0x181,6,0x40,0x40,0x10,0x43,0x80,0x00,0x0B,,"Status word = 0x4310"
430429,RX,0x181,4,0x30,0x30,0x00,0x00,0x01,,,,"Speed feedback = 0 rpm"
430441,TX,0x201,3,0x90,0x90,0x00,0x00,,,,,"Set torque = 0"
430467,TX,0x201,3,0x90,0x90,0x00,0x00,,,,,"Set torque = 0"
430493,TX,0x201,3,0x90,0x90,0x00,0x00,,,,,"Set torque = 0"
430519,TX,0x201,3,0x90,0x90,0x00,0x00,,,,,"Set torque = 0"
430525,RX,0x181,6,0x40,0x40,0x10,0x43,0x80,0x00,0x0B,,"Status word = 0x4310"
430535,RX,0x181,4,0x30,0x30,0x00,0x00,0x01,,,,"Speed feedback = 0 rpm"
430545,TX,0x201,3,0x90,0x90,0x00,0x00,,,,,"Set torque = 0"
430571,TX,0x201,3,0x90,0x90,0x00,0x00,,,,,"Set torque = 0"
430598,TX,0x201,3,0x90,0x90,0x00,0x00,,,,,"Set torque = 0"
430622,RX,0x181,6,0x40,0x40,0x10,0x43,0x80,0x00,0x0B,,"Status word = 0x4310"
430629,TX,0x201,3,0x90,0x90,0x00,0x00,,,,,"Set torque = 0"
430635,RX,0x181,4,0x30,0x30,0x00,0x00,0x01,,,,"Speed feedback = 0 rpm"
430655,TX,0x201,3,0x90,0x90,0x00,0x00,,,,,"Set torque = 0"
430681,TX,0x201,3,0x90,0x90,0x00,0x00,,,,,"Set torque = 0"
430764,RX,0x181,6,0x40,0x40,0x10,0x43,0x80,0x00,0x0B,,"Status word = 0x4310"
430771,RX,0x181,4,0x30,0x30,0x00,0x00,0x01,,,,"Speed feedback = 0 rpm"
430784,TX,0x201,3,0x90,0x90,0x00,0x00,,,,,"Set torque = 0"
430811,TX,0x201,3,0x90,0x90,0x00,0x00,,,,,"Set torque = 0"
430822,RX,0x181,6,0x40,0x40,0x10,0x43,0x80,0x00,0x0B,,"Status word = 0x4310"
430829,RX,0x181,4,0x30,0x30,0x00,0x00,0x01,,,,"Speed feedback = 0 rpm"
430837,TX,0x201,3,0x90,0x90,0x00,0x00,,,,,"Set torque = 0"
430863,TX,0x201,3,0x90,0x90,0x00,0x00,,,,,"Set torque = 0"
430889,TX,0x201,3,0x90,0x90,0x00,0x00,,,,,"Set torque = 0"
430915,TX,0x201,3,0x90,0x90,0x00,0x00,,,,,"Set torque = 0"
430921,RX,0x181,6,0x40,0x40,0x10,0x43,0x80,0x00,0x0B,,"Status word = 0x4310"
430928,RX,0x181,4,0x30,0x30,0x00,0x00,0x01,,,,"Speed feedback = 0 rpm"
430941,TX,0x201,3,0x90,0x90,0x00,0x00,,,,,"Set torque = 0"
430967,TX,0x201,3,0x90,0x90,0x00,0x00,,,,,"Set torque = 0"
430993,TX,0x201,3,0x90,0x90,0x00,0x00,,,,,"Set torque = 0"
431019,TX,0x201,3,0x90,0x90,0x00,0x00,,,,,"Set torque = 0"
431025,RX,0x181,6,0x40,0x40,0x10,0x43,0x80,0x00,0x0B,,"Status word = 0x4310"
431032,RX,0x181,4,0x30,0x30,0x00,0x00,0x01,,,,"Speed feedback = 0 rpm"
431045,TX,0x201,3,0x90,0x90,0x00,0x00,,,,,"Set torque = 0"
431071,TX,0x201,3,0x90,0x90,0x00,0x00,,,,,"Set torque = 0"
431097,TX,0x201,3,0x90,0x90,0x00,0x00,,,,,"Set torque = 0"
431121,RX,0x181,6,0x40,0x40,0x10,0x43,0x80,0x00,0x0B,,"Status word = 0x4310"
431128,TX,0x201,3,0x90,0x90,0x00,0x00,,,,,"Set torque = 0"
431135,RX,0x181,4,0x30,0x30,0x00,0x00,0x01,,,,"Speed feedback = 0 rpm"
431221,TX,0x201,3,0x90,0x90,0x00,0x00,,,,,"Set torque = 0"
431228,RX,0x181,6,0x40,0x40,0x10,0x43,0x80,0x00,0x0B,,"Status word = 0x4310"
431234,RX,0x181,4,0x30,0x30,0x00,0x00,0x01,,,,"Speed feedback = 0 rpm"
431248,TX,0x201,3,0x90,0x90,0x00,0x00,,,,,"Set torque = 0"
431274,TX,0x201,3,0x90,0x90,0x00,0x00,,,,,"Set torque = 0"
431300,TX,0x201,3,0x90,0x90,0x00,0x00,,,,,"Set torque = 0"
431321,RX,0x181,6,0x40,0x40,0x10,0x43,0x80,0x00,0x0B,,"Status word = 0x4310"
431328,TX,0x201,3,0x90,0x90,0x00,0x00,,,,,"Set torque = 0"
431334,RX,0x181,4,0x30,0x30,0x00,0x00,0x01,,,,"Speed feedback = 0 rpm"
431354,TX,0x201,3,0x90,0x90,0x00,0x00,,,,,"Set torque = 0"
431380,TX,0x201,3,0x90,0x90,0x00,0x00,,,,,"Set torque = 0"
431406,TX,0x201,3,0x90,0x90,0x00,0x00,,,,,"Set torque = 0"
431421,RX,0x181,6,0x40,0x40,0x10,0x43,0x80,0x00,0x0B,,"Status word = 0x4310"
431428,RX,0x181,4,0x30,0x30,0x00,0x00,0x01,,,,"Speed feedback = 0 rpm"
431434,TX,0x201,3,0x90,0x90,0x00,0x00,,,,,"Set torque = 0"
431462,TX,0x201,3,0x90,0x90,0x00,0x00,,,,,"Set torque = 0"
431488,TX,0x201,3,0x90,0x90,0x00,0x00,,,,,"Set torque = 0"
431514,TX,0x201,3,0x90,0x90,0x00,0x00,,,,,"Set torque = 0"
431521,RX,0x181,6,0x40,0x40,0x10,0x43,0x80,0x00,0x0B,,"Status word = 0x4310"
431527,RX,0x181,4,0x30,0x30,0x00,0x00,0x01,,,,"Speed feedback = 0 rpm"
431540,TX,0x201,3,0x90,0x90,0x00,0x00,,,,,"Set torque = 0"
431566,TX,0x201,3,0x90,0x90,0x00,0x00,,,,,"Set torque = 0"
431592,TX,0x201,3,0x90,0x90,0x00,0x00,,,,,"Set torque = 0"
431618,TX,0x201,3,0x90,0x90,0x00,0x00,,,,,"Set torque = 0"
431703,RX,0x181,6,0x40,0x40,0x10,0x43,0x80,0x00,0x0B,,"Status word = 0x4310"
431710,RX,0x181,4,0x30,0x30,0x00,0x00,0x01,,,,"Speed feedback = 0 rpm"
431720,RX,0x181,6,0x40,0x40,0x10,0x43,0x80,0x00,0x0B,,"Status word = 0x4310"
431727,TX,0x201,3,0x90,0x90,0x00,0x00,,,,,"Set torque = 0"
431734,RX,0x181,4,0x30,0x30,0x00,0x00,0x01,,,,"Speed feedback = 0 rpm"
431754,TX,0x201,3,0x90,0x90,0x00,0x00,,,,,"Set torque = 0"
431780,TX,0x201,3,0x90,0x90,0x00,0x00,,,,,"Set torque = 0"
431806,TX,0x201,3,0x90,0x90,0x00,0x00,,,,,"Set torque = 0"
431820,RX,0x181,6,0x40,0x40,0x10,0x43,0x80,0x00,0x0B,,"Status word = 0x4310"
431827,RX,0x181,4,0x30,0x30,0x00,0x00,0x01,,,,"Speed feedback = 0 rpm"
431834,TX,0x201,3,0x90,0x90,0x00,0x00,,,,,"Set torque = 0"
431861,TX,0x201,3,0x90,0x90,0x00,0x00,,,,,"Set torque = 0"
431887,TX,0x201,3,0x90,0x90,0x00,0x00,,,,,"Set torque = 0"
431913,TX,0x201,3,0x90,0x90,0x00,0x00,,,,,"Set torque = 0"
431920,RX,0x181,6,0x40,0x40,0x10,0x43,0x80,0x00,0x0B,,"Status word = 0x4310"
431927,RX,0x181,4,0x30,0x30,0x00,0x00,0x01,,,,"Speed feedback = 0 rpm"
431939,TX,0x201,3,0x90,0x90,0x00,0x00,,,,,"Set torque = 0"
431965,TX,0x201,3,0x90,0x90,0x00,0x00,,,,,"Set torque = 0"
431992,TX,0x201,3,0x90,0x90,0x00,0x00,,,,,"Set torque = 0"
432018,TX,0x201,3,0x90,0x90,0x00,0x00,,,,,"Set torque = 0"
432024,RX,0x181,6,0x40,0x40,0x10,0x43,0x80,0x00,0x0B,,"Status word = 0x4310"
432031,RX,0x181,4,0x30,0x30,0x00,0x00,0x01,,,,"Speed feedback = 0 rpm"
432044,TX,0x201,3,0x90,0x90,0x00,0x00,,,,,"Set torque = 0"
432070,TX,0x201,3,0x90,0x90,0x00,0x00,,,,,"Set torque = 0"
432157,RX,0x181,6,0x40,0x40,0x10,0x43,0x80,0x00,0x0B,,"Status word = 0x4310"
432163,RX,0x181,4,0x30,0x30,0x00,0x00,0x01,,,,"Speed feedback = 0 rpm"
432177,TX,0x201,3,0x90,0x90,0x00,0x00,,,,,"Set torque = 0"
432204,TX,0x201,3,0x90,0x90,0x00,0x00,,,,,"Set torque = 0"
432219,RX,0x181,6,0x40,0x40,0x10,0x43,0x80,0x00,0x0B,,"Status word = 0x4310"
432226,RX,0x181,4,0x30,0x30,0x00,0x00,0x01,,,,"Speed feedback = 0 rpm"
432233,TX,0x201,3,0x90,0x90,0x00,0x00,,,,,"Set torque = 0"
432260,TX,0x201,3,0x90,0x90,0x00,0x00,,,,,"Set torque = 0"
432286,TX,0x201,3,0x90,0x90,0x00,0x00,,,,,"Set torque = 0"
432312,TX,0x201,3,0x90,0x90,0x00,0x00,,,,,"Set torque = 0"
432319,RX,0x181,6,0x40,0x40,0x10,0x43,0x80,0x00,0x0B,,"Status word = 0x4310"
432326,RX,0x181,4,0x30,0x30,0x00,0x00,0x01,,,,"Speed feedback = 0 rpm"
432338,TX,0x201,3,0x90,0x90,0x00,0x00,,,,,"Set torque = 0"
432364,TX,0x201,3,0x90,0x90,0x00,0x00,,,,,"Set torque = 0"
432390,TX,0x201,3,0x90,0x90,0x00,0x00,,,,,"Set torque = 0"
432416,TX,0x201,3,0x90,0x90,0x00,0x00,,,,,"Set torque = 0"
432422,RX,0x181,6,0x40,0x40,0x10,0x43,0x80,0x00,0x0B,,"Status word = 0x4310"
432429,RX,0x181,4,0x30,0x30,0x00,0x00,0x01,,,,"Speed feedback = 0 rpm"
432442,TX,0x201,3,0x90,0x90,0x00,0x00,,,,,"Set torque = 0"
432468,TX,0x201,3,0x90,0x90,0x00,0x00,,,,,"Set torque = 0"
432494,TX,0x201,3,0x90,0x90,0x00,0x00,,,,,"Set torque = 0"
432519,RX,0x181,6,0x40,0x40,0x10,0x43,0x80,0x00,0x0B,,"Status word = 0x4310"
432526,TX,0x201,3,0x90,0x90,0x00,0x00,,,,,"Set torque = 0"
432532,RX,0x181,4,0x30,0x30,0x00,0x00,0x01,,,,"Speed feedback = 0 rpm"
432617,TX,0x201,3,0x90,0x90,0x00,0x00,,,,,"Set torque = 0"
432624,RX,0x181,6,0x40,0x40,0x10,0x43,0x80,0x00,0x0B,,"Status word = 0x4310"
432630,RX,0x181,4,0x30,0x30,0x00,0x00,0x01,,,,"Speed feedback = 0 rpm"
432644,TX,0x201,3,0x90,0x90,0x00,0x00,,,,,"Set torque = 0"
432670,TX,0x201,3,0x90,0x90,0x00,0x00,,,,,"Set torque = 0"
432696,TX,0x201,3,0x90,0x90,0x00,0x00,,,,,"Set torque = 0"
432719,RX,0x181,6,0x40,0x40,0x10,0x43,0x80,0x00,0x0B,,"Status word = 0x4310"
432725,TX,0x201,3,0x90,0x90,0x00,0x00,,,,,"Set torque = 0"
432732,RX,0x181,4,0x30,0x30,0x00,0x00,0x01,,,,"Speed feedback = 0 rpm"
432752,TX,0x201,3,0x90,0x90,0x00,0x00,,,,,"Set torque = 0"
432778,TX,0x201,3,0x90,0x90,0x00,0x00,,,,,"Set torque = 0"
432804,TX,0x201,3,0x90,0x90,0x00,0x00,,,,,"Set torque = 0"
432818,RX,0x181,6,0x40,0x40,0x10,0x43,0x80,0x00,0x0B,,"Status word = 0x4310"
432825,RX,0x181,4,0x30,0x30,0x00,0x00,0x01,,,,"Speed feedback = 0 rpm"
432832,TX,0x201,3,0x90,0x90,0x00,0x00,,,,,"Set torque = 0"
432859,TX,0x201,3,0x90,0x90,0x00,0x00,,,,,"Set torque = 0"
432885,TX,0x201,3,0x90,0x90,0x00,0x00,,,,,"Set torque = 0"
432911,TX,0x201,3,0x90,0x90,0x00,0x00,,,,,"Set torque = 0"
432918,RX,0x181,6,0x40,0x40,0x10,0x43,0x80,0x00,0x0B,,"Status word = 0x4310"
432925,RX,0x181,4,0x30,0x30,0x00,0x00,0x01,,,,"Speed feedback = 0 rpm"
432937,TX,0x201,3,0x90,0x90,0x00,0x00,,,,,"Set torque = 0"
432963,TX,0x201,3,0x90,0x90,0x00,0x00,,,,,"Set torque = 0"
432989,TX,0x201,3,0x90,0x90,0x00,0x00,,,,,"Set torque = 0"
433015,TX,0x201,3,0x90,0x90,0x00,0x00,,,,,"Set torque = 0"
433094,RX,0x181,6,0x40,0x40,0x10,0x43,0x80,0x00,0x0B,,"Status word = 0x4310"
433101,RX,0x181,4,0x30,0x30,0x00,0x00,0x01,,,,"Speed feedback = 0 rpm"
433114,TX,0x201,3,0x90,0x90,0x00,0x00,,,,,"Set torque = 0"
433120,RX,0x181,6,0x40,0x40,0x10,0x43,0x80,0x00,0x0B,,"Status word = 0x4310"
433127,RX,0x181,4,0x30,0x30,0x00,0x00,0x01,,,,"Speed feedback = 0 rpm"
433140,TX,0x201,3,0x90,0x90,0x00,0x00,,,,,"Set torque = 0"
433166,TX,0x201,3,0x90,0x90,0x00,0x00,,,,,"Set torque = 0"
433192,TX,0x201,3,0x90,0x90,0x00,0x00,,,,,"Set torque = 0"
433218,TX,0x201,3,0x90,0x90,0x00,0x00,,,,,"Set torque = 0"
433225,RX,0x181,6,0x40,0x40,0x10,0x43,0x80,0x00,0x0B,,"Status word = 0x4310"
433231,RX,0x181,4,0x30,0x30,0x00,0x00,0x01,,,,"Speed feedback = 0 rpm"
433245,TX,0x201,3,0x90,0x90,0x00,0x00,,,,,"Set torque = 0"
433271,TX,0x201,3,0x90,0x90,0x00,0x00,,,,,"Set torque = 0"
433297,TX,0x201,3,0x90,0x90,0x00,0x00,,,,,"Set torque = 0"
433318,RX,0x181,6,0x40,0x40,0x10,0x43,0x80,0x00,0x0B,,"Status word = 0x4310"
433324,TX,0x201,3,0x90,0x90,0x00,0x00,,,,,"Set torque = 0"
433331,RX,0x181,4,0x30,0x30,0x00,0x00,0x01,,,,"Speed feedback = 0 rpm"
433351,TX,0x201,3,0x90,0x90,0x00,0x00,,,,,"Set torque = 0"
433378,TX,0x201,3,0x90,0x90,0x00,0x00,,,,,"Set torque = 0"
433404,TX,0x201,3,0x90,0x90,0x00,0x00,,,,,"Set torque = 0"
433418,RX,0x181,6,0x40,0x40,0x10,0x43,0x80,0x00,0x0B,,"Status word = 0x4310"
433424,RX,0x181,4,0x30,0x30,0x00,0x00,0x01,,,,"Speed feedback = 0 rpm"
433431,TX,0x201,3,0x90,0x90,0x00,0x00,,,,,"Set torque = 0"
433458,TX,0x201,3,0x90,0x90,0x00,0x00,,,,,"Set torque = 0"
433539,RX,0x181,6,0x40,0x40,0x10,0x43,0x80,0x00,0x0B,,"Status word = 0x4310"
433546,RX,0x181,4,0x30,0x30,0x00,0x00,0x01,,,,"Speed feedback = 0 rpm"
433559,TX,0x201,3,0x90,0x90,0x00,0x00,,,,,"Set torque = 0"
433586,TX,0x201,3,0x90,0x90,0x00,0x00,,,,,"Set torque = 0"
433612,TX,0x201,3,0x90,0x90,0x00,0x00,,,,,"Set torque = 0"
433618,RX,0x181,6,0x40,0x40,0x10,0x43,0x80,0x00,0x0B,,"Status word = 0x4310"
433625,RX,0x181,4,0x30,0x30,0x00,0x00,0x01,,,,"Speed feedback = 0 rpm"
433638,TX,0x201,3,0x90,0x90,0x00,0x00,,,,,"Set torque = 0"
433664,TX,0x201,3,0x90,0x90,0x00,0x00,,,,,"Set torque = 0"
433690,TX,0x201,3,0x90,0x90,0x00,0x00,,,,,"Set torque = 0"
433716,TX,0x201,3,0x90,0x90,0x00,0x00,,,,,"Set torque = 0"
433722,RX,0x181,6,0x40,0x40,0x10,0x43,0x80,0x00,0x0B,,"Status word = 0x4310"
433729,RX,0x181,4,0x30,0x30,0x00,0x00,0x01,,,,"Speed feedback = 0 rpm"
433742,TX,0x201,3,0x90,0x90,0x00,0x00,,,,,"Set torque = 0"
433768,TX,0x201,3,0x90,0x90,0x00,0x00,,,,,"Set torque = 0"
433794,TX,0x201,3,0x90,0x90,0x00,0x00,,,,,"Set torque = 0"
433817,RX,0x181,6,0x40,0x40,0x10,0x43,0x80,0x00,0x0B,,"Status word = 0x4310"
433824,TX,0x201,3,0x90,0x90,0x00,0x00,,,,,"Set torque = 0"
433830,RX,0x181,4,0x30,0x30,0x00,0x00,0x01,,,,"Speed feedback = 0 rpm"
433850,TX,0x201,3,0x90,0x90,0x00,0x00,,,,,"Set torque = 0"
433876,TX,0x201,3,0x90,0x90,0x00,0x00,,,,,"Set torque = 0"
433903,TX,0x201,3,0x90,0x90,0x00,0x00,,,,,"Set torque = 0"
433917,RX,0x181,6,0x40,0x40,0x10,0x43,0x80,0x00,0x0B,,"Status word = 0x4310"
433924,RX,0x181,4,0x30,0x30,0x00,0x00,0x01,,,,"Speed feedback = 0 rpm"
434007,TX,0x201,3,0x90,0x90,0x00,0x00,,,,,"Set torque = 0"
434017,RX,0x181,6,0x40,0x40,0x10,0x43,0x80,0x00,0x0B,,"Status word = 0x4310"
434024,RX,0x181,4,0x30,0x30,0x00,0x00,0x01,,,,"Speed feedback = 0 rpm"
434034,TX,0x201,3,0x90,0x90,0x00,0x00,,,,,"Set torque = 0"
434060,TX,0x201,3,0x90,0x90,0x00,0x00,,,,,"Set torque = 0"
434086,TX,0x201,3,0x90,0x90,0x00,0x00,,,,,"Set torque = 0"
434113,TX,0x201,3,0x90,0x90,0x00,0x00,,,,,"Set torque = 0"
434119,RX,0x181,6,0x40,0x40,0x10,0x43,0x80,0x00,0x0B,,"Status word = 0x4310"
434126,RX,0x181,4,0x30,0x30,0x00,0x00,0x01,,,,"Speed feedback = 0 rpm"
434139,TX,0x201,3,0x90,0x90,0x00,0x00,,,,,"Set torque = 0"
434165,TX,0x201,3,0x90,0x90,0x00,0x00,,,,,"Set torque = 0"
434191,TX,0x201,3,0x90,0x90,0x00,0x00,,,,,"Set torque = 0"
434216,RX,0x181,6,0x40,0x40,0x10,0x43,0x80,0x00,0x0B,,"Status word = 0x4310"
434223,TX,0x201,3,0x90,0x90,0x00,0x00,,,,,"Set torque = 0"
434230,RX,0x181,4,0x30,0x30,0x00,0x00,0x01,,,,"Speed feedback = 0 rpm"
434250,TX,0x201,3,0x90,0x90,0x00,0x00,,,,,"Set torque = 0"
434276,TX,0x201,3,0x90,0x90,0x00,0x00,,,,,"Set torque = 0"
434302,TX,0x201,3,0x90,0x90,0x00,0x00,,,,,"Set torque = 0"
434316,RX,0x181,6,0x40,0x40,0x10,0x43,0x80,0x00,0x0B,,"Status word = 0x4310"
434323,RX,0x181,4,0x30,0x30,0x00,0x00,0x01,,,,"Speed feedback = 0 rpm"
434330,TX,0x201,3,0x90,0x90,0x00,0x00,,,,,"Set torque = 0"
434357,TX,0x201,3,0x90,0x90,0x00,0x00,,,,,"Set torque = 0"
434383,TX,0x201,3,0x90,0x90,0x00,0x00,,,,,"Set torque = 0"
434409,TX,0x201,3,0x90,0x90,0x00,0x00,,,,,"Set torque = 0"
434494,RX,0x181,6,0x40,0x40,0x10,0x43,0x80,0x00,0x0B,,"Status word = 0x4310"
434501,RX,0x181,4,0x30,0x30,0x00,0x00,0x01,,,,"Speed feedback = 0 rpm"
434514,TX,0x201,3,0x90,0x90,0x00,0x00,,,,,"Set torque = 0"
434520,RX,0x181,6,0x40,0x40,0x10,0x43,0x80,0x00,0x0B,,"Status word = 0x4310"
434527,RX,0x181,4,0x30,0x30,0x00,0x00,0x01,,,,"Speed feedback = 0 rpm"
434540,TX,0x201,3,0x90,0x90,0x00,0x00,,,,,"Set torque = 0"
434566,TX,0x201,3,0x90,0x90,0x00,0x00,,,,,"Set torque = 0"
434592,TX,0x201,3,0x90,0x90,0x00,0x00,,,,,"Set torque = 0"
434616,RX,0x181,6,0x40,0x40,0x10,0x43,0x80,0x00,0x0B,,"Status word = 0x4310"
434623,RX,0x181,4,0x30,0x30,0x00,0x00,0x01,,,,"Speed feedback = 0 rpm"
434630,TX,0x201,3,0x90,0x90,0x00,0x00,,,,,"Set torque = 0"
434656,TX,0x201,3,0x90,0x90,0x00,0x00,,,,,"Set torque = 0"
434682,TX,0x201,3,0x90,0x90,0x00,0x00,,,,,"Set torque = 0"
434708,TX,0x201,3,0x90,0x90,0x00,0x00,,,,,"Set torque = 0"
434715,RX,0x181,6,0x40,0x40,0x10,0x43,0x80,0x00,0x0B,,"Status word = 0x4310"
434722,RX,0x181,4,0x30,0x30,0x00,0x00,0x01,,,,"Speed feedback = 0 rpm"
434734,TX,0x201,3,0x90,0x90,0x00,0x00,,,,,"Set torque = 0"
434760,TX,0x201,3,0x90,0x90,0x00,0x00,,,,,"Set torque = 0"
434787,TX,0x201,3,0x90,0x90,0x00,0x00,,,,,"Set torque = 0"
434813,TX,0x201,3,0x90,0x90,0x00,0x00,,,,,"Set torque = 0"
434819,RX,0x181,6,0x40,0x40,0x10,0x43,0x80,0x00,0x0B,,"Status word = 0x4310"
434826,RX,0x181,4,0x30,0x30,0x00,0x00,0x01,,,,"Speed feedback = 0 rpm"
434839,TX,0x201,3,0x90,0x90,0x00,0x00,,,,,"Set torque = 0"
434865,TX,0x201,3,0x90,0x90,0x00,0x00,,,,,"Set torque = 0"
434952,RX,0x181,6,0x40,0x40,0x10,0x43,0x80,0x00,0x0B,,"Status word = 0x4310"
434958,RX,0x181,4,0x30,0x30,0x00,0x00,0x01,,,,"Speed feedback = 0 rpm"
434972,TX,0x201,3,0x90,0x90,0x00,0x00,,,,,"Set torque = 0"
434999,TX,0x201,3,0x90,0x90,0x00,0x00,,,,,"Set torque = 0"
435015,RX,0x181,6,0x40,0x40,0x10,0x43,0x80,0x00,0x0B,,"Status word = 0x4310"
435022,RX,0x181,4,0x30,0x30,0x00,0x00,0x01,,,,"Speed feedback = 0 rpm"
435029,TX,0x201,3,0x90,0x90,0x00,0x00,,,,,"Set torque = 0"
435056,TX,0x201,3,0x90,0x90,0x00,0x00,,,,,"Set torque = 0"
435082,TX,0x201,3,0x90,0x90,0x00,0x00,,,,,"Set torque = 0"
435108,TX,0x201,3,0x90,0x90,0x00,0x00,,,,,"Set torque = 0"
435115,RX,0x181,6,0x40,0x40,0x10,0x43,0x80,0x00,0x0B,,"Status word = 0x4310"
435122,RX,0x181,4,0x30,0x30,0x00,0x00,0x01,,,,"Speed feedback = 0 rpm"
435134,TX,0x201,3,0x90,0x90,0x00,0x00,,,,,"Set torque = 0"
435160,TX,0x201,3,0x90,0x90,0x00,0x00,,,,,"Set torque = 0"
435186,TX,0x201,3,0x90,0x90,0x00,0x00,,,,,"Set torque = 0"
435212,TX,0x201,3,0x90,0x90,0x00,0x00,,,,,"Set torque = 0"
435218,RX,0x181,6,0x40,0x40,0x10,0x43,0x80,0x00,0x0B,,"Status word = 0x4310"
435225,RX,0x181,4,0x30,0x30,0x00,0x00,0x01,,,,"Speed feedback = 0 rpm"
435238,TX,0x201,3,0x90,0x90,0x00,0x00,,,,,"Set torque = 0"
435264,TX,0x201,3,0x90,0x90,0x00,0x00,,,,,"Set torque = 0"
435290,TX,0x201,3,0x90,0x90,0x00,0x00,,,,,"Set torque = 0"
435315,RX,0x181,6,0x40,0x40,0x10,0x43,0x80,0x00,0x0B,,"Status word = 0x4310"
435321,TX,0x201,3,0x90,0x90,0x00,0x00,,,,,"Set torque = 0"
435328,RX,0x181,4,0x30,0x30,0x00,0x00,0x01,,,,"Speed feedback = 0 rpm"
435416,RX,0x181,6,0x40,0x40,0x10,0x43,0x80,0x00,0x0B,,"Status word = 0x4310"
435423,RX,0x181,4,0x30,0x30,0x00,0x00,0x01,,,,"Speed feedback = 0 rpm"
435430,TX,0x201,3,0x90,0x90,0x00,0x00,,,,,"Set torque = 0"
435457,TX,0x201,3,0x90,0x90,0x00,0x00,,,,,"Set torque = 0"
435483,TX,0x201,3,0x90,0x90,0x00,0x00,,,,,"Set torque = 0"
435510,TX,0x201,3,0x90,0x90,0x00,0x00,,,,,"Set torque = 0"
435516,RX,0x181,6,0x40,0x40,0x10,0x43,0x80,0x00,0x0B,,"Status word = 0x4310"
435523,RX,0x181,4,0x30,0x30,0x00,0x00,0x01,,,,"Speed feedback = 0 rpm"
435536,TX,0x201,3,0x90,0x90,0x00,0x00,,,,,"Set torque = 0"
435562,TX,0x201,3,0x90,0x90,0x00,0x00,,,,,"Set torque = 0"
435588,TX,0x201,3,0x90,0x90,0x00,0x00,,,,,"Set torque = 0"
435614,TX,0x201,3,0x90,0x90,0x00,0x00,,,,,"Set torque = 0"
435620,RX,0x181,6,0x40,0x40,0x10,0x43,0x80,0x00,0x0B,,"Status word = 0x4310"
435627,RX,0x181,4,0x30,0x30,0x00,0x00,0x01,,,,"Speed feedback = 0 rpm"
435640,TX,0x201,3,0x90,0x90,0x00,0x00,,,,,"Set torque = 0"
435666,TX,0x201,3,0x90,0x90,0x00,0x00,,,,,"Set torque = 0"
435692,TX,0x201,3,0x90,0x90,0x00,0x00,,,,,"Set torque = 0"
435714,RX,0x181,6,0x40,0x40,0x10,0x43,0x80,0x00,0x0B,,"Status word = 0x4310"
435721,TX,0x201,3,0x90,0x90,0x00,0x00,,,,,"Set torque = 0"
435727,RX,0x181,4,0x30,0x30,0x00,0x00,0x01,,,,"Speed feedback = 0 rpm"
435747,TX,0x201,3,0x90,0x90,0x00,0x00,,,,,"Set torque = 0"
435773,TX,0x201,3,0x90,0x90,0x00,0x00,,,,,"Set torque = 0"
435799,TX,0x201,3,0x90,0x90,0x00,0x00,,,,,"Set torque = 0"
435882,RX,0x181,6,0x40,0x40,0x10,0x43,0x80,0x00,0x0B,,"Status word = 0x4310"
435889,RX,0x181,4,0x30,0x30,0x00,0x00,0x01,,,,"Speed feedback = 0 rpm"
435902,TX,0x201,3,0x90,0x90,0x00,0x00,,,,,"Set torque = 0"
435914,RX,0x181,6,0x40,0x40,0x10,0x43,0x80,0x00,0x0B,,"Status word = 0x4310"
435921,RX,0x181,4,0x30,0x30,0x00,0x00,0x01,,,,"Speed feedback = 0 rpm"
435928,TX,0x201,3,0x90,0x90,0x00,0x00,,,,,"Set torque = 0"
435954,TX,0x201,3,0x90,0x90,0x00,0x00,,,,,"Set torque = 0"
435980,TX,0x201,3,0x90,0x90,0x00,0x00,,,,,"Set torque = 0"
436006,TX,0x201,3,0x90,0x90,0x00,0x00,,,,,"Set torque = 0"
436013,RX,0x181,6,0x40,0x40,0x10,0x43,0x80,0x00,0x0B,,"Status word = 0x4310"
436020,RX,0x181,4,0x30,0x30,0x00,0x00,0x01,,,,"Speed feedback = 0 rpm"
436033,TX,0x201,3,0x90,0x90,0x00,0x00,,,,,"Set torque = 0"
436059,TX,0x201,3,0x90,0x90,0x00,0x00,,,,,"Set torque = 0"
436085,TX,0x201,3,0x90,0x90,0x00,0x00,,,,,"Set torque = 0"
436111,TX,0x201,3,0x90,0x90,0x00,0x00,,,,,"Set torque = 0"
436117,RX,0x181,6,0x40,0x40,0x10,0x43,0x80,0x00,0x0B,,"Status word = 0x4310"
436122,RX,0x181,4,0x30,0x30,0x00,0x00,0x01,,,,"Speed feedback = 0 rpm"
436137,TX,0x201,3,0x90,0x90,0x00,0x00,,,,,"Set torque = 0"
436164,TX,0x201,3,0x90,0x90,0x00,0x00,,,,,"Set torque = 0"
436190,TX,0x201,3,0x90,0x90,0x00,0x00,,,,,"Set torque = 0"
436213,RX,0x181,6,0x40,0x40,0x10,0x43,0x80,0x00,0x0B,,"Status word = 0x4310"
436220,TX,0x201,3,0x90,0x90,0x00,0x00,,,,,"Set torque = 0"
436227,RX,0x181,4,0x30,0x30,0x00,0x00,0x01,,,,"Speed feedback = 0 rpm"
436247,TX,0x201,3,0x90,0x90,0x00,0x00,,,,,"Set torque = 0"
436332,RX,0x181,6,0x40,0x40,0x10,0x43,0x80,0x00,0x0B,,"Status word = 0x4310"
436339,RX,0x181,4,0x30,0x30,0x00,0x00,0x01,,,,"Speed feedback = 0 rpm"
436352,TX,0x201,3,0x90,0x90,0x00,0x00,,,,,"Set torque = 0"
436379,TX,0x201,3,0x90,0x90,0x00,0x00,,,,,"Set torque = 0"
436405,TX,0x201,3,0x90,0x90,0x00,0x00,,,,,"Set torque = 0"
436413,RX,0x181,6,0x40,0x40,0x10,0x43,0x80,0x00,0x0B,,"Status word = 0x4310"
436420,RX,0x181,4,0x30,0x30,0x00,0x00,0x01,,,,"Speed feedback = 0 rpm"
436431,TX,0x201,3,0x90,0x90,0x00,0x00,,,,,"Set torque = 0"
436457,TX,0x201,3,0x90,0x90,0x00,0x00,,,,,"Set torque = 0"
436483,TX,0x201,3,0x90,0x90,0x00,0x00,,,,,"Set torque = 0"
436509,TX,0x201,3,0x90,0x90,0x00,0x00,,,,,"Set torque = 0"
436515,RX,0x181,6,0x40,0x40,0x10,0x43,0x80,0x00,0x0B,,"Status word = 0x4310"
436522,RX,0x181,4,0x30,0x30,0x00,0x00,0x01,,,,"Speed feedback = 0 rpm"
436535,TX,0x201,3,0x90,0x90,0x00,0x00,,,,,"Set torque = 0"
436561,TX,0x201,3,0x90,0x90,0x00,0x00,,,,,"Set torque = 0"
436587,TX,0x201,3,0x90,0x90,0x00,0x00,,,,,"Set torque = 0"
436612,RX,0x181,6,0x40,0x40,0x10,0x43,0x80,0x00,0x0B,,"Status word = 0x4310"
436619,TX,0x201,3,0x90,0x90,0x00,0x00,,,,,"Set torque = 0"
436626,RX,0x181,4,0x30,0x30,0x00,0x00,0x01,,,,"Speed feedback = 0 rpm"
436646,TX,0x201,3,0x90,0x90,0x00,0x00,,,,,"Set torque = 0"
436672,TX,0x201,3,0x90,0x90,0x00,0x00,,,,,"Set torque = 0"
436699,TX,0x201,3,0x90,0x90,0x00,0x00,,,,,"Set torque = 0"
436712,RX,0x181,6,0x40,0x40,0x10,0x43,0x80,0x00,0x0B,,"Status word = 0x4310"
436719,RX,0x181,4,0x30,0x30,0x00,0x00,0x01,,,,"Speed feedback = 0 rpm"
436805,TX,0x201,3,0x90,0x90,0x00,0x00,,,,,"Set torque = 0"
436812,RX,0x181,6,0x40,0x40,0x10,0x43,0x80,0x00,0x0B,,"Status word = 0x4310"
436819,RX,0x181,4,0x30,0x30,0x00,0x00,0x01,,,,"Speed feedback = 0 rpm"
436831,TX,0x201,3,0x90,0x90,0x00,0x00,,,,,"Set torque = 0"
436857,TX,0x201,3,0x90,0x90,0x00,0x00,,,,,"Set torque = 0"
436883,TX,0x201,3,0x90,0x90,0x00,0x00,,,,,"Set torque = 0"
436910,TX,0x201,3,0x90,0x90,0x00,0x00,,,,,"Set torque = 0"
436916,RX,0x181,6,0x40,0x40,0x10,0x43,0x80,0x00,0x0B,,"Status word = 0x4310"
436923,RX,0x181,4,0x30,0x30,0x00,0x00,0x01,,,,"Speed feedback = 0 rpm"
436936,TX,0x201,3,0x90,0x90,0x00,0x00,,,,,"Set torque = 0"
436962,TX,0x201,3,0x90,0x90,0x00,0x00,,,,,"Set torque = 0"
436988,TX,0x201,3,0x90,0x90,0x00,0x00,,,,,"Set torque = 0"
437012,RX,0x181,6,0x40,0x40,0x10,0x43,0x80,0x00,0x0B,,"Status word = 0x4310"
437019,TX,0x201,3,0x90,0x90,0x00,0x00,,,,,"Set torque = 0"
437025,RX,0x181,4,0x30,0x30,0x00,0x00,0x01,,,,"Speed feedback = 0 rpm"
437045,TX,0x201,3,0x90,0x90,0x00,0x00,,,,,"Set torque = 0"
437071,TX,0x201,3,0x90,0x90,0x00,0x00,,,,,"Set torque = 0"
437097,TX,0x201,3,0x90,0x90,0x00,0x00,,,,,"Set torque = 0"
437112,RX,0x181,6,0x40,0x40,0x10,0x43,0x80,0x00,0x0B,,"Status word = 0x4310"
437119,RX,0x181,4,0x30,0x30,0x00,0x00,0x01,,,,"Speed feedback = 0 rpm"
437125,TX,0x201,3,0x90,0x90,0x00,0x00,,,,,"Set torque = 0"
437152,TX,0x201,3,0x90,0x90,0x00,0x00,,,,,"Set torque = 0"
437178,TX,0x201,3,0x90,0x90,0x00,0x00,,,,,"Set torque = 0"
437204,TX,0x201,3,0x90,0x90,0x00,0x00,,,,,"Set torque = 0"
437289,RX,0x181,6,0x40,0x40,0x10,0x43,0x80,0x00,0x0B,,"Status word = 0x4310"
437296,RX,0x181,4,0x30,0x30,0x00,0x00,0x01,,,,"Speed feedback = 0 rpm"
437309,TX,0x201,3,0x90,0x90,0x00,0x00,,,,,"Set torque = 0"
437315,RX,0x181,6,0x40,0x40,0x10,0x43,0x80,0x00,0x0B,,"Status word = 0x4310"
437322,RX,0x181,4,0x30,0x30,0x00,0x00,0x01,,,,"Speed feedback = 0 rpm"
437335,TX,0x201,3,0x90,0x90,0x00,0x00,,,,,"Set torque = 0"
437361,TX,0x201,3,0x90,0x90,0x00,0x00,,,,,"Set torque = 0"
437387,TX,0x201,3,0x90,0x90,0x00,0x00,,,,,"Set torque = 0"
437411,RX,0x181,6,0x40,0x40,0x10,0x43,0x80,0x00,0x0B,,"Status word = 0x4310"
437418,RX,0x181,4,0x30,0x30,0x00,0x00,0x01,,,,"Speed feedback = 0 rpm"
437425,TX,0x201,3,0x90,0x90,0x00,0x00,,,,,"Set torque = 0"
437452,TX,0x201,3,0x90,0x90,0x00,0x00,,,,,"Set torque = 0"
437478,TX,0x201,3,0x90,0x90,0x00,0x00,,,,,"Set torque = 0"
437504,TX,0x201,3,0x90,0x90,0x00,0x00,,,,,"Set torque = 0"
437511,RX,0x181,6,0x40,0x40,0x10,0x43,0x80,0x00,0x0B,,"Status word = 0x4310"
437518,RX,0x181,4,0x30,0x30,0x00,0x00,0x01,,,,"Speed feedback = 0 rpm"
437530,TX,0x201,3,0x90,0x90,0x00,0x00,,,,,"Set torque = 0"
437556,TX,0x201,3,0x90,0x90,0x00,0x00,,,,,"Set torque = 0"
437583,TX,0x201,3,0x90,0x90,0x00,0x00,,,,,"Set torque = 0"
437609,TX,0x201,3,0x90,0x90,0x00,0x00,,,,,"Set torque = 0"
437615,RX,0x181,6,0x40,0x40,0x10,0x43,0x80,0x00,0x0B,,"Status word = 0x4310"
437622,RX,0x181,4,0x30,0x30,0x00,0x00,0x01,,,,"Speed feedback = 0 rpm"
437635,TX,0x201,3,0x90,0x90,0x00,0x00,,,,,"Set torque = 0"
437661,TX,0x201,3,0x90,0x90,0x00,0x00,,,,,"Set torque = 0"
437745,RX,0x181,6,0x40,0x40,0x10,0x43,0x80,0x00,0x0B,,"Status word = 0x4310"
437752,RX,0x181,4,0x30,0x30,0x00,0x00,0x01,,,,"Speed feedback = 0 rpm"
437765,TX,0x201,3,0x90,0x90,0x00,0x00,,,,,"Set torque = 0"
437792,TX,0x201,3,0x90,0x90,0x00,0x00,,,,,"Set torque = 0"
437811,RX,0x181,6,0x40,0x40,0x10,0x43,0x80,0x00,0x0B,,"Status word = 0x4310"
437818,TX,0x201,3,0x90,0x90,0x00,0x00,,,,,"Set torque = 0"
437824,RX,0x181,4,0x30,0x30,0x00,0x00,0x01,,,,"Speed feedback = 0 rpm"
437844,TX,0x201,3,0x90,0x90,0x00,0x00,,,,,"Set torque = 0"
437870,TX,0x201,3,0x90,0x90,0x00,0x00,,,,,"Set torque = 0"
437896,TX,0x201,3,0x90,0x90,0x00,0x00,,,,,"Set torque = 0"
437910,RX,0x181,6,0x40,0x40,0x10,0x43,0x80,0x00,0x0B,,"Status word = 0x4310"
437917,RX,0x181,4,0x30,0x30,0x00,0x00,0x01,,,,"Speed feedback = 0 rpm"
437925,TX,0x201,3,0x90,0x90,0x00,0x00,,,,,"Set torque = 0"
437951,TX,0x201,3,0x90,0x90,0x00,0x00,,,,,"Set torque = 0"
437977,TX,0x201,3,0x90,0x90,0x00,0x00,,,,,"Set torque = 0"
438003,TX,0x201,3,0x90,0x90,0x00,0x00,,,,,"Set torque = 0"
438010,RX,0x181,6,0x40,0x40,0x10,0x43,0x80,0x00,0x0B,,"Status word = 0x4310"
438017,RX,0x181,4,0x30,0x30,0x00,0x00,0x01,,,,"Speed feedback = 0 rpm"
438029,TX,0x201,3,0x90,0x90,0x00,0x00,,,,,"Set torque = 0"
438055,TX,0x201,3,0x90,0x90,0x00,0x00,,,,,"Set torque = 0"
438081,TX,0x201,3,0x90,0x90,0x00,0x00,,,,,"Set torque = 0"
438108,TX,0x201,3,0x90,0x90,0x00,0x00,,,,,"Set torque = 0"
438114,RX,0x181,6,0x40,0x40,0x10,0x43,0x80,0x00,0x0B,,"Status word = 0x4310"
438121,RX,0x181,4,0x30,0x30,0x00,0x00,0x01,,,,"Speed feedback = 0 rpm"
438209,TX,0x201,3,0x90,0x90,0x00,0x00,,,,,"Set torque = 0"
438216,RX,0x181,6,0x40,0x40,0x10,0x43,0x80,0x00,0x0B,,"Status word = 0x4310"
438223,RX,0x181,4,0x30,0x30,0x00,0x00,0x01,,,,"Speed feedback = 0 rpm"
438236,TX,0x201,3,0x90,0x90,0x00,0x00,,,,,"Set torque = 0"
438262,TX,0x201,3,0x90,0x90,0x00,0x00,,,,,"Set torque = 0"
438288,TX,0x201,3,0x90,0x90,0x00,0x00,,,,,"Set torque = 0"
438310,RX,0x181,6,0x40,0x40,0x10,0x43,0x80,0x00,0x0B,,"Status word = 0x4310"
438317,TX,0x201,3,0x90,0x90,0x00,0x00,,,,,"Set torque = 0"
438323,RX,0x181,4,0x30,0x30,0x00,0x00,0x01,,,,"Speed feedback = 0 rpm"
438343,TX,0x201,3,0x90,0x90,0x00,0x00,,,,,"Set torque = 0"
438369,TX,0x201,3,0x90,0x90,0x00,0x00,,,,,"Set torque = 0"
438395,TX,0x201,3,0x90,0x90,0x00,0x00,,,,,"Set torque = 0"
438410,RX,0x181,6,0x40,0x40,0x10,0x43,0x80,0x00,0x0B,,"Status word = 0x4310"
438417,RX,0x181,4,0x30,0x30,0x00,0x00,0x01,,,,"Speed feedback = 0 rpm"
438423,TX,0x201,3,0x90,0x90,0x00,0x00,,,,,"Set torque = 0"
438450,TX,0x201,3,0x90,0x90,0x00,0x00,,,,,"Set torque = 0"
438476,TX,0x201,3,0x90,0x90,0x00,0x00,,,,,"Set torque = 0"
438502,TX,0x201,3,0x90,0x90,0x00,0x00,,,,,"Set torque = 0"
438509,RX,0x181,6,0x40,0x40,0x10,0x43,0x80,0x00,0x0B,,"Status word = 0x4310"
438516,RX,0x181,4,0x30,0x30,0x00,0x00,0x01,,,,"Speed feedback = 0 rpm"
438528,TX,0x201,3,0x90,0x90,0x00,0x00,,,,,"Set torque = 0"
438554,TX,0x201,3,0x90,0x90,0x00,0x00,,,,,"Set torque = 0"
438580,TX,0x201,3,0x90,0x90,0x00,0x00,,,,,"Set torque = 0"
438606,TX,0x201,3,0x90,0x90,0x00,0x00,,,,,"Set torque = 0"
438699,RX,0x181,6,0x40,0x40,0x10,0x43,0x80,0x00,0x0B,,"Status word = 0x4310"
438706,RX,0x181,4,0x30,0x30,0x00,0x00,0x01,,,,"Speed feedback = 0 rpm"
438713,RX,0x181,6,0x40,0x40,0x10,0x43,0x80,0x00,0x0B,,"Status word = 0x4310"
438719,RX,0x181,4,0x30,0x30,0x00,0x00,0x01,,,,"Speed feedback = 0 rpm"
438726,TX,0x201,3,0x90,0x90,0x00,0x00,,,,,"Set torque = 0"
438753,TX,0x201,3,0x90,0x90,0x00,0x00,,,,,"Set torque = 0"
438779,TX,0x201,3,0x90,0x90,0x00,0x00,,,,,"Set torque = 0"
438805,TX,0x201,3,0x90,0x90,0x00,0x00,,,,,"Set torque = 0"
438811,RX,0x181,6,0x40,0x40,0x10,0x43,0x80,0x00,0x0B,,"Status word = 0x4310"
438818,RX,0x181,4,0x30,0x30,0x00,0x00,0x01,,,,"Speed feedback = 0 rpm"
438831,TX,0x201,3,0x90,0x90,0x00,0x00,,,,,"Set torque = 0"
438857,TX,0x201,3,0x90,0x90,0x00,0x00,,,,,"Set torque = 0"
438883,TX,0x201,3,0x90,0x90,0x00,0x00,,,,,"Set torque = 0"
438909,TX,0x201,3,0x90,0x90,0x00,0x00,,,,,"Set torque = 0"
438915,RX,0x181,6,0x40,0x40,0x10,0x43,0x80,0x00,0x0B,,"Status word = 0x4310"
438922,RX,0x181,4,0x30,0x30,0x00,0x00,0x01,,,,"Speed feedback = 0 rpm"
438935,TX,0x201,3,0x90,0x90,0x00,0x00,,,,,"Set torque = 0"
438961,TX,0x201,3,0x90,0x90,0x00,0x00,,,,,"Set torque = 0"
438988,TX,0x201,3,0x90,0x90,0x00,0x00,,,,,"Set torque = 0"
439009,RX,0x181,6,0x40,0x40,0x10,0x43,0x80,0x00,0x0B,,"Status word = 0x4310"
439016,TX,0x201,3,0x90,0x90,0x00,0x00,,,,,"Set torque = 0"
439022,RX,0x181,4,0x30,0x30,0x00,0x00,0x01,,,,"Speed feedback = 0 rpm"
439042,TX,0x201,3,0x90,0x90,0x00,0x00,,,,,"Set torque = 0"
439133,RX,0x181,6,0x40,0x40,0x10,0x43,0x80,0x00,0x0B,,"Status word = 0x4310"
439140,RX,0x181,4,0x30,0x30,0x00,0x00,0x01,,,,"Speed feedback = 0 rpm"
439153,TX,0x201,3,0x90,0x90,0x00,0x00,,,,,"Set torque = 0"
439180,TX,0x201,3,0x90,0x90,0x00,0x00,,,,,"Set torque = 0"
439206,TX,0x201,3,0x90,0x90,0x00,0x00,,,,,"Set torque = 0"
439212,RX,0x181,6,0x40,0x40,0x10,0x43,0x80,0x00,0x0B,,"Status word = 0x4310"
439219,RX,0x181,4,0x30,0x30,0x00,0x00,0x01,,,,"Speed feedback = 0 rpm"
439232,TX,0x201,3,0x90,0x90,0x00,0x00,,,,,"Set torque = 0"
439258,TX,0x201,3,0x90,0x90,0x00,0x00,,,,,"Set torque = 0"
439284,TX,0x201,3,0x90,0x90,0x00,0x00,,,,,"Set torque = 0"
439308,RX,0x181,6,0x40,0x40,0x10,0x43,0x80,0x00,0x0B,,"Status word = 0x4310"
439315,TX,0x201,3,0x90,0x90,0x00,0x00,,,,,"Set torque = 0"
439322,RX,0x181,4,0x30,0x30,0x00,0x00,0x01,,,,"Speed feedback = 0 rpm"
439342,TX,0x201,3,0x90,0x90,0x00,0x00,,,,,"Set torque = 0"
439368,TX,0x201,3,0x90,0x90,0x00,0x00,,,,,"Set torque = 0"
439394,TX,0x201,3,0x90,0x90,0x00,0x00,,,,,"Set torque = 0"
439408,RX,0x181,6,0x40,0x40,0x10,0x43,0x80,0x00,0x0B,,"Status word = 0x4310"
439415,RX,0x181,4,0x30,0x30,0x00,0x00,0x01,,,,"Speed feedback = 0 rpm"
439422,TX,0x201,3,0x90,0x90,0x00,0x00,,,,,"Set torque = 0"
439449,TX,0x201,3,0x90,0x90,0x00,0x00,,,,,"Set torque = 0"
439475,TX,0x201,3,0x90,0x90,0x00,0x00,,,,,"Set torque = 0"
439502,TX,0x201,3,0x90,0x90,0x00,0x00,,,,,"Set torque = 0"
439508,RX,0x181,6,0x40,0x40,0x10,0x43,0x80,0x00,0x0B,,"Status word = 0x4310"
439515,RX,0x181,4,0x30,0x30,0x00,0x00,0x01,,,,"Speed feedback = 0 rpm"
439607,TX,0x201,3,0x90,0x90,0x00,0x00,,,,,"Set torque = 0"
439614,RX,0x181,6,0x40,0x40,0x10,0x43,0x80,0x00,0x0B,,"Status word = 0x4310"
439620,RX,0x181,4,0x30,0x30,0x00,0x00,0x01,,,,"Speed feedback = 0 rpm"
439634,TX,0x201,3,0x90,0x90,0x00,0x00,,,,,"Set torque = 0"
439660,TX,0x201,3,0x90,0x90,0x00,0x00,,,,,"Set torque = 0"
439686,TX,0x201,3,0x90,0x90,0x00,0x00,,,,,"Set torque = 0"
439708,RX,0x181,6,0x40,0x40,0x10,0x43,0x80,0x00,0x0B,,"Status word = 0x4310"
439714,TX,0x201,3,0x90,0x90,0x00,0x00,,,,,"Set torque = 0"
439721,RX,0x181,4,0x30,0x30,0x00,0x00,0x01,,,,"Speed feedback = 0 rpm"
439741,TX,0x201,3,0x90,0x90,0x00,0x00,,,,,"Set torque = 0"
439767,TX,0x201,3,0x90,0x90,0x00,0x00,,,,,"Set torque = 0"
439793,TX,0x201,3,0x90,0x90,0x00,0x00,,,,,"Set torque = 0"
439807,RX,0x181,6,0x40,0x40,0x10,0x43,0x80,0x00,0x0B,,"Status word = 0x4310"
439814,RX,0x181,4,0x30,0x30,0x00,0x00,0x01,,,,"Speed feedback = 0 rpm"
439821,TX,0x201,3,0x90,0x90,0x00,0x00,,,,,"Set torque = 0"
439848,TX,0x201,3,0x90,0x90,0x00,0x00,,,,,"Set torque = 0"
439874,TX,0x201,3,0x90,0x90,0x00,0x00,,,,,"Set torque = 0"
439900,TX,0x201,3,0x90,0x90,0x00,0x00,,,,,"Set torque = 0"
439907,RX,0x181,6,0x40,0x40,0x10,0x43,0x80,0x00,0x0B,,"Status word = 0x4310"
439914,RX,0x181,4,0x30,0x30,0x00,0x00,0x01,,,,"Speed feedback = 0 rpm"
439926,TX,0x201,3,0x90,0x90,0x00,0x00,,,,,"Set torque = 0"
439952,TX,0x201,3,0x90,0x90,0x00,0x00,,,,,"Set torque = 0"
439978,TX,0x201,3,0x90,0x90,0x00,0x00,,,,,"Set torque = 0"
440004,TX,0x201,3,0x90,0x90,0x00,0x00,,,,,"Set torque = 0"
440096,RX,0x181,6,0x40,0x40,0x10,0x43,0x80,0x00,0x0B,,"Status word = 0x4310"
440103,RX,0x181,4,0x30,0x30,0x00,0x00,0x01,,,,"Speed feedback = 0 rpm"
440110,RX,0x181,6,0x40,0x40,0x10,0x43,0x80,0x00,0x0B,,"Status word = 0x4310"
440116,RX,0x181,4,0x30,0x30,0x00,0x00,0x01,,,,"Speed feedback = 0 rpm"
440123,TX,0x201,3,0x90,0x90,0x00,0x00,,,,,"Set torque = 0"
440150,TX,0x201,3,0x90,0x90,0x00,0x00,,,,,"Set torque = 0"
440176,TX,0x201,3,0x90,0x90,0x00,0x00,,,,,"Set torque = 0"
440202,TX,0x201,3,0x90,0x90,0x00,0x00,,,,,"Set torque = 0"
440208,RX,0x181,6,0x40,0x40,0x10,0x43,0x80,0x00,0x0B,,"Status word = 0x4310"
440215,RX,0x181,4,0x30,0x30,0x00,0x00,0x01,,,,"Speed feedback = 0 rpm"
440228,TX,0x201,3,0x90,0x90,0x00,0x00,,,,,"Set torque = 0"
440254,TX,0x201,3,0x90,0x90,0x00,0x00,,,,,"Set torque = 0"
440280,TX,0x201,3,0x90,0x90,0x00,0x00,,,,,"Set torque = 0"
440306,TX,0x201,3,0x90,0x90,0x00,0x00,,,,,"Set torque = 0"
440312,RX,0x181,6,0x40,0x40,0x10,0x43,0x80,0x00,0x0B,,"Status word = 0x4310"
440319,RX,0x181,4,0x30,0x30,0x00,0x00,0x01,,,,"Speed feedback = 0 rpm"
440332,TX,0x201,3,0x90,0x90,0x00,0x00,,,,,"Set torque = 0"
440359,TX,0x201,3,0x90,0x90,0x00,0x00,,,,,"Set torque = 0"
440385,TX,0x201,3,0x90,0x90,0x00,0x00,,,,,"Set torque = 0"
440406,RX,0x181,6,0x40,0x40,0x10,0x43,0x80,0x00,0x0B,,"Status word = 0x4310"
440413,TX,0x201,3,0x90,0x90,0x00,0x00,,,,,"Set torque = 0"
440420,RX,0x181,4,0x30,0x30,0x00,0x00,0x01,,,,"Speed feedback = 0 rpm"
440440,TX,0x201,3,0x90,0x90,0x00,0x00,,,,,"Set torque = 0"
440535,RX,0x181,6,0x40,0x40,0x10,0x43,0x80,0x00,0x0B,,"Status word = 0x4310"
440542,RX,0x181,4,0x30,0x30,0x00,0x00,0x01,,,,"Speed feedback = 0 rpm"
440555,TX,0x201,3,0x90,0x90,0x00,0x00,,,,,"Set torque = 0"
440582,TX,0x201,3,0x90,0x90,0x00,0x00,,,,,"Set torque = 0"
440606,RX,0x181,6,0x40,0x40,0x10,0x43,0x80,0x00,0x0B,,"Status word = 0x4310"
440613,TX,0x201,3,0x90,0x90,0x00,0x00,,,,,"Set torque = 0"
440620,RX,0x181,4,0x30,0x30,0x00,0x00,0x01,,,,"Speed feedback = 0 rpm"
440640,TX,0x201,3,0x90,0x90,0x00,0x00,,,,,"Set torque = 0"
440666,TX,0x201,3,0x90,0x90,0x00,0x00,,,,,"Set torque = 0"
440692,TX,0x201,3,0x90,0x90,0x00,0x00,,,,,"Set torque = 0"
440706,RX,0x181,6,0x40,0x40,0x10,0x43,0x80,0x00,0x0B,,"Status word = 0x4310"
440713,RX,0x181,4,0x30,0x30,0x00,0x00,0x01,,,,"Speed feedback = 0 rpm"
440720,TX,0x201,3,0x90,0x90,0x00,0x00,,,,,"Set torque = 0"
440747,TX,0x201,3,0x90,0x90,0x00,0x00,,,,,"Set torque = 0"
440773,TX,0x201,3,0x90,0x90,0x00,0x00,,,,,"Set torque = 0"
440799,TX,0x201,3,0x90,0x90,0x00,0x00,,,,,"Set torque = 0"
440806,RX,0x181,6,0x40,0x40,0x10,0x43,0x80,0x00,0x0B,,"Status word = 0x4310"
440813,RX,0x181,4,0x30,0x30,0x00,0x00,0x01,,,,"Speed feedback = 0 rpm"
440825,TX,0x201,3,0x90,0x90,0x00,0x00,,,,,"Set torque = 0"
440851,TX,0x201,3,0x90,0x90,0x00,0x00,,,,,"Set torque = 0"
440877,TX,0x201,3,0x90,0x90,0x00,0x00,,,,,"Set torque = 0"
440904,TX,0x201,3,0x90,0x90,0x00,0x00,,,,,"Set torque = 0"
440910,RX,0x181,6,0x40,0x40,0x10,0x43,0x80,0x00,0x0B,,"Status word = 0x4310"
440917,RX,0x181,4,0x30,0x30,0x00,0x00,0x01,,,,"Speed feedback = 0 rpm"
441007,RX,0x181,6,0x40,0x40,0x10,0x43,0x80,0x00,0x0B,,"Status word = 0x4310"
441014,RX,0x181,4,0x30,0x30,0x00,0x00,0x01,,,,"Speed feedback = 0 rpm"
441021,TX,0x201,3,0x90,0x90,0x00,0x00,,,,,"Set torque = 0"
441048,TX,0x201,3,0x90,0x90,0x00,0x00,,,,,"Set torque = 0"
441074,TX,0x201,3,0x90,0x90,0x00,0x00,,,,,"Set torque = 0"
441100,TX,0x201,3,0x90,0x90,0x00,0x00,,,,,"Set torque = 0"
441107,RX,0x181,6,0x40,0x40,0x10,0x43,0x80,0x00,0x0B,,"Status word = 0x4310"
441113,RX,0x181,4,0x30,0x30,0x00,0x00,0x01,,,,"Speed feedback = 0 rpm"
441127,TX,0x201,3,0x90,0x90,0x00,0x00,,,,,"Set torque = 0"
441153,TX,0x201,3,0x90,0x90,0x00,0x00,,,,,"Set torque = 0"
441179,TX,0x201,3,0x90,0x90,0x00,0x00,,,,,"Set torque = 0"
441205,TX,0x201,3,0x90,0x90,0x00,0x00,,,,,"Set torque = 0"
441211,RX,0x181,6,0x40,0x40,0x10,0x43,0x80,0x00,0x0B,,"Status word = 0x4310"
441218,RX,0x181,4,0x30,0x30,0x00,0x00,0x01,,,,"Speed feedback = 0 rpm"
441231,TX,0x201,3,0x90,0x90,0x00,0x00,,,,,"Set torque = 0"
441258,TX,0x201,3,0x90,0x90,0x00,0x00,,,,,"Set torque = 0"
441284,TX,0x201,3,0x90,0x90,0x00,0x00,,,,,"Set torque = 0"
441305,RX,0x181,6,0x40,0x40,0x10,0x43,0x80,0x00,0x0B,,"Status word = 0x4310"
441312,TX,0x201,3,0x90,0x90,0x00,0x00,,,,,"Set torque = 0"
441319,RX,0x181,4,0x30,0x30,0x00,0x00,0x01,,,,"Speed feedback = 0 rpm"
441339,TX,0x201,3,0x90,0x90,0x00,0x00,,,,,"Set torque = 0"
441365,TX,0x201,3,0x90,0x90,0x00,0x00,,,,,"Set torque = 0"
441391,TX,0x201,3,0x90,0x90,0x00,0x00,,,,,"Set torque = 0"
441405,RX,0x181,6,0x40,0x40,0x10,0x43,0x80,0x00,0x0B,,"Status word = 0x4310"
441412,RX,0x181,4,0x30,0x30,0x00,0x00,0x01,,,,"Speed feedback = 0 rpm"
441419,TX,0x201,3,0x90,0x90,0x00,0x00,,,,,"Set torque = 0"
441446,TX,0x201,3,0x90,0x90,0x00,0x00,,,,,"Set torque = 0"
441472,TX,0x201,3,0x90,0x90,0x00,0x00,,,,,"Set torque = 0"
441498,TX,0x201,3,0x90,0x90,0x00,0x00,,,,,"Set torque = 0"
441505,RX,0x181,6,0x40,0x40,0x10,0x43,0x80,0x00,0x0B,,"Status word = 0x4310"
441512,RX,0x181,4,0x30,0x30,0x00,0x00,0x01,,,,"Speed feedback = 0 rpm"
441524,TX,0x201,3,0x90,0x90,0x00,0x00,,,,,"Set torque = 0"
441550,TX,0x201,3,0x90,0x90,0x00,0x00,,,,,"Set torque = 0"
441577,TX,0x201,3,0x90,0x90,0x00,0x00,,,,,"Set torque = 0"
441603,TX,0x201,3,0x90,0x90,0x00,0x00,,,,,"Set torque = 0"
441609,RX,0x181,6,0x40,0x40,0x10,0x43,0x80,0x00,0x0B,,"Status word = 0x4310"
441616,RX,0x181,4,0x30,0x30,0x00,0x00,0x01,,,,"Speed feedback = 0 rpm"
441629,TX,0x201,3,0x90,0x90,0x00,0x00,,,,,"Set torque = 0"
441655,TX,0x201,3,0x90,0x90,0x00,0x00,,,,,"Set torque = 0"
441681,TX,0x201,3,0x90,0x90,0x00,0x00,,,,,"Set torque = 0"
441704,RX,0x181,6,0x40,0x40,0x10,0x43,0x80,0x00,0x0B,,"Status word = 0x4310"
441711,TX,0x201,3,0x90,0x90,0x00,0x00,,,,,"Set torque = 0"
441718,RX,0x181,4,0x30,0x30,0x00,0x00,0x01,,,,"Speed feedback = 0 rpm"
441738,TX,0x201,3,0x90,0x90,0x00,0x00,,,,,"Set torque = 0"
441764,TX,0x201,3,0x90,0x90,0x00,0x00,,,,,"Set torque = 0"
441790,TX,0x201,3,0x90,0x90,0x00,0x00,,,,,"Set torque = 0"
441804,RX,0x181,6,0x40,0x40,0x10,0x43,0x80,0x00,0x0B,,"Status word = 0x4310"
441811,RX,0x181,4,0x30,0x30,0x00,0x00,0x01,,,,"Speed feedback = 0 rpm"
441818,TX,0x201,3,0x90,0x90,0x00,0x00,,,,,"Set torque = 0"
441845,TX,0x201,3,0x90,0x90,0x00,0x00,,,,,"Set torque = 0"
441871,TX,0x201,3,0x90,0x90,0x00,0x00,,,,,"Set torque = 0"
441898,TX,0x201,3,0x90,0x90,0x00,0x00,,,,,"Set torque = 0"
441904,RX,0x181,6,0x40,0x40,0x10,0x43,0x80,0x00,0x0B,,"Status word = 0x4310"
441911,RX,0x181,4,0x30,0x30,0x00,0x00,0x01,,,,"Speed feedback = 0 rpm"
441924,TX,0x201,3,0x90,0x90,0x00,0x00,,,,,"Set torque = 0"
441950,TX,0x201,3,0x90,0x90,0x00,0x00,,,,,"Set torque = 0"
441976,TX,0x201,3,0x90,0x90,0x00,0x00,,,,,"Set torque = 0"
442002,TX,0x201,3,0x90,0x90,0x00,0x00,,,,,"Set torque = 0"
442008,RX,0x181,6,0x40,0x40,0x10,0x43,0x80,0x00,0x0B,,"Status word = 0x4310"
442015,RX,0x181,4,0x30,0x30,0x00,0x00,0x01,,,,"Speed feedback = 0 rpm"
442028,TX,0x201,3,0x90,0x90,0x00,0x00,,,,,"Set torque = 0"
442054,TX,0x201,3,0x90,0x90,0x00,0x00,,,,,"Set torque = 0"
442080,TX,0x201,3,0x90,0x90,0x00,0x00,,,,,"Set torque = 0"
442104,RX,0x181,6,0x40,0x40,0x10,0x43,0x80,0x00,0x0B,,"Status word = 0x4310"
442111,TX,0x201,3,0x90,0x90,0x00,0x00,,,,,"Set torque = 0"
442117,RX,0x181,4,0x30,0x30,0x00,0x00,0x01,,,,"Speed feedback = 0 rpm"
442137,TX,0x201,3,0x90,0x90,0x00,0x00,,,,,"Set torque = 0"
442163,TX,0x201,3,0x90,0x90,0x00,0x00,,,,,"Set torque = 0"
442189,TX,0x201,3,0x90,0x90,0x00,0x00,,,,,"Set torque = 0"
442204,RX,0x181,6,0x40,0x40,0x10,0x43,0x80,0x00,0x0B,,"Status word = 0x4310"
442211,RX,0x181,4,0x30,0x30,0x00,0x00,0x01,,,,"Speed feedback = 0 rpm"
442217,TX,0x201,3,0x90,0x90,0x00,0x00,,,,,"Set torque = 0"
442245,TX,0x201,3,0x90,0x90,0x00,0x00,,,,,"Set torque = 0"
442271,TX,0x201,3,0x90,0x90,0x00,0x00,,,,,"Set torque = 0"
442297,TX,0x201,3,0x90,0x90,0x00,0x00,,,,,"Set torque = 0"
442303,RX,0x181,6,0x40,0x40,0x10,0x43,0x80,0x00,0x0B,,"Status word = 0x4310"
442310,RX,0x181,4,0x30,0x30,0x00,0x00,0x01,,,,"Speed feedback = 0 rpm"
442323,TX,0x201,3,0x90,0x90,0x00,0x00,,,,,"Set torque = 0"
442350,TX,0x201,3,0x90,0x90,0x00,0x00,,,,,"Set torque = 0"
442376,TX,0x201,3,0x90,0x90,0x00,0x00,,,,,"Set torque = 0"
442402,TX,0x201,3,0x90,0x90,0x00,0x00,,,,,"Set torque = 0"
442408,RX,0x181,6,0x40,0x40,0x10,0x43,0x80,0x00,0x0B,,"Status word = 0x4310"
442415,RX,0x181,4,0x30,0x30,0x00,0x00,0x01,,,,"Speed feedback = 0 rpm"
442428,TX,0x201,3,0x90,0x90,0x00,0x00,,,,,"Set torque = 0"
442454,TX,0x201,3,0x90,0x90,0x00,0x00,,,,,"Set torque = 0"
442480,TX,0x201,3,0x90,0x90,0x00,0x00,,,,,"Set torque = 0"
442503,RX,0x181,6,0x40,0x40,0x10,0x43,0x80,0x00,0x0B,,"Status word = 0x4310"
442510,RX,0x181,4,0x30,0x30,0x00,0x00,0x01,,,,"Speed feedback = 0 rpm"
442517,TX,0x201,3,0x90,0x90,0x00,0x00,,,,,"Set torque = 0"
442544,TX,0x201,3,0x90,0x90,0x00,0x00,,,,,"Set torque = 0"
442570,TX,0x201,3,0x90,0x90,0x00,0x00,,,,,"Set torque = 0"
442596,TX,0x201,3,0x90,0x90,0x00,0x00,,,,,"Set torque = 0"
442603,RX,0x181,6,0x40,0x40,0x10,0x43,0x80,0x00,0x0B,,"Status word = 0x4310"
442610,RX,0x181,4,0x30,0x30,0x00,0x00,0x01,,,,"Speed feedback = 0 rpm"
442622,TX,0x201,3,0x90,0x90,0x00,0x00,,,,,"Set torque = 0"
442648,TX,0x201,3,0x90,0x90,0x00,0x00,,,,,"Set torque = 0"
442675,TX,0x201,3,0x90,0x90,0x00,0x00,,,,,"Set torque = 0"
442701,TX,0x201,3,0x90,0x90,0x00,0x00,,,,,"Set torque = 0"
442707,RX,0x181,6,0x40,0x40,0x10,0x43,0x80,0x00,0x0B,,"Status word = 0x4310"
442714,RX,0x181,4,0x30,0x30,0x00,0x00,0x01,,,,"Speed feedback = 0 rpm"
442727,TX,0x201,3,0x90,0x90,0x00,0x00,,,,,"Set torque = 0"
442753,TX,0x201,3,0x90,0x90,0x00,0x00,,,,,"Set torque = 0"
442779,TX,0x201,3,0x90,0x90,0x00,0x00,,,,,"Set torque = 0"
442803,RX,0x181,6,0x40,0x40,0x10,0x43,0x80,0x00,0x0B,,"Status word = 0x4310"
442809,TX,0x201,3,0x90,0x90,0x00,0x00,,,,,"Set torque = 0"
442817,RX,0x181,4,0x30,0x30,0x00,0x00,0x01,,,,"Speed feedback = 0 rpm"
442837,TX,0x201,3,0x90,0x90,0x00,0x00,,,,,"Set torque = 0"
442863,TX,0x201,3,0x90,0x90,0x00,0x00,,,,,"Set torque = 0"
442889,TX,0x201,3,0x90,0x90,0x00,0x00,,,,,"Set torque = 0"
442903,RX,0x181,6,0x40,0x40,0x10,0x43,0x80,0x00,0x0B,,"Status word = 0x4310"
442909,RX,0x181,4,0x30,0x30,0x00,0x00,0x01,,,,"Speed feedback = 0 rpm"
442916,TX,0x201,3,0x90,0x90,0x00,0x00,,,,,"Set torque = 0"
442943,TX,0x201,3,0x90,0x90,0x00,0x00,,,,,"Set torque = 0"
442969,TX,0x201,3,0x90,0x90,0x00,0x00,,,,,"Set torque = 0"
442996,TX,0x201,3,0x90,0x90,0x00,0x00,,,,,"Set torque = 0"
443002,RX,0x181,6,0x40,0x40,0x10,0x43,0x80,0x00,0x0B,,"Status word = 0x4310"
443009,RX,0x181,4,0x30,0x30,0x00,0x00,0x01,,,,"Speed feedback = 0 rpm"
443022,TX,0x201,3,0x90,0x90,0x00,0x00,,,,,"Set torque = 0"
443048,TX,0x201,3,0x90,0x90,0x00,0x00,,,,,"Set torque = 0"
443074,TX,0x201,3,0x90,0x90,0x00,0x00,,,,,"Set torque = 0"
443100,TX,0x201,3,0x90,0x90,0x00,0x00,,,,,"Set torque = 0"
443106,RX,0x181,6,0x40,0x40,0x10,0x43,0x80,0x00,0x0B,,"Status word = 0x4310"
443113,RX,0x181,4,0x30,0x30,0x00,0x00,0x01,,,,"Speed feedback = 0 rpm"
443126,TX,0x201,3,0x90,0x90,0x00,0x00,,,,,"Set torque = 0"
443152,TX,0x201,3,0x90,0x90,0x00,0x00,,,,,"Set torque = 0"
443178,TX,0x201,3,0x90,0x90,0x00,0x00,,,,,"Set torque = 0"
443202,RX,0x181,6,0x40,0x40,0x10,0x43,0x80,0x00,0x0B,,"Status word = 0x4310"
443209,TX,0x201,3,0x90,0x90,0x00,0x00,,,,,"Set torque = 0"
443216,RX,0x181,4,0x30,0x30,0x00,0x00,0x01,,,,"Speed feedback = 0 rpm"
443236,TX,0x201,3,0x90,0x90,0x00,0x00,,,,,"Set torque = 0"
443262,TX,0x201,3,0x90,0x90,0x00,0x00,,,,,"Set torque = 0"
443288,TX,0x201,3,0x90,0x90,0x00,0x00,,,,,"Set torque = 0"
443302,RX,0x181,6,0x40,0x40,0x10,0x43,0x80,0x00,0x0B,,"Status word = 0x4310"
443309,RX,0x181,4,0x30,0x30,0x00,0x00,0x01,,,,"Speed feedback = 0 rpm"
443316,TX,0x201,3,0x90,0x90,0x00,0x00,,,,,"Set torque = 0"
443342,TX,0x201,3,0x90,0x90,0x00,0x00,,,,,"Set torque = 0"
443368,TX,0x201,3,0x90,0x90,0x00,0x00,,,,,"Set torque = 0"
443394,TX,0x201,3,0x90,0x90,0x00,0x00,,,,,"Set torque = 0"
443402,RX,0x181,6,0x40,0x40,0x10,0x43,0x80,0x00,0x0B,,"Status word = 0x4310"
443409,RX,0x181,4,0x30,0x30,0x00,0x00,0x01,,,,"Speed feedback = 0 rpm"
443420,TX,0x201,3,0x90,0x90,0x00,0x00,,,,,"Set torque = 0"
443447,TX,0x201,3,0x90,0x90,0x00,0x00,,,,,"Set torque = 0"
443473,TX,0x201,3,0x90,0x90,0x00,0x00,,,,,"Set torque = 0"
443499,TX,0x201,3,0x90,0x90,0x00,0x00,,,,,"Set torque = 0"
443505,RX,0x181,6,0x40,0x40,0x10,0x43,0x80,0x00,0x0B,,"Status word = 0x4310"
443512,RX,0x181,4,0x30,0x30,0x00,0x00,0x01,,,,"Speed feedback = 0 rpm"
443525,TX,0x201,3,0x90,0x90,0x00,0x00,,,,,"Set torque = 0"
443551,TX,0x201,3,0x90,0x90,0x00,0x00,,,,,"Set torque = 0"
443577,TX,0x201,3,0x90,0x90,0x00,0x00,,,,,"Set torque = 0"
443601,RX,0x181,6,0x40,0x40,0x10,0x43,0x80,0x00,0x0B,,"Status word = 0x4310"
443609,RX,0x181,4,0x30,0x30,0x00,0x00,0x01,,,,"Speed feedback = 0 rpm"
443617,TX,0x201,3,0x90,0x90,0x00,0x00,,,,,"Set torque = 0"
443643,TX,0x201,3,0x90,0x90,0x00,0x00,,,,,"Set torque = 0"
443669,TX,0x201,3,0x90,0x90,0x00,0x00,,,,,"Set torque = 0"
443695,TX,0x201,3,0x90,0x90,0x00,0x00,,,,,"Set torque = 0"
443701,RX,0x181,6,0x40,0x40,0x10,0x43,0x80,0x00,0x0B,,"Status word = 0x4310"
443708,RX,0x181,4,0x30,0x30,0x00,0x00,0x01,,,,"Speed feedback = 0 rpm"
443721,TX,0x201,3,0x90,0x90,0x00,0x00,,,,,"Set torque = 0"
443747,TX,0x201,3,0x90,0x90,0x00,0x00,,,,,"Set torque = 0"
443774,TX,0x201,3,0x90,0x90,0x00,0x00,,,,,"Set torque = 0"
443800,TX,0x201,3,0x90,0x90,0x00,0x00,,,,,"Set torque = 0"
443806,RX,0x181,6,0x40,0x40,0x10,0x43,0x80,0x00,0x0B,,"Status word = 0x4310"
443813,RX,0x181,4,0x30,0x30,0x00,0x00,0x01,,,,"Speed feedback = 0 rpm"
443826,TX,0x201,3,0x90,0x90,0x00,0x00,,,,,"Set torque = 0"
443852,TX,0x201,3,0x90,0x90,0x00,0x00,,,,,"Set torque = 0"
443878,TX,0x201,3,0x90,0x90,0x00,0x00,,,,,"Set torque = 0"
443901,RX,0x181,6,0x40,0x40,0x10,0x43,0x80,0x00,0x0B,,"Status word = 0x4310"
443908,TX,0x201,3,0x90,0x90,0x00,0x00,,,,,"Set torque = 0"
443915,RX,0x181,4,0x30,0x30,0x00,0x00,0x01,,,,"Speed feedback = 0 rpm"
443935,TX,0x201,3,0x90,0x90,0x00,0x00,,,,,"Set torque = 0"
443961,TX,0x201,3,0x90,0x90,0x00,0x00,,,,,"Set torque = 0"
443987,TX,0x201,3,0x90,0x90,0x00,0x00,,,,,"Set torque = 0"
444001,RX,0x181,6,0x40,0x40,0x10,0x43,0x80,0x00,0x0B,,"Status word = 0x4310"
444008,RX,0x181,4,0x30,0x30,0x00,0x00,0x01,,,,"Speed feedback = 0 rpm"
444014,TX,0x201,3,0x90,0x90,0x00,0x00,,,,,"Set torque = 0"
444041,TX,0x201,3,0x90,0x90,0x00,0x00,,,,,"Set torque = 0"
444067,TX,0x201,3,0x90,0x90,0x00,0x00,,,,,"Set torque = 0"
444094,TX,0x201,3,0x90,0x90,0x00,0x00,,,,,"Set torque = 0"
444101,RX,0x181,6,0x40,0x40,0x10,0x43,0x80,0x00,0x0B,,"Status word = 0x4310"
444108,RX,0x181,4,0x30,0x30,0x00,0x00,0x01,,,,"Speed feedback = 0 rpm"
444120,TX,0x201,3,0x90,0x90,0x00,0x00,,,,,"Set torque = 0"
444146,TX,0x201,3,0x90,0x90,0x00,0x00,,,,,"Set torque = 0"
444172,TX,0x201,3,0x90,0x90,0x00,0x00,,,,,"Set torque = 0"
444198,TX,0x201,3,0x90,0x90,0x00,0x00,,,,,"Set torque = 0"
444204,RX,0x181,6,0x40,0x40,0x10,0x43,0x80,0x00,0x0B,,"Status word = 0x4310"
444211,RX,0x181,4,0x30,0x30,0x00,0x00,0x01,,,,"Speed feedback = 0 rpm"
444224,TX,0x201,3,0x90,0x90,0x00,0x00,,,,,"Set torque = 0"
444250,TX,0x201,3,0x90,0x90,0x00,0x00,,,,,"Set torque = 0"
444276,TX,0x201,3,0x90,0x90,0x00,0x00,,,,,"Set torque = 0"
444300,RX,0x181,6,0x40,0x40,0x10,0x43,0x80,0x00,0x0B,,"Status word = 0x4310"
444307,TX,0x201,3,0x90,0x90,0x00,0x00,,,,,"Set torque = 0"
444314,RX,0x181,4,0x30,0x30,0x00,0x00,0x01,,,,"Speed feedback = 0 rpm"
444334,TX,0x201,3,0x90,0x90,0x00,0x00,,,,,"Set torque = 0"
444360,TX,0x201,3,0x90,0x90,0x00,0x00,,,,,"Set torque = 0"
444386,TX,0x201,3,0x90,0x90,0x00,0x00,,,,,"Set torque = 0"
444400,RX,0x181,6,0x40,0x40,0x10,0x43,0x80,0x00,0x0B,,"Status word = 0x4310"
444407,RX,0x181,4,0x30,0x30,0x00,0x00,0x01,,,,"Speed feedback = 0 rpm"
444414,TX,0x201,3,0x90,0x90,0x00,0x00,,,,,"Set torque = 0"
444441,TX,0x201,3,0x90,0x90,0x00,0x00,,,,,"Set torque = 0"
444467,TX,0x201,3,0x90,0x90,0x00,0x00,,,,,"Set torque = 0"
444493,TX,0x201,3,0x90,0x90,0x00,0x00,,,,,"Set torque = 0"
444500,RX,0x181,6,0x40,0x40,0x10,0x43,0x80,0x00,0x0B,,"Status word = 0x4310"
444507,RX,0x181,4,0x30,0x30,0x00,0x00,0x01,,,,"Speed feedback = 0 rpm"
444519,TX,0x201,3,0x90,0x90,0x00,0x00,,,,,"Set torque = 0"
444546,TX,0x201,3,0x90,0x90,0x00,0x00,,,,,"Set torque = 0"
444572,TX,0x201,3,0x90,0x90,0x00,0x00,,,,,"Set torque = 0"
444598,TX,0x201,3,0x90,0x90,0x00,0x00,,,,,"Set torque = 0"
444604,RX,0x181,6,0x40,0x40,0x10,0x43,0x80,0x00,0x0B,,"Status word = 0x4310"
444611,RX,0x181,4,0x30,0x30,0x00,0x00,0x01,,,,"Speed feedback = 0 rpm"
444624,TX,0x201,3,0x90,0x90,0x00,0x00,,,,,"Set torque = 0"
444650,TX,0x201,3,0x90,0x90,0x00,0x00,,,,,"Set torque = 0"
444676,TX,0x201,3,0x90,0x90,0x00,0x00,,,,,"Set torque = 0"
444700,RX,0x181,6,0x40,0x40,0x10,0x43,0x80,0x00,0x0B,,"Status word = 0x4310"
444707,RX,0x181,4,0x30,0x30,0x00,0x00,0x01,,,,"Speed feedback = 0 rpm"
444717,TX,0x201,3,0x90,0x90,0x00,0x00,,,,,"Set torque = 0"
444743,TX,0x201,3,0x90,0x90,0x00,0x00,,,,,"Set torque = 0"
444769,TX,0x201,3,0x90,0x90,0x00,0x00,,,,,"Set torque = 0"
444795,TX,0x201,3,0x90,0x90,0x00,0x00,,,,,"Set torque = 0"
444801,RX,0x181,6,0x40,0x40,0x10,0x43,0x80,0x00,0x0B,,"Status word = 0x4310"
444808,RX,0x181,4,0x30,0x30,0x00,0x00,0x01,,,,"Speed feedback = 0 rpm"
444821,TX,0x201,3,0x90,0x90,0x00,0x00,,,,,"Set torque = 0"
444848,TX,0x201,3,0x90,0x90,0x00,0x00,,,,,"Set torque = 0"
444872,TX,0x201,3,0x90,0x90,0x00,0x00,,,,,"Set torque = 0"
444898,TX,0x201,3,0x90,0x90,0x00,0x00,,,,,"Set torque = 0"
444904,RX,0x181,6,0x40,0x40,0x10,0x43,0x80,0x00,0x0B,,"Status word = 0x4310"
444911,RX,0x181,4,0x30,0x30,0x00,0x00,0x01,,,,"Speed feedback = 0 rpm"
444924,TX,0x201,3,0x90,0x90,0x00,0x00,,,,,"Set torque = 0"
444950,TX,0x201,3,0x90,0x90,0x00,0x00,,,,,"Set torque = 0"
444976,TX,0x201,3,0x90,0x90,0x00,0x00,,,,,"Set torque = 0"
444999,RX,0x181,6,0x40,0x40,0x10,0x43,0x80,0x00,0x0B,,"Status word = 0x4310"
445006,RX,0x181,4,0x30,0x30,0x00,0x00,0x01,,,,"Speed feedback = 0 rpm"
445013,TX,0x201,3,0x90,0x90,0x00,0x00,,,,,"Set torque = 0"
445040,TX,0x201,3,0x90,0x90,0x00,0x00,,,,,"Set torque = 0"
445066,TX,0x201,3,0x90,0x90,0x00,0x00,,,,,"Set torque = 0"
445092,TX,0x201,3,0x90,0x90,0x00,0x00,,,,,"Set torque = 0"
445099,RX,0x181,6,0x40,0x40,0x10,0x43,0x80,0x00,0x0B,,"Status word = 0x4310"
445106,RX,0x181,4,0x30,0x30,0x00,0x00,0x01,,,,"Speed feedback = 0 rpm"
445118,TX,0x201,3,0x90,0x90,0x00,0x00,,,,,"Set torque = 0"
445144,TX,0x201,3,0x90,0x90,0x00,0x00,,,,,"Set torque = 0"
445171,TX,0x201,3,0x90,0x90,0x00,0x00,,,,,"Set torque = 0"
445197,TX,0x201,3,0x90,0x90,0x00,0x00,,,,,"Set torque = 0"
445203,RX,0x181,6,0x40,0x40,0x10,0x43,0x80,0x00,0x0B,,"Status word = 0x4310"
445210,RX,0x181,4,0x30,0x30,0x00,0x00,0x01,,,,"Speed feedback = 0 rpm"
445223,TX,0x201,3,0x90,0x90,0x00,0x00,,,,,"Set torque = 0"
445249,TX,0x201,3,0x90,0x90,0x00,0x00,,,,,"Set torque = 0"
445275,TX,0x201,3,0x90,0x90,0x00,0x00,,,,,"Set torque = 0"
445299,RX,0x181,6,0x40,0x40,0x10,0x43,0x80,0x00,0x0B,,"Status word = 0x4310"
445305,TX,0x201,3,0x90,0x90,0x00,0x00,,,,,"Set torque = 0"
445313,RX,0x181,4,0x30,0x30,0x00,0x00,0x01,,,,"Speed feedback = 0 rpm"
445333,TX,0x201,3,0x90,0x90,0x00,0x00,,,,,"Set torque = 0"
445359,TX,0x201,3,0x90,0x90,0x00,0x00,,,,,"Set torque = 0"
445385,TX,0x201,3,0x90,0x90,0x00,0x00,,,,,"Set torque = 0"
445399,RX,0x181,6,0x40,0x40,0x10,0x43,0x80,0x00,0x0B,,"Status word = 0x4310"
445405,RX,0x181,4,0x30,0x30,0x00,0x00,0x01,,,,"Speed feedback = 0 rpm"
445412,TX,0x201,3,0x90,0x90,0x00,0x00,,,,,"Set torque = 0"
445439,TX,0x201,3,0x90,0x90,0x00,0x00,,,,,"Set torque = 0"
445465,TX,0x201,3,0x90,0x90,0x00,0x00,,,,,"Set torque = 0"
445492,TX,0x201,3,0x90,0x90,0x00,0x00,,,,,"Set torque = 0"
445498,RX,0x181,6,0x40,0x40,0x10,0x43,0x80,0x00,0x0B,,"Status word = 0x4310"
445505,RX,0x181,4,0x30,0x30,0x00,0x00,0x01,,,,"Speed feedback = 0 rpm"
445518,TX,0x201,3,0x90,0x90,0x00,0x00,,,,,"Set torque = 0"
445544,TX,0x201,3,0x90,0x90,0x00,0x00,,,,,"Set torque = 0"
445570,TX,0x201,3,0x90,0x90,0x00,0x00,,,,,"Set torque = 0"
445598,TX,0x201,3,0x90,0x90,0x00,0x00,,,,,"Set torque = 0"
445604,RX,0x181,6,0x40,0x40,0x10,0x43,0x80,0x00,0x0B,,"Status word = 0x4310"
445611,RX,0x181,4,0x30,0x30,0x00,0x00,0x01,,,,"Speed feedback = 0 rpm"
445624,TX,0x201,3,0x90,0x90,0x00,0x00,,,,,"Set torque = 0"
445650,TX,0x201,3,0x90,0x90,0x00,0x00,,,,,"Set torque = 0"
445676,TX,0x201,3,0x90,0x90,0x00,0x00,,,,,"Set torque = 0"
445698,RX,0x181,6,0x40,0x40,0x10,0x43,0x80,0x00,0x0B,,"Status word = 0x4310"
445705,TX,0x201,3,0x90,0x90,0x00,0x00,,,,,"Set torque = 0"
445712,RX,0x181,4,0x30,0x30,0x00,0x00,0x01,,,,"Speed feedback = 0 rpm"
445732,TX,0x201,3,0x90,0x90,0x00,0x00,,,,,"Set torque = 0"
445758,TX,0x201,3,0x90,0x90,0x00,0x00,,,,,"Set torque = 0"
445784,TX,0x201,3,0x90,0x90,0x00,0x00,,,,,"Set torque = 0"
445798,RX,0x181,6,0x40,0x40,0x10,0x43,0x80,0x00,0x0B,,"Status word = 0x4310"
445805,RX,0x181,4,0x30,0x30,0x00,0x00,0x01,,,,"Speed feedback = 0 rpm"
445812,TX,0x201,3,0x90,0x90,0x00,0x00,,,,,"Set torque = 0"
445839,TX,0x201,3,0x90,0x90,0x00,0x00,,,,,"Set torque = 0"
445865,TX,0x201,3,0x90,0x90,0x00,0x00,,,,,"Set torque = 0"
445891,TX,0x201,3,0x90,0x90,0x00,0x00,,,,,"Set torque = 0"
445898,RX,0x181,6,0x40,0x40,0x10,0x43,0x80,0x00,0x0B,,"Status word = 0x4310"
445905,RX,0x181,4,0x30,0x30,0x00,0x00,0x01,,,,"Speed feedback = 0 rpm"
445917,TX,0x201,3,0x90,0x90,0x00,0x00,,,,,"Set torque = 0"
445944,TX,0x201,3,0x90,0x90,0x00,0x00,,,,,"Set torque = 0"
445970,TX,0x201,3,0x90,0x90,0x00,0x00,,,,,"Set torque = 0"
445996,TX,0x201,3,0x90,0x90,0x00,0x00,,,,,"Set torque = 0"
446002,RX,0x181,6,0x40,0x40,0x10,0x43,0x80,0x00,0x0B,,"Status word = 0x4310"
446009,RX,0x181,4,0x30,0x30,0x00,0x00,0x01,,,,"Speed feedback = 0 rpm"
446022,TX,0x201,3,0x90,0x90,0x00,0x00,,,,,"Set torque = 0"
446048,TX,0x201,3,0x90,0x90,0x00,0x00,,,,,"Set torque = 0"
446074,TX,0x201,3,0x90,0x90,0x00,0x00,,,,,"Set torque = 0"
446097,RX,0x181,6,0x40,0x40,0x10,0x43,0x80,0x00,0x0B,,"Status word = 0x4310"
446105,RX,0x181,4,0x30,0x30,0x00,0x00,0x01,,,,"Speed feedback = 0 rpm"
446111,TX,0x201,3,0x90,0x90,0x00,0x00,,,,,"Set torque = 0"
446138,TX,0x201,3,0x90,0x90,0x00,0x00,,,,,"Set torque = 0"
446164,TX,0x201,3,0x90,0x90,0x00,0x00,,,,,"Set torque = 0"
446190,TX,0x201,3,0x90,0x90,0x00,0x00,,,,,"Set torque = 0"
446197,RX,0x181,6,0x40,0x40,0x10,0x43,0x80,0x00,0x0B,,"Status word = 0x4310"
446204,RX,0x181,4,0x30,0x30,0x00,0x00,0x01,,,,"Speed feedback = 0 rpm"
446216,TX,0x201,3,0x90,0x90,0x00,0x00,,,,,"Set torque = 0"
446242,TX,0x201,3,0x90,0x90,0x00,0x00,,,,,"Set torque = 0"
446269,TX,0x201,3,0x90,0x90,0x00,0x00,,,,,"Set torque = 0"
446295,TX,0x201,3,0x90,0x90,0x00,0x00,,,,,"Set torque = 0"
446301,RX,0x181,6,0x40,0x40,0x10,0x43,0x80,0x00,0x0B,,"Status word = 0x4310"
446308,RX,0x181,4,0x30,0x30,0x00,0x00,0x01,,,,"Speed feedback = 0 rpm"
446321,TX,0x201,3,0x90,0x90,0x00,0x00,,,,,"Set torque = 0"
446347,TX,0x201,3,0x90,0x90,0x00,0x00,,,,,"Set torque = 0"
446373,TX,0x201,3,0x90,0x90,0x00,0x00,,,,,"Set torque = 0"
446397,RX,0x181,6,0x40,0x40,0x10,0x43,0x80,0x00,0x0B,,"Status word = 0x4310"
446404,TX,0x201,3,0x90,0x90,0x00,0x00,,,,,"Set torque = 0"
446411,RX,0x181,4,0x30,0x30,0x00,0x00,0x01,,,,"Speed feedback = 0 rpm"
446431,TX,0x201,3,0x90,0x90,0x00,0x00,,,,,"Set torque = 0"
446457,TX,0x201,3,0x90,0x90,0x00,0x00,,,,,"Set torque = 0"
446483,TX,0x201,3,0x90,0x90,0x00,0x00,,,,,"Set torque = 0"
446497,RX,0x181,6,0x40,0x40,0x10,0x43,0x80,0x00,0x0B,,"Status word = 0x4310"
446504,RX,0x181,4,0x30,0x30,0x00,0x00,0x01,,,,"Speed feedback = 0 rpm"
446511,TX,0x201,3,0x90,0x90,0x00,0x00,,,,,"Set torque = 0"
446537,TX,0x201,3,0x90,0x90,0x00,0x00,,,,,"Set torque = 0"
446563,TX,0x201,3,0x90,0x90,0x00,0x00,,,,,"Set torque = 0"
446590,TX,0x201,3,0x90,0x90,0x00,0x00,,,,,"Set torque = 0"
446597,RX,0x181,6,0x40,0x40,0x10,0x43,0x80,0x00,0x0B,,"Status word = 0x4310"
446604,RX,0x181,4,0x30,0x30,0x00,0x00,0x01,,,,"Speed feedback = 0 rpm"
446616,TX,0x201,3,0x90,0x90,0x00,0x00,,,,,"Set torque = 0"
446642,TX,0x201,3,0x90,0x90,0x00,0x00,,,,,"Set torque = 0"
446668,TX,0x201,3,0x90,0x90,0x00,0x00,,,,,"Set torque = 0"
446694,TX,0x201,3,0x90,0x90,0x00,0x00,,,,,"Set torque = 0"
446700,RX,0x181,6,0x40,0x40,0x10,0x43,0x80,0x00,0x0B,,"Status word = 0x4310"
446707,RX,0x181,4,0x30,0x30,0x00,0x00,0x01,,,,"Speed feedback = 0 rpm"
446720,TX,0x201,3,0x90,0x90,0x00,0x00,,,,,"Set torque = 0"
446746,TX,0x201,3,0x90,0x90,0x00,0x00,,,,,"Set torque = 0"
446772,TX,0x201,3,0x90,0x90,0x00,0x00,,,,,"Set torque = 0"
446796,RX,0x181,6,0x40,0x40,0x10,0x43,0x80,0x00,0x0B,,"Status word = 0x4310"
446803,TX,0x201,3,0x90,0x90,0x00,0x00,,,,,"Set torque = 0"
446810,RX,0x181,4,0x30,0x30,0x00,0x00,0x01,,,,"Speed feedback = 0 rpm"
446830,TX,0x201,3,0x90,0x90,0x00,0x00,,,,,"Set torque = 0"
446856,TX,0x201,3,0x90,0x90,0x00,0x00,,,,,"Set torque = 0"
446882,TX,0x201,3,0x90,0x90,0x00,0x00,,,,,"Set torque = 0"
446896,RX,0x181,6,0x40,0x40,0x10,0x43,0x80,0x00,0x0B,,"Status word = 0x4310"
446903,RX,0x181,4,0x30,0x30,0x00,0x00,0x01,,,,"Speed feedback = 0 rpm"
446910,TX,0x201,3,0x90,0x90,0x00,0x00,,,,,"Set torque = 0"
446937,TX,0x201,3,0x90,0x90,0x00,0x00,,,,,"Set torque = 0"
446963,TX,0x201,3,0x90,0x90,0x00,0x00,,,,,"Set torque = 0"
446989,TX,0x201,3,0x90,0x90,0x00,0x00,,,,,"Set torque = 0"
446996,RX,0x181,6,0x40,0x40,0x10,0x43,0x80,0x00,0x0B,,"Status word = 0x4310"
447003,RX,0x181,4,0x30,0x30,0x00,0x00,0x01,,,,"Speed feedback = 0 rpm"
447015,TX,0x201,3,0x90,0x90,0x00,0x00,,,,,"Set torque = 0"
447042,TX,0x201,3,0x90,0x90,0x00,0x00,,,,,"Set torque = 0"
447068,TX,0x201,3,0x90,0x90,0x00,0x00,,,,,"Set torque = 0"
447094,TX,0x201,3,0x90,0x90,0x00,0x00,,,,,"Set torque = 0"
447100,RX,0x181,6,0x40,0x40,0x10,0x43,0x80,0x00,0x0B,,"Status word = 0x4310"
447107,RX,0x181,4,0x30,0x30,0x00,0x00,0x01,,,,"Speed feedback = 0 rpm"
447120,TX,0x201,3,0x90,0x90,0x00,0x00,,,,,"Set torque = 0"
447146,TX,0x201,3,0x90,0x90,0x00,0x00,,,,,"Set torque = 0"
447172,TX,0x201,3,0x90,0x90,0x00,0x00,,,,,"Set torque = 0"
447196,RX,0x181,6,0x40,0x40,0x10,0x43,0x80,0x00,0x0B,,"Status word = 0x4310"
447203,RX,0x181,4,0x30,0x30,0x00,0x00,0x01,,,,"Speed feedback = 0 rpm"
447210,TX,0x201,3,0x90,0x90,0x00,0x00,,,,,"Set torque = 0"
447236,TX,0x201,3,0x90,0x90,0x00,0x00,,,,,"Set torque = 0"
447262,TX,0x201,3,0x90,0x90,0x00,0x00,,,,,"Set torque = 0"
447288,TX,0x201,3,0x90,0x90,0x00,0x00,,,,,"Set torque = 0"
447296,RX,0x181,6,0x40,0x40,0x10,0x43,0x80,0x00,0x0B,,"Status word = 0x4310"
447302,RX,0x181,4,0x30,0x30,0x00,0x00,0x01,,,,"Speed feedback = 0 rpm"
447314,TX,0x201,3,0x90,0x90,0x00,0x00,,,,,"Set torque = 0"
447340,TX,0x201,3,0x90,0x90,0x00,0x00,,,,,"Set torque = 0"
447367,TX,0x201,3,0x90,0x90,0x00,0x00,,,,,"Set torque = 0"
447393,TX,0x201,3,0x90,0x90,0x00,0x00,,,,,"Set torque = 0"
447399,RX,0x181,6,0x40,0x40,0x10,0x43,0x80,0x00,0x0B,,"Status word = 0x4310"
447406,RX,0x181,4,0x30,0x30,0x00,0x00,0x01,,,,"Speed feedback = 0 rpm"
447419,TX,0x201,3,0x90,0x90,0x00,0x00,,,,,"Set torque = 0"
447445,TX,0x201,3,0x90,0x90,0x00,0x00,,,,,"Set torque = 0"
447471,TX,0x201,3,0x90,0x90,0x00,0x00,,,,,"Set torque = 0"
447495,RX,0x181,6,0x40,0x40,0x10,0x43,0x80,0x00,0x0B,,"Status word = 0x4310"
447502,TX,0x201,3,0x90,0x90,0x00,0x00,,,,,"Set torque = 0"
447509,RX,0x181,4,0x30,0x30,0x00,0x00,0x01,,,,"Speed feedback = 0 rpm"
447529,TX,0x201,3,0x90,0x90,0x00,0x00,,,,,"Set torque = 0"
447555,TX,0x201,3,0x90,0x90,0x00,0x00,,,,,"Set torque = 0"
447581,TX,0x201,3,0x90,0x90,0x00,0x00,,,,,"Set torque = 0"
447595,RX,0x181,6,0x40,0x40,0x10,0x43,0x80,0x00,0x0B,,"Status word = 0x4310"
447602,RX,0x181,4,0x30,0x30,0x00,0x00,0x01,,,,"Speed feedback = 0 rpm"
447609,TX,0x201,3,0x90,0x90,0x00,0x00,,,,,"Set torque = 0"
447636,TX,0x201,3,0x90,0x90,0x00,0x00,,,,,"Set torque = 0"
447662,TX,0x201,3,0x90,0x90,0x00,0x00,,,,,"Set torque = 0"
447689,TX,0x201,3,0x90,0x90,0x00,0x00,,,,,"Set torque = 0"
447695,RX,0x181,6,0x40,0x40,0x10,0x43,0x80,0x00,0x0B,,"Status word = 0x4310"
447702,RX,0x181,4,0x30,0x30,0x00,0x00,0x01,,,,"Speed feedback = 0 rpm"
447715,TX,0x201,3,0x90,0x90,0x00,0x00,,,,,"Set torque = 0"
447741,TX,0x201,3,0x90,0x90,0x00,0x00,,,,,"Set torque = 0"
447767,TX,0x201,3,0x90,0x90,0x00,0x00,,,,,"Set torque = 0"
447793,TX,0x201,3,0x90,0x90,0x00,0x00,,,,,"Set torque = 0"
447799,RX,0x181,6,0x40,0x40,0x10,0x43,0x80,0x00,0x0B,,"Status word = 0x4310"
447806,RX,0x181,4,0x30,0x30,0x00,0x00,0x01,,,,"Speed feedback = 0 rpm"
447819,TX,0x201,3,0x90,0x90,0x00,0x00,,,,,"Set torque = 0"
447845,TX,0x201,3,0x90,0x90,0x00,0x00,,,,,"Set torque = 0"
447871,TX,0x201,3,0x90,0x90,0x00,0x00,,,,,"Set torque = 0"
447895,RX,0x181,6,0x40,0x40,0x10,0x43,0x80,0x00,0x0B,,"Status word = 0x4310"
447901,TX,0x201,3,0x90,0x90,0x00,0x00,,,,,"Set torque = 0"
447908,RX,0x181,4,0x30,0x30,0x00,0x00,0x01,,,,"Speed feedback = 0 rpm"
447928,TX,0x201,3,0x90,0x90,0x00,0x00,,,,,"Set torque = 0"
447954,TX,0x201,3,0x90,0x90,0x00,0x00,,,,,"Set torque = 0"
447980,TX,0x201,3,0x90,0x90,0x00,0x00,,,,,"Set torque = 0"
447994,RX,0x181,6,0x40,0x40,0x10,0x43,0x80,0x00,0x0B,,"Status word = 0x4310"
448002,RX,0x181,4,0x30,0x30,0x00,0x00,0x01,,,,"Speed feedback = 0 rpm"
448009,TX,0x201,3,0x90,0x90,0x00,0x00,,,,,"Set torque = 0"
448036,TX,0x201,3,0x90,0x90,0x00,0x00,,,,,"Set torque = 0"
448062,TX,0x201,3,0x90,0x90,0x00,0x00,,,,,"Set torque = 0"
448088,TX,0x201,3,0x90,0x90,0x00,0x00,,,,,"Set torque = 0"
448094,RX,0x181,6,0x40,0x40,0x10,0x43,0x80,0x00,0x0B,,"Status word = 0x4310"
448101,RX,0x181,4,0x30,0x30,0x00,0x00,0x01,,,,"Speed feedback = 0 rpm"
448114,TX,0x201,3,0x90,0x90,0x00,0x00,,,,,"Set torque = 0"
448140,TX,0x201,3,0x90,0x90,0x00,0x00,,,,,"Set torque = 0"
448166,TX,0x201,3,0x90,0x90,0x00,0x00,,,,,"Set torque = 0"
448192,TX,0x201,3,0x90,0x90,0x00,0x00,,,,,"Set torque = 0"
448198,RX,0x181,6,0x40,0x40,0x10,0x43,0x80,0x00,0x0B,,"Status word = 0x4310"
448205,RX,0x181,4,0x30,0x30,0x00,0x00,0x01,,,,"Speed feedback = 0 rpm"
448218,TX,0x201,3,0x90,0x90,0x00,0x00,,,,,"Set torque = 0"
448244,TX,0x201,3,0x90,0x90,0x00,0x00,,,,,"Set torque = 0"
448270,TX,0x201,3,0x90,0x90,0x00,0x00,,,,,"Set torque = 0"
448294,RX,0x181,6,0x40,0x40,0x10,0x43,0x80,0x00,0x0B,,"Status word = 0x4310"
448301,TX,0x201,3,0x90,0x90,0x00,0x00,,,,,"Set torque = 0"
448307,RX,0x181,4,0x30,0x30,0x00,0x00,0x01,,,,"Speed feedback = 0 rpm"
448327,TX,0x201,3,0x90,0x90,0x00,0x00,,,,,"Set torque = 0"
448353,TX,0x201,3,0x90,0x90,0x00,0x00,,,,,"Set torque = 0"
448379,TX,0x201,3,0x90,0x90,0x00,0x00,,,,,"Set torque = 0"
448394,RX,0x181,6,0x40,0x40,0x10,0x43,0x80,0x00,0x0B,,"Status word = 0x4310"
448401,RX,0x181,4,0x30,0x30,0x00,0x00,0x01,,,,"Speed feedback = 0 rpm"
448408,TX,0x201,3,0x90,0x90,0x00,0x00,,,,,"Set torque = 0"
448435,TX,0x201,3,0x90,0x90,0x00,0x00,,,,,"Set torque = 0"
448461,TX,0x201,3,0x90,0x90,0x00,0x00,,,,,"Set torque = 0"
448487,TX,0x201,3,0x90,0x90,0x00,0x00,,,,,"Set torque = 0"
448494,RX,0x181,6,0x40,0x40,0x10,0x43,0x80,0x00,0x0B,,"Status word = 0x4310"
448501,RX,0x181,4,0x30,0x30,0x00,0x00,0x01,,,,"Speed feedback = 0 rpm"
448513,TX,0x201,3,0x90,0x90,0x00,0x00,,,,,"Set torque = 0"
448539,TX,0x201,3,0x90,0x90,0x00,0x00,,,,,"Set torque = 0"
448565,TX,0x201,3,0x90,0x90,0x00,0x00,,,,,"Set torque = 0"
448591,TX,0x201,3,0x90,0x90,0x00,0x00,,,,,"Set torque = 0"
448598,RX,0x181,6,0x40,0x40,0x10,0x43,0x80,0x00,0x0B,,"Status word = 0x4310"
448604,RX,0x181,4,0x30,0x30,0x00,0x00,0x01,,,,"Speed feedback = 0 rpm"
448618,TX,0x201,3,0x90,0x90,0x00,0x00,,,,,"Set torque = 0"
448644,TX,0x201,3,0x90,0x90,0x00,0x00,,,,,"Set torque = 0"
448670,TX,0x201,3,0x90,0x90,0x00,0x00,,,,,"Set torque = 0"
448693,RX,0x181,6,0x40,0x40,0x10,0x43,0x80,0x00,0x0B,,"Status word = 0x4310"
448700,TX,0x201,3,0x90,0x90,0x00,0x00,,,,,"Set torque = 0"
448707,RX,0x181,4,0x30,0x30,0x00,0x00,0x01,,,,"Speed feedback = 0 rpm"
448727,TX,0x201,3,0x90,0x90,0x00,0x00,,,,,"Set torque = 0"
448754,TX,0x201,3,0x90,0x90,0x00,0x00,,,,,"Set torque = 0"
448780,TX,0x201,3,0x90,0x90,0x00,0x00,,,,,"Set torque = 0"
448793,RX,0x181,6,0x40,0x40,0x10,0x43,0x80,0x00,0x0B,,"Status word = 0x4310"
448800,RX,0x181,4,0x30,0x30,0x00,0x00,0x01,,,,"Speed feedback = 0 rpm"
448807,TX,0x201,3,0x90,0x90,0x00,0x00,,,,,"Set torque = 0"
448834,TX,0x201,3,0x90,0x90,0x00,0x00,,,,,"Set torque = 0"
448860,TX,0x201,3,0x90,0x90,0x00,0x00,,,,,"Set torque = 0"
448886,TX,0x201,3,0x90,0x90,0x00,0x00,,,,,"Set torque = 0"
448893,RX,0x181,6,0x40,0x40,0x10,0x43,0x80,0x00,0x0B,,"Status word = 0x4310"
448901,RX,0x181,4,0x30,0x30,0x00,0x00,0x01,,,,"Speed feedback = 0 rpm"
448912,TX,0x201,3,0x90,0x90,0x00,0x00,,,,,"Set torque = 0"
448938,TX,0x201,3,0x90,0x90,0x00,0x00,,,,,"Set torque = 0"
448964,TX,0x201,3,0x90,0x90,0x00,0x00,,,,,"Set torque = 0"
448990,TX,0x201,3,0x90,0x90,0x00,0x00,,,,,"Set torque = 0"
448996,RX,0x181,6,0x40,0x40,0x10,0x43,0x80,0x00,0x0B,,"Status word = 0x4310"
449003,RX,0x181,4,0x30,0x30,0x00,0x00,0x01,,,,"Speed feedback = 0 rpm"
449016,TX,0x201,3,0x90,0x90,0x00,0x00,,,,,"Set torque = 0"
449042,TX,0x201,3,0x90,0x90,0x00,0x00,,,,,"Set torque = 0"
449069,TX,0x201,3,0x90,0x90,0x00,0x00,,,,,"Set torque = 0"
449093,RX,0x181,6,0x40,0x40,0x10,0x43,0x80,0x00,0x0B,,"Status word = 0x4310"
449102,RX,0x181,4,0x30,0x30,0x00,0x00,0x01,,,,"Speed feedback = 0 rpm"
449109,TX,0x201,3,0x90,0x90,0x00,0x00,,,,,"Set torque = 0"
449136,TX,0x201,3,0x90,0x90,0x00,0x00,,,,,"Set torque = 0"
449162,TX,0x201,3,0x90,0x90,0x00,0x00,,,,,"Set torque = 0"
449188,TX,0x201,3,0x90,0x90,0x00,0x00,,,,,"Set torque = 0"
449194,RX,0x181,6,0x40,0x40,0x10,0x43,0x80,0x00,0x0B,,"Status word = 0x4310"
449201,RX,0x181,4,0x30,0x30,0x00,0x00,0x01,,,,"Speed feedback = 0 rpm"
449214,TX,0x201,3,0x90,0x90,0x00,0x00,,,,,"Set torque = 0"
449240,TX,0x201,3,0x90,0x90,0x00,0x00,,,,,"Set torque = 0"
449266,TX,0x201,3,0x90,0x90,0x00,0x00,,,,,"Set torque = 0"
449292,TX,0x201,3,0x90,0x90,0x00,0x00,,,,,"Set torque = 0"
449298,RX,0x181,6,0x40,0x40,0x10,0x43,0x80,0x00,0x0B,,"Status word = 0x4310"
449305,RX,0x181,4,0x30,0x30,0x00,0x00,0x01,,,,"Speed feedback = 0 rpm"
449318,TX,0x201,3,0x90,0x90,0x00,0x00,,,,,"Set torque = 0"
449344,TX,0x201,3,0x90,0x90,0x00,0x00,,,,,"Set torque = 0"
449371,TX,0x201,3,0x90,0x90,0x00,0x00,,,,,"Set torque = 0"
449392,RX,0x181,6,0x40,0x40,0x10,0x43,0x80,0x00,0x0B,,"Status word = 0x4310"
449399,TX,0x201,3,0x90,0x90,0x00,0x00,,,,,"Set torque = 0"
449406,RX,0x181,4,0x30,0x30,0x00,0x00,0x01,,,,"Speed feedback = 0 rpm"
449426,TX,0x201,3,0x90,0x90,0x00,0x00,,,,,"Set torque = 0"
449452,TX,0x201,3,0x90,0x90,0x00,0x00,,,,,"Set torque = 0"
449478,TX,0x201,3,0x90,0x90,0x00,0x00,,,,,"Set torque = 0"
449492,RX,0x181,6,0x40,0x40,0x10,0x43,0x80,0x00,0x0B,,"Status word = 0x4310"
449499,RX,0x181,4,0x30,0x30,0x00,0x00,0x01,,,,"Speed feedback = 0 rpm"
449506,TX,0x201,3,0x90,0x90,0x00,0x00,,,,,"Set torque = 0"
449533,TX,0x201,3,0x90,0x90,0x00,0x00,,,,,"Set torque = 0"
449559,TX,0x201,3,0x90,0x90,0x00,0x00,,,,,"Set torque = 0"
449585,TX,0x201,3,0x90,0x90,0x00,0x00,,,,,"Set torque = 0"
449592,RX,0x181,6,0x40,0x40,0x10,0x43,0x80,0x00,0x0B,,"Status word = 0x4310"
449599,RX,0x181,4,0x30,0x30,0x00,0x00,0x01,,,,"Speed feedback = 0 rpm"
449611,TX,0x201,3,0x90,0x90,0x00,0x00,,,,,"Set torque = 0"
449637,TX,0x201,3,0x90,0x90,0x00,0x00,,,,,"Set torque = 0"
449663,TX,0x201,3,0x90,0x90,0x00,0x00,,,,,"Set torque = 0"
449690,TX,0x201,3,0x90,0x90,0x00,0x00,,,,,"Set torque = 0"
449696,RX,0x181,6,0x40,0x40,0x10,0x43,0x80,0x00,0x0B,,"Status word = 0x4310"
449703,RX,0x181,4,0x30,0x30,0x00,0x00,0x01,,,,"Speed feedback = 0 rpm"
449716,TX,0x201,3,0x90,0x90,0x00,0x00,,,,,"Set torque = 0"
449742,TX,0x201,3,0x90,0x90,0x00,0x00,,,,,"Set torque = 0"
449768,TX,0x201,3,0x90,0x90,0x00,0x00,,,,,"Set torque = 0"
449792,RX,0x181,6,0x40,0x40,0x10,0x43,0x80,0x00,0x0B,,"Status word = 0x4310"
449798,TX,0x201,3,0x90,0x90,0x00,0x00,,,,,"Set torque = 0"
449805,RX,0x181,4,0x30,0x30,0x00,0x00,0x01,,,,"Speed feedback = 0 rpm"
449825,TX,0x201,3,0x90,0x90,0x00,0x00,,,,,"Set torque = 0"
449851,TX,0x201,3,0x90,0x90,0x00,0x00,,,,,"Set torque = 0"
449877,TX,0x201,3,0x90,0x90,0x00,0x00,,,,,"Set torque = 0"
449891,RX,0x181,6,0x40,0x40,0x10,0x43,0x80,0x00,0x0B,,"Status word = 0x4310"
449898,RX,0x181,4,0x30,0x30,0x00,0x00,0x01,,,,"Speed feedback = 0 rpm"
449905,TX,0x201,3,0x90,0x90,0x00,0x00,,,,,"Set torque = 0"
449932,TX,0x201,3,0x90,0x90,0x00,0x00,,,,,"Set torque = 0"
449958,TX,0x201,3,0x90,0x90,0x00,0x00,,,,,"Set torque = 0"
449984,TX,0x201,3,0x90,0x90,0x00,0x00,,,,,"Set torque = 0"
449991,RX,0x181,6,0x40,0x40,0x10,0x43,0x80,0x00,0x0B,,"Status word = 0x4310"
449998,RX,0x181,4,0x30,0x30,0x00,0x00,0x01,,,,"Speed feedback = 0 rpm"
450011,TX,0x201,3,0x90,0x90,0x00,0x00,,,,,"Set torque = 0"
450037,TX,0x201,3,0x90,0x90,0x00,0x00,,,,,"Set torque = 0"
450063,TX,0x201,3,0x90,0x90,0x00,0x00,,,,,"Set torque = 0"
450089,TX,0x201,3,0x90,0x90,0x00,0x00,,,,,"Set torque = 0"
450095,RX,0x181,6,0x40,0x40,0x10,0x43,0x80,0x00,0x0B,,"Status word = 0x4310"
450102,RX,0x181,4,0x30,0x30,0x00,0x00,0x01,,,,"Speed feedback = 0 rpm"
450115,TX,0x201,3,0x90,0x90,0x00,0x00,,,,,"Set torque = 0"
450142,TX,0x201,3,0x90,0x90,0x00,0x00,,,,,"Set torque = 0"
450168,TX,0x201,3,0x90,0x90,0x00,0x00,,,,,"Set torque = 0"
450191,RX,0x181,6,0x40,0x40,0x10,0x43,0x80,0x00,0x0B,,"Status word = 0x4310"
450198,TX,0x201,3,0x90,0x90,0x00,0x00,,,,,"Set torque = 0"
450204,RX,0x181,4,0x30,0x30,0x00,0x00,0x01,,,,"Speed feedback = 0 rpm"
450224,TX,0x201,3,0x90,0x90,0x00,0x00,,,,,"Set torque = 0"
450250,TX,0x201,3,0x90,0x90,0x00,0x00,,,,,"Set torque = 0"
450276,TX,0x201,3,0x90,0x90,0x00,0x00,,,,,"Set torque = 0"
450291,RX,0x181,6,0x40,0x40,0x10,0x43,0x80,0x00,0x0B,,"Status word = 0x4310"
450298,RX,0x181,4,0x30,0x30,0x00,0x00,0x01,,,,"Speed feedback = 0 rpm"
450305,TX,0x201,3,0x90,0x90,0x00,0x00,,,,,"Set torque = 0"
450331,TX,0x201,3,0x90,0x90,0x00,0x00,,,,,"Set torque = 0"
450357,TX,0x201,3,0x90,0x90,0x00,0x00,,,,,"Set torque = 0"
450383,TX,0x201,3,0x90,0x90,0x00,0x00,,,,,"Set torque = 0"
450391,RX,0x181,6,0x40,0x40,0x10,0x43,0x80,0x00,0x0B,,"Status word = 0x4310"
450398,RX,0x181,4,0x30,0x30,0x00,0x00,0x01,,,,"Speed feedback = 0 rpm"
450409,TX,0x201,3,0x90,0x90,0x00,0x00,,,,,"Set torque = 0"
450435,TX,0x201,3,0x90,0x90,0x00,0x00,,,,,"Set torque = 0"
450462,TX,0x201,3,0x90,0x90,0x00,0x00,,,,,"Set torque = 0"
450488,TX,0x201,3,0x90,0x90,0x00,0x00,,,,,"Set torque = 0"
450494,RX,0x181,6,0x40,0x40,0x10,0x43,0x80,0x00,0x0B,,"Status word = 0x4310"
450501,RX,0x181,4,0x30,0x30,0x00,0x00,0x01,,,,"Speed feedback = 0 rpm"
450514,TX,0x201,3,0x90,0x90,0x00,0x00,,,,,"Set torque = 0"
450540,TX,0x201,3,0x90,0x90,0x00,0x00,,,,,"Set torque = 0"
450566,TX,0x201,3,0x90,0x90,0x00,0x00,,,,,"Set torque = 0"
450590,RX,0x181,6,0x40,0x40,0x10,0x43,0x80,0x00,0x0B,,"Status word = 0x4310"
450597,TX,0x201,3,0x90,0x90,0x00,0x00,,,,,"Set torque = 0"
450604,RX,0x181,4,0x30,0x30,0x00,0x00,0x01,,,,"Speed feedback = 0 rpm"
450624,TX,0x201,3,0x90,0x90,0x00,0x00,,,,,"Set torque = 0"
450650,TX,0x201,3,0x90,0x90,0x00,0x00,,,,,"Set torque = 0"
450676,TX,0x201,3,0x90,0x90,0x00,0x00,,,,,"Set torque = 0"
450690,RX,0x181,6,0x40,0x40,0x10,0x43,0x80,0x00,0x0B,,"Status word = 0x4310"
450697,RX,0x181,4,0x30,0x30,0x00,0x00,0x01,,,,"Speed feedback = 0 rpm"
450704,TX,0x201,3,0x90,0x90,0x00,0x00,,,,,"Set torque = 0"
450731,TX,0x201,3,0x90,0x90,0x00,0x00,,,,,"Set torque = 0"
450757,TX,0x201,3,0x90,0x90,0x00,0x00,,,,,"Set torque = 0"
450784,TX,0x201,3,0x90,0x90,0x00,0x00,,,,,"Set torque = 0"
450790,RX,0x181,6,0x40,0x40,0x10,0x43,0x80,0x00,0x0B,,"Status word = 0x4310"
450797,RX,0x181,4,0x30,0x30,0x00,0x00,0x01,,,,"Speed feedback = 0 rpm"
450810,TX,0x201,3,0x90,0x90,0x00,0x00,,,,,"Set torque = 0"
450836,TX,0x201,3,0x90,0x90,0x00,0x00,,,,,"Set torque = 0"
450862,TX,0x201,3,0x90,0x90,0x00,0x00,,,,,"Set torque = 0"
450888,TX,0x201,3,0x90,0x90,0x00,0x00,,,,,"Set torque = 0"
450894,RX,0x181,6,0x40,0x40,0x10,0x43,0x80,0x00,0x0B,,"Status word = 0x4310"
450901,RX,0x181,4,0x30,0x30,0x00,0x00,0x01,,,,"Speed feedback = 0 rpm"
450914,TX,0x201,3,0x90,0x90,0x00,0x00,,,,,"Set torque = 0"
450940,TX,0x201,3,0x90,0x90,0x00,0x00,,,,,"Set torque = 0"
450966,TX,0x201,3,0x90,0x90,0x00,0x00,,,,,"Set torque = 0"
450990,RX,0x181,6,0x40,0x40,0x10,0x43,0x80,0x00,0x0B,,"Status word = 0x4310"
450996,TX,0x201,3,0x90,0x90,0x00,0x00,,,,,"Set torque = 0"
451003,RX,0x181,4,0x30,0x30,0x00,0x00,0x01,,,,"Speed feedback = 0 rpm"
451023,TX,0x201,3,0x90,0x90,0x00,0x00,,,,,"Set torque = 0"
451049,TX,0x201,3,0x90,0x90,0x00,0x00,,,,,"Set torque = 0"
451075,TX,0x201,3,0x90,0x90,0x00,0x00,,,,,"Set torque = 0"
451090,RX,0x181,6,0x40,0x40,0x10,0x43,0x80,0x00,0x0B,,"Status word = 0x4310"
451096,RX,0x181,4,0x30,0x30,0x00,0x00,0x01,,,,"Speed feedback = 0 rpm"
451103,TX,0x201,3,0x90,0x90,0x00,0x00,,,,,"Set torque = 0"
451130,TX,0x201,3,0x90,0x90,0x00,0x00,,,,,"Set torque = 0"
451156,TX,0x201,3,0x90,0x90,0x00,0x00,,,,,"Set torque = 0"
451182,TX,0x201,3,0x90,0x90,0x00,0x00,,,,,"Set torque = 0"
451189,RX,0x181,6,0x40,0x40,0x10,0x43,0x80,0x00,0x0B,,"Status word = 0x4310"
451196,RX,0x181,4,0x30,0x30,0x00,0x00,0x01,,,,"Speed feedback = 0 rpm"
451208,TX,0x201,3,0x90,0x90,0x00,0x00,,,,,"Set torque = 0"
451235,TX,0x201,3,0x90,0x90,0x00,0x00,,,,,"Set torque = 0"
451261,TX,0x201,3,0x90,0x90,0x00,0x00,,,,,"Set torque = 0"
451287,TX,0x201,3,0x90,0x90,0x00,0x00,,,,,"Set torque = 0"
451293,RX,0x181,6,0x40,0x40,0x10,0x43,0x80,0x00,0x0B,,"Status word = 0x4310"
451300,RX,0x181,4,0x30,0x30,0x00,0x00,0x01,,,,"Speed feedback = 0 rpm"
451313,TX,0x201,3,0x90,0x90,0x00,0x00,,,,,"Set torque = 0"
451339,TX,0x201,3,0x90,0x90,0x00,0x00,,,,,"Set torque = 0"
451365,TX,0x201,3,0x90,0x90,0x00,0x00,,,,,"Set torque = 0"
451389,RX,0x181,6,0x40,0x40,0x10,0x43,0x80,0x00,0x0B,,"Status word = 0x4310"
451396,RX,0x181,4,0x30,0x30,0x00,0x00,0x01,,,,"Speed feedback = 0 rpm"
451403,TX,0x201,3,0x90,0x90,0x00,0x00,,,,,"Set torque = 0"
451430,TX,0x201,3,0x90,0x90,0x00,0x00,,,,,"Set torque = 0"
451456,TX,0x201,3,0x90,0x90,0x00,0x00,,,,,"Set torque = 0"
451482,TX,0x201,3,0x90,0x90,0x00,0x00,,,,,"Set torque = 0"
451489,RX,0x181,6,0x40,0x40,0x10,0x43,0x80,0x00,0x0B,,"Status word = 0x4310"
451496,RX,0x181,4,0x30,0x30,0x00,0x00,0x01,,,,"Speed feedback = 0 rpm"
451508,TX,0x201,3,0x90,0x90,0x00,0x00,,,,,"Set torque = 0"
451534,TX,0x201,3,0x90,0x90,0x00,0x00,,,,,"Set torque = 0"
451561,TX,0x201,3,0x90,0x90,0x00,0x00,,,,,"Set torque = 0"
451587,TX,0x201,3,0x90,0x90,0x00,0x00,,,,,"Set torque = 0"
451593,RX,0x181,6,0x40,0x40,0x10,0x43,0x80,0x00,0x0B,,"Status word = 0x4310"
451600,RX,0x181,4,0x30,0x30,0x00,0x00,0x01,,,,"Speed feedback = 0 rpm"
451613,TX,0x201,3,0x90,0x90,0x00,0x00,,,,,"Set torque = 0"
451639,TX,0x201,3,0x90,0x90,0x00,0x00,,,,,"Set torque = 0"
451665,TX,0x201,3,0x90,0x90,0x00,0x00,,,,,"Set torque = 0"
451689,RX,0x181,6,0x40,0x40,0x10,0x43,0x80,0x00,0x0B,,"Status word = 0x4310"
451695,TX,0x201,3,0x90,0x90,0x00,0x00,,,,,"Set torque = 0"
451702,RX,0x181,4,0x30,0x30,0x00,0x00,0x01,,,,"Speed feedback = 0 rpm"
451722,TX,0x201,3,0x90,0x90,0x00,0x00,,,,,"Set torque = 0"
451748,TX,0x201,3,0x90,0x90,0x00,0x00,,,,,"Set torque = 0"
451774,TX,0x201,3,0x90,0x90,0x00,0x00,,,,,"Set torque = 0"
451788,RX,0x181,6,0x40,0x40,0x10,0x43,0x80,0x00,0x0B,,"Status word = 0x4310"
451795,RX,0x181,4,0x30,0x30,0x00,0x00,0x01,,,,"Speed feedback = 0 rpm"
451802,TX,0x201,3,0x90,0x90,0x00,0x00,,,,,"Set torque = 0"
451829,TX,0x201,3,0x90,0x90,0x00,0x00,,,,,"Set torque = 0"
451855,TX,0x201,3,0x90,0x90,0x00,0x00,,,,,"Set torque = 0"
451882,TX,0x201,3,0x90,0x90,0x00,0x00,,,,,"Set torque = 0"
451888,RX,0x181,6,0x40,0x40,0x10,0x43,0x80,0x00,0x0B,,"Status word = 0x4310"
451895,RX,0x181,4,0x30,0x30,0x00,0x00,0x01,,,,"Speed feedback = 0 rpm"
451908,TX,0x201,3,0x90,0x90,0x00,0x00,,,,,"Set torque = 0"
451934,TX,0x201,3,0x90,0x90,0x00,0x00,,,,,"Set torque = 0"
451960,TX,0x201,3,0x90,0x90,0x00,0x00,,,,,"Set torque = 0"
451986,TX,0x201,3,0x90,0x90,0x00,0x00,,,,,"Set torque = 0"
451992,RX,0x181,6,0x40,0x40,0x10,0x43,0x80,0x00,0x0B,,"Status word = 0x4310"
451999,RX,0x181,4,0x30,0x30,0x00,0x00,0x01,,,,"Speed feedback = 0 rpm"
452012,TX,0x201,3,0x90,0x90,0x00,0x00,,,,,"Set torque = 0"
452038,TX,0x201,3,0x90,0x90,0x00,0x00,,,,,"Set torque = 0"
452064,TX,0x201,3,0x90,0x90,0x00,0x00,,,,,"Set torque = 0"
452088,RX,0x181,6,0x40,0x40,0x10,0x43,0x80,0x00,0x0B,,"Status word = 0x4310"
452095,TX,0x201,3,0x90,0x90,0x00,0x00,,,,,"Set torque = 0"
452102,RX,0x181,4,0x30,0x30,0x00,0x00,0x01,,,,"Speed feedback = 0 rpm"
452122,TX,0x201,3,0x90,0x90,0x00,0x00,,,,,"Set torque = 0"
452148,TX,0x201,3,0x90,0x90,0x00,0x00,,,,,"Set torque = 0"
452174,TX,0x201,3,0x90,0x90,0x00,0x00,,,,,"Set torque = 0"
452188,RX,0x181,6,0x40,0x40,0x10,0x43,0x80,0x00,0x0B,,"Status word = 0x4310"
452195,RX,0x181,4,0x30,0x30,0x00,0x00,0x01,,,,"Speed feedback = 0 rpm"
452202,TX,0x201,3,0x90,0x90,0x00,0x00,,,,,"Set torque = 0"
452230,TX,0x201,3,0x90,0x90,0x00,0x00,,,,,"Set torque = 0"
452256,TX,0x201,3,0x90,0x90,0x00,0x00,,,,,"Set torque = 0"
452282,TX,0x201,3,0x90,0x90,0x00,0x00,,,,,"Set torque = 0"
452288,RX,0x181,6,0x40,0x40,0x10,0x43,0x80,0x00,0x0B,,"Status word = 0x4310"
452295,RX,0x181,4,0x30,0x30,0x00,0x00,0x01,,,,"Speed feedback = 0 rpm"
452308,TX,0x201,3,0x90,0x90,0x00,0x00,,,,,"Set torque = 0"
452335,TX,0x201,3,0x90,0x90,0x00,0x00,,,,,"Set torque = 0"
452361,TX,0x201,3,0x90,0x90,0x00,0x00,,,,,"Set torque = 0"
452387,RX,0x181,6,0x40,0x40,0x10,0x43,0x80,0x00,0x0B,,"Status word = 0x4310"
452394,TX,0x201,3,0x90,0x90,0x00,0x00,,,,,"Set torque = 0"
452401,RX,0x181,4,0x30,0x30,0x00,0x00,0x01,,,,"Speed feedback = 0 rpm"
452421,TX,0x201,3,0x90,0x90,0x00,0x00,,,,,"Set torque = 0"
452447,TX,0x201,3,0x90,0x90,0x00,0x00,,,,,"Set torque = 0"
452473,TX,0x201,3,0x90,0x90,0x00,0x00,,,,,"Set torque = 0"
452487,RX,0x181,6,0x40,0x40,0x10,0x43,0x80,0x00,0x0B,,"Status word = 0x4310"
452494,RX,0x181,4,0x30,0x30,0x00,0x00,0x01,,,,"Speed feedback = 0 rpm"
452501,TX,0x201,3,0x90,0x90,0x00,0x00,,,,,"Set torque = 0"
452528,TX,0x201,3,0x90,0x90,0x00,0x00,,,,,"Set torque = 0"
452554,TX,0x201,3,0x90,0x90,0x00,0x00,,,,,"Set torque = 0"
452580,TX,0x201,3,0x90,0x90,0x00,0x00,,,,,"Set torque = 0"
452587,RX,0x181,6,0x40,0x40,0x10,0x43,0x80,0x00,0x0B,,"Status word = 0x4310"
452594,RX,0x181,4,0x30,0x30,0x00,0x00,0x01,,,,"Speed feedback = 0 rpm"
452606,TX,0x201,3,0x90,0x90,0x00,0x00,,,,,"Set torque = 0"
452632,TX,0x201,3,0x90,0x90,0x00,0x00,,,,,"Set torque = 0"
452659,TX,0x201,3,0x90,0x90,0x00,0x00,,,,,"Set torque = 0"
452685,TX,0x201,3,0x90,0x90,0x00,0x00,,,,,"Set torque = 0"
452691,RX,0x181,6,0x40,0x40,0x10,0x43,0x80,0x00,0x0B,,"Status word = 0x4310"
452698,RX,0x181,4,0x30,0x30,0x00,0x00,0x01,,,,"Speed feedback = 0 rpm"
452711,TX,0x201,3,0x90,0x90,0x00,0x00,,,,,"Set torque = 0"
452737,TX,0x201,3,0x90,0x90,0x00,0x00,,,,,"Set torque = 0"
452763,TX,0x201,3,0x90,0x90,0x00,0x00,,,,,"Set torque = 0"
452787,RX,0x181,6,0x40,0x40,0x10,0x43,0x80,0x00,0x0B,,"Status word = 0x4310"
452794,TX,0x201,3,0x90,0x90,0x00,0x00,,,,,"Set torque = 0"
452801,RX,0x181,4,0x30,0x30,0x00,0x00,0x01,,,,"Speed feedback = 0 rpm"
452821,TX,0x201,3,0x90,0x90,0x00,0x00,,,,,"Set torque = 0"
452847,TX,0x201,3,0x90,0x90,0x00,0x00,,,,,"Set torque = 0"
452873,TX,0x201,3,0x90,0x90,0x00,0x00,,,,,"Set torque = 0"
452887,RX,0x181,6,0x40,0x40,0x10,0x43,0x80,0x00,0x0B,,"Status word = 0x4310"
452894,RX,0x181,4,0x30,0x30,0x00,0x00,0x01,,,,"Speed feedback = 0 rpm"
452900,TX,0x201,3,0x90,0x90,0x00,0x00,,,,,"Set torque = 0"
452927,TX,0x201,3,0x90,0x90,0x00,0x00,,,,,"Set torque = 0"
452953,TX,0x201,3,0x90,0x90,0x00,0x00,,,,,"Set torque = 0"
452980,TX,0x201,3,0x90,0x90,0x00,0x00,,,,,"Set torque = 0"
452987,RX,0x181,6,0x40,0x40,0x10,0x43,0x80,0x00,0x0B,,"Status word = 0x4310"
452993,RX,0x181,4,0x30,0x30,0x00,0x00,0x01,,,,"Speed feedback = 0 rpm"
453006,TX,0x201,3,0x90,0x90,0x00,0x00,,,,,"Set torque = 0"
453032,TX,0x201,3,0x90,0x90,0x00,0x00,,,,,"Set torque = 0"
453058,TX,0x201,3,0x90,0x90,0x00,0x00,,,,,"Set torque = 0"
453082,TX,0x201,3,0x90,0x90,0x00,0x00,,,,,"Set torque = 0"
453088,RX,0x181,6,0x40,0x40,0x10,0x43,0x80,0x00,0x0B,,"Status word = 0x4310"
453095,RX,0x181,4,0x30,0x30,0x00,0x00,0x01,,,,"Speed feedback = 0 rpm"
453108,TX,0x201,3,0x90,0x90,0x00,0x00,,,,,"Set torque = 0"
453134,TX,0x201,3,0x90,0x90,0x00,0x00,,,,,"Set torque = 0"
453160,TX,0x201,3,0x90,0x90,0x00,0x00,,,,,"Set torque = 0"
453186,TX,0x201,3,0x90,0x90,0x00,0x00,,,,,"Set torque = 0"
453192,RX,0x181,6,0x40,0x40,0x10,0x43,0x80,0x00,0x0B,,"Status word = 0x4310"
453199,RX,0x181,4,0x30,0x30,0x00,0x00,0x01,,,,"Speed feedback = 0 rpm"
453212,TX,0x201,3,0x90,0x90,0x00,0x00,,,,,"Set torque = 0"
453238,TX,0x201,3,0x90,0x90,0x00,0x00,,,,,"Set torque = 0"
453264,TX,0x201,3,0x90,0x90,0x00,0x00,,,,,"Set torque = 0"
453286,RX,0x181,6,0x40,0x40,0x10,0x43,0x80,0x00,0x0B,,"Status word = 0x4310"
453293,TX,0x201,3,0x90,0x90,0x00,0x00,,,,,"Set torque = 0"
453300,RX,0x181,4,0x30,0x30,0x00,0x00,0x01,,,,"Speed feedback = 0 rpm"
453320,TX,0x201,3,0x90,0x90,0x00,0x00,,,,,"Set torque = 0"
453346,TX,0x201,3,0x90,0x90,0x00,0x00,,,,,"Set torque = 0"
453372,TX,0x201,3,0x90,0x90,0x00,0x00,,,,,"Set torque = 0"
453386,RX,0x181,6,0x40,0x40,0x10,0x43,0x80,0x00,0x0B,,"Status word = 0x4310"
453393,RX,0x181,4,0x30,0x30,0x00,0x00,0x01,,,,"Speed feedback = 0 rpm"
453400,TX,0x201,3,0x90,0x90,0x00,0x00,,,,,"Set torque = 0"
453427,TX,0x201,3,0x90,0x90,0x00,0x00,,,,,"Set torque = 0"
453453,TX,0x201,3,0x90,0x90,0x00,0x00,,,,,"Set torque = 0"
453482,TX,0x201,3,0x90,0x90,0x00,0x00,,,,,"Set torque = 0"
453488,RX,0x181,6,0x40,0x40,0x10,0x43,0x80,0x00,0x0B,,"Status word = 0x4310"
453495,RX,0x181,4,0x30,0x30,0x00,0x00,0x01,,,,"Speed feedback = 0 rpm"
453508,TX,0x201,3,0x90,0x90,0x00,0x00,,,,,"Set torque = 0"
453534,TX,0x201,3,0x90,0x90,0x00,0x00,,,,,"Set torque = 0"
453560,TX,0x201,3,0x90,0x90,0x00,0x00,,,,,"Set torque = 0"
453586,RX,0x181,6,0x40,0x40,0x10,0x43,0x80,0x00,0x0B,,"Status word = 0x4310"
453592,TX,0x201,3,0x90,0x90,0x00,0x00,,,,,"Set torque = 0"
453599,RX,0x181,4,0x30,0x30,0x00,0x00,0x01,,,,"Speed feedback = 0 rpm"
453619,TX,0x201,3,0x90,0x90,0x00,0x00,,,,,"Set torque = 0"
453645,TX,0x201,3,0x90,0x90,0x00,0x00,,,,,"Set torque = 0"
453671,TX,0x201,3,0x90,0x90,0x00,0x00,,,,,"Set torque = 0"
453685,RX,0x181,6,0x40,0x40,0x10,0x43,0x80,0x00,0x0B,,"Status word = 0x4310"
453692,RX,0x181,4,0x30,0x30,0x00,0x00,0x01,,,,"Speed feedback = 0 rpm"
453699,TX,0x201,3,0x90,0x90,0x00,0x00,,,,,"Set torque = 0"
453726,TX,0x201,3,0x90,0x90,0x00,0x00,,,,,"Set torque = 0"
453752,TX,0x201,3,0x90,0x90,0x00,0x00,,,,,"Set torque = 0"
453778,TX,0x201,3,0x90,0x90,0x00,0x00,,,,,"Set torque = 0"
453785,RX,0x181,6,0x40,0x40,0x10,0x43,0x80,0x00,0x0B,,"Status word = 0x4310"
453792,RX,0x181,4,0x30,0x30,0x00,0x00,0x01,,,,"Speed feedback = 0 rpm"
453804,TX,0x201,3,0x90,0x90,0x00,0x00,,,,,"Set torque = 0"
453830,TX,0x201,3,0x90,0x90,0x00,0x00,,,,,"Set torque = 0"
453856,TX,0x201,3,0x90,0x90,0x00,0x00,,,,,"Set torque = 0"
453882,TX,0x201,3,0x90,0x90,0x00,0x00,,,,,"Set torque = 0"
453889,RX,0x181,6,0x40,0x40,0x10,0x43,0x80,0x00,0x0B,,"Status word = 0x4310"
453895,RX,0x181,4,0x30,0x30,0x00,0x00,0x01,,,,"Speed feedback = 0 rpm"
453909,TX,0x201,3,0x90,0x90,0x00,0x00,,,,,"Set torque = 0"
453935,TX,0x201,3,0x90,0x90,0x00,0x00,,,,,"Set torque = 0"
453961,TX,0x201,3,0x90,0x90,0x00,0x00,,,,,"Set torque = 0"
453985,RX,0x181,6,0x40,0x40,0x10,0x43,0x80,0x00,0x0B,,"Status word = 0x4310"
453992,TX,0x201,3,0x90,0x90,0x00,0x00,,,,,"Set torque = 0"
453998,RX,0x181,4,0x30,0x30,0x00,0x00,0x01,,,,"Speed feedback = 0 rpm"
454018,TX,0x201,3,0x90,0x90,0x00,0x00,,,,,"Set torque = 0"
454045,TX,0x201,3,0x90,0x90,0x00,0x00,,,,,"Set torque = 0"
454071,TX,0x201,3,0x90,0x90,0x00,0x00,,,,,"Set torque = 0"
454085,RX,0x181,6,0x40,0x40,0x10,0x43,0x80,0x00,0x0B,,"Status word = 0x4310"
454092,RX,0x181,4,0x30,0x30,0x00,0x00,0x01,,,,"Speed feedback = 0 rpm"
454099,TX,0x201,3,0x90,0x90,0x00,0x00,,,,,"Set torque = 0"
454125,TX,0x201,3,0x90,0x90,0x00,0x00,,,,,"Set torque = 0"
454151,TX,0x201,3,0x90,0x90,0x00,0x00,,,,,"Set torque = 0"
454177,TX,0x201,3,0x90,0x90,0x00,0x00,,,,,"Set torque = 0"
454185,RX,0x181,6,0x40,0x40,0x10,0x43,0x80,0x00,0x0B,,"Status word = 0x4310"
454192,RX,0x181,4,0x30,0x30,0x00,0x00,0x01,,,,"Speed feedback = 0 rpm"
454203,TX,0x201,3,0x90,0x90,0x00,0x00,,,,,"Set torque = 0"
454229,TX,0x201,3,0x90,0x90,0x00,0x00,,,,,"Set torque = 0"
454255,TX,0x201,3,0x90,0x90,0x00,0x00,,,,,"Set torque = 0"
454281,TX,0x201,3,0x90,0x90,0x00,0x00,,,,,"Set torque = 0"
454287,RX,0x181,6,0x40,0x40,0x10,0x43,0x80,0x00,0x0B,,"Status word = 0x4310"
454294,RX,0x181,4,0x30,0x30,0x00,0x00,0x01,,,,"Speed feedback = 0 rpm"
454307,TX,0x201,3,0x90,0x90,0x00,0x00,,,,,"Set torque = 0"
454333,TX,0x201,3,0x90,0x90,0x00,0x00,,,,,"Set torque = 0"
454360,TX,0x201,3,0x90,0x90,0x00,0x00,,,,,"Set torque = 0"
454384,RX,0x181,6,0x40,0x40,0x10,0x43,0x80,0x00,0x0B,,"Status word = 0x4310"
454391,TX,0x201,3,0x90,0x90,0x00,0x00,,,,,"Set torque = 0"
454398,RX,0x181,4,0x30,0x30,0x00,0x00,0x01,,,,"Speed feedback = 0 rpm"
454418,TX,0x201,3,0x90,0x90,0x00,0x00,,,,,"Set torque = 0"
454444,TX,0x201,3,0x90,0x90,0x00,0x00,,,,,"Set torque = 0"
454470,TX,0x201,3,0x90,0x90,0x00,0x00,,,,,"Set torque = 0"
454484,RX,0x181,6,0x40,0x40,0x10,0x43,0x80,0x00,0x0B,,"Status word = 0x4310"
454491,RX,0x181,4,0x30,0x30,0x00,0x00,0x01,,,,"Speed feedback = 0 rpm"
454498,TX,0x201,3,0x90,0x90,0x00,0x00,,,,,"Set torque = 0"
454525,TX,0x201,3,0x90,0x90,0x00,0x00,,,,,"Set torque = 0"
454551,TX,0x201,3,0x90,0x90,0x00,0x00,,,,,"Set torque = 0"
454577,TX,0x201,3,0x90,0x90,0x00,0x00,,,,,"Set torque = 0"
454584,RX,0x181,6,0x40,0x40,0x10,0x43,0x80,0x00,0x0B,,"Status word = 0x4310"
454591,RX,0x181,4,0x30,0x30,0x00,0x00,0x01,,,,"Speed feedback = 0 rpm"
454603,TX,0x201,3,0x90,0x90,0x00,0x00,,,,,"Set torque = 0"
454629,TX,0x201,3,0x90,0x90,0x00,0x00,,,,,"Set torque = 0"
454655,TX,0x201,3,0x90,0x90,0x00,0x00,,,,,"Set torque = 0"
454682,TX,0x201,3,0x90,0x90,0x00,0x00,,,,,"Set torque = 0"
454688,RX,0x181,6,0x40,0x40,0x10,0x43,0x80,0x00,0x0B,,"Status word = 0x4310"
454695,RX,0x181,4,0x30,0x30,0x00,0x00,0x01,,,,"Speed feedback = 0 rpm"
454708,TX,0x201,3,0x90,0x90,0x00,0x00,,,,,"Set torque = 0"
454734,TX,0x201,3,0x90,0x90,0x00,0x00,,,,,"Set torque = 0"
454760,TX,0x201,3,0x90,0x90,0x00,0x00,,,,,"Set torque = 0"
454784,RX,0x181,6,0x40,0x40,0x10,0x43,0x80,0x00,0x0B,,"Status word = 0x4310"
454790,TX,0x201,3,0x90,0x90,0x00,0x00,,,,,"Set torque = 0"
454797,RX,0x181,4,0x30,0x30,0x00,0x00,0x01,,,,"Speed feedback = 0 rpm"
454817,TX,0x201,3,0x90,0x90,0x00,0x00,,,,,"Set torque = 0"
454843,TX,0x201,3,0x90,0x90,0x00,0x00,,,,,"Set torque = 0"
454869,TX,0x201,3,0x90,0x90,0x00,0x00,,,,,"Set torque = 0"
454884,RX,0x181,6,0x40,0x40,0x10,0x43,0x80,0x00,0x0B,,"Status word = 0x4310"
454890,RX,0x181,4,0x30,0x30,0x00,0x00,0x01,,,,"Speed feedback = 0 rpm"
454897,TX,0x201,3,0x90,0x90,0x00,0x00,,,,,"Set torque = 0"
454924,TX,0x201,3,0x90,0x90,0x00,0x00,,,,,"Set torque = 0"
454950,TX,0x201,3,0x90,0x90,0x00,0x00,,,,,"Set torque = 0"
454976,TX,0x201,3,0x90,0x90,0x00,0x00,,,,,"Set torque = 0"
454983,RX,0x181,6,0x40,0x40,0x10,0x43,0x80,0x00,0x0B,,"Status word = 0x4310"
454990,RX,0x181,4,0x30,0x30,0x00,0x00,0x01,,,,"Speed feedback = 0 rpm"
455003,TX,0x201,3,0x90,0x90,0x00,0x00,,,,,"Set torque = 0"
455029,TX,0x201,3,0x90,0x90,0x00,0x00,,,,,"Set torque = 0"
455055,TX,0x201,3,0x90,0x90,0x00,0x00,,,,,"Set torque = 0"
455081,TX,0x201,3,0x90,0x90,0x00,0x00,,,,,"Set torque = 0"
455087,RX,0x181,6,0x40,0x40,0x10,0x43,0x80,0x00,0x0B,,"Status word = 0x4310"
455094,RX,0x181,4,0x30,0x30,0x00,0x00,0x01,,,,"Speed feedback = 0 rpm"
455107,TX,0x201,3,0x90,0x90,0x00,0x00,,,,,"Set torque = 0"
455134,TX,0x201,3,0x90,0x90,0x00,0x00,,,,,"Set torque = 0"
455160,TX,0x201,3,0x90,0x90,0x00,0x00,,,,,"Set torque = 0"
455183,RX,0x181,6,0x40,0x40,0x10,0x43,0x80,0x00,0x0B,,"Status word = 0x4310"
455190,TX,0x201,3,0x90,0x90,0x00,0x00,,,,,"Set torque = 0"
455197,RX,0x181,4,0x30,0x30,0x00,0x00,0x01,,,,"Speed feedback = 0 rpm"
455217,TX,0x201,3,0x90,0x90,0x00,0x00,,,,,"Set torque = 0"
455243,TX,0x201,3,0x90,0x90,0x00,0x00,,,,,"Set torque = 0"
455269,TX,0x201,3,0x90,0x90,0x00,0x00,,,,,"Set torque = 0"
455283,RX,0x181,6,0x40,0x40,0x10,0x43,0x80,0x00,0x0B,,"Status word = 0x4310"
455290,RX,0x181,4,0x30,0x30,0x00,0x00,0x01,,,,"Speed feedback = 0 rpm"
455297,TX,0x201,3,0x90,0x90,0x00,0x00,,,,,"Set torque = 0"
455324,TX,0x201,3,0x90,0x90,0x00,0x00,,,,,"Set torque = 0"
455350,TX,0x201,3,0x90,0x90,0x00,0x00,,,,,"Set torque = 0"
455376,TX,0x201,3,0x90,0x90,0x00,0x00,,,,,"Set torque = 0"
455383,RX,0x181,6,0x40,0x40,0x10,0x43,0x80,0x00,0x0B,,"Status word = 0x4310"
455390,RX,0x181,4,0x30,0x30,0x00,0x00,0x01,,,,"Speed feedback = 0 rpm"
455402,TX,0x201,3,0x90,0x90,0x00,0x00,,,,,"Set torque = 0"
455428,TX,0x201,3,0x90,0x90,0x00,0x00,,,,,"Set torque = 0"
455455,TX,0x201,3,0x90,0x90,0x00,0x00,,,,,"Set torque = 0"
455481,TX,0x201,3,0x90,0x90,0x00,0x00,,,,,"Set torque = 0"
455487,RX,0x181,6,0x40,0x40,0x10,0x43,0x80,0x00,0x0B,,"Status word = 0x4310"
455494,RX,0x181,4,0x30,0x30,0x00,0x00,0x01,,,,"Speed feedback = 0 rpm"
455507,TX,0x201,3,0x90,0x90,0x00,0x00,,,,,"Set torque = 0"
455533,TX,0x201,3,0x90,0x90,0x00,0x00,,,,,"Set torque = 0"
455561,TX,0x201,3,0x90,0x90,0x00,0x00,,,,,"Set torque = 0"
455582,RX,0x181,6,0x40,0x40,0x10,0x43,0x80,0x00,0x0B,,"Status word = 0x4310"
455589,TX,0x201,3,0x90,0x90,0x00,0x00,,,,,"Set torque = 0"
455596,RX,0x181,4,0x30,0x30,0x00,0x00,0x01,,,,"Speed feedback = 0 rpm"
455616,TX,0x201,3,0x90,0x90,0x00,0x00,,,,,"Set torque = 0"
455642,TX,0x201,3,0x90,0x90,0x00,0x00,,,,,"Set torque = 0"
455668,TX,0x201,3,0x90,0x90,0x00,0x00,,,,,"Set torque = 0"
455682,RX,0x181,6,0x40,0x40,0x10,0x43,0x80,0x00,0x0B,,"Status word = 0x4310"
455689,RX,0x181,4,0x30,0x30,0x00,0x00,0x01,,,,"Speed feedback = 0 rpm"
455696,TX,0x201,3,0x90,0x90,0x00,0x00,,,,,"Set torque = 0"
455723,TX,0x201,3,0x90,0x90,0x00,0x00,,,,,"Set torque = 0"
455749,TX,0x201,3,0x90,0x90,0x00,0x00,,,,,"Set torque = 0"
455776,TX,0x201,3,0x90,0x90,0x00,0x00,,,,,"Set torque = 0"
455782,RX,0x181,6,0x40,0x40,0x10,0x43,0x80,0x00,0x0B,,"Status word = 0x4310"
455789,RX,0x181,4,0x30,0x30,0x00,0x00,0x01,,,,"Speed feedback = 0 rpm"
455802,TX,0x201,3,0x90,0x90,0x00,0x00,,,,,"Set torque = 0"
455828,TX,0x201,3,0x90,0x90,0x00,0x00,,,,,"Set torque = 0"
455854,TX,0x201,3,0x90,0x90,0x00,0x00,,,,,"Set torque = 0"
455880,TX,0x201,3,0x90,0x90,0x00,0x00,,,,,"Set torque = 0"
455886,RX,0x181,6,0x40,0x40,0x10,0x43,0x80,0x00,0x0B,,"Status word = 0x4310"
455893,RX,0x181,4,0x30,0x30,0x00,0x00,0x01,,,,"Speed feedback = 0 rpm"
455906,TX,0x201,3,0x90,0x90,0x00,0x00,,,,,"Set torque = 0"
455932,TX,0x201,3,0x90,0x90,0x00,0x00,,,,,"Set torque = 0"
455958,TX,0x201,3,0x90,0x90,0x00,0x00,,,,,"Set torque = 0"
455982,RX,0x181,6,0x40,0x40,0x10,0x43,0x80,0x00,0x0B,,"Status word = 0x4310"
455989,TX,0x201,3,0x90,0x90,0x00,0x00,,,,,"Set torque = 0"
455995,RX,0x181,4,0x30,0x30,0x00,0x00,0x01,,,,"Speed feedback = 0 rpm"
456015,TX,0x201,3,0x90,0x90,0x00,0x00,,,,,"Set torque = 0"
456041,TX,0x201,3,0x90,0x90,0x00,0x00,,,,,"Set torque = 0"
456067,TX,0x201,3,0x90,0x90,0x00,0x00,,,,,"Set torque = 0"
456082,RX,0x181,6,0x40,0x40,0x10,0x43,0x80,0x00,0x0B,,"Status word = 0x4310"
456089,RX,0x181,4,0x30,0x30,0x00,0x00,0x01,,,,"Speed feedback = 0 rpm"
456095,TX,0x201,3,0x90,0x90,0x00,0x00,,,,,"Set torque = 0"
456122,TX,0x201,3,0x90,0x90,0x00,0x00,,,,,"Set torque = 0"
456148,TX,0x201,3,0x90,0x90,0x00,0x00,,,,,"Set torque = 0"
456174,TX,0x201,3,0x90,0x90,0x00,0x00,,,,,"Set torque = 0"
456181,RX,0x181,6,0x40,0x40,0x10,0x43,0x80,0x00,0x0B,,"Status word = 0x4310"
456188,RX,0x181,4,0x30,0x30,0x00,0x00,0x01,,,,"Speed feedback = 0 rpm"
456200,TX,0x201,3,0x90,0x90,0x00,0x00,,,,,"Set torque = 0"
456227,TX,0x201,3,0x90,0x90,0x00,0x00,,,,,"Set torque = 0"
456253,TX,0x201,3,0x90,0x90,0x00,0x00,,,,,"Set torque = 0"
456279,TX,0x201,3,0x90,0x90,0x00,0x00,,,,,"Set torque = 0"
456285,RX,0x181,6,0x40,0x40,0x10,0x43,0x80,0x00,0x0B,,"Status word = 0x4310"
456292,RX,0x181,4,0x30,0x30,0x00,0x00,0x01,,,,"Speed feedback = 0 rpm"
456305,TX,0x201,3,0x90,0x90,0x00,0x00,,,,,"Set torque = 0"
456331,TX,0x201,3,0x90,0x90,0x00,0x00,,,,,"Set torque = 0"
456357,TX,0x201,3,0x90,0x90,0x00,0x00,,,,,"Set torque = 0"
456381,RX,0x181,6,0x40,0x40,0x10,0x43,0x80,0x00,0x0B,,"Status word = 0x4310"
456388,RX,0x181,4,0x30,0x30,0x00,0x00,0x01,,,,"Speed feedback = 0 rpm"
456395,TX,0x201,3,0x90,0x90,0x00,0x00,,,,,"Set torque = 0"
456422,TX,0x201,3,0x90,0x90,0x00,0x00,,,,,"Set torque = 0"
456448,TX,0x201,3,0x90,0x90,0x00,0x00,,,,,"Set torque = 0"
456474,TX,0x201,3,0x90,0x90,0x00,0x00,,,,,"Set torque = 0"
456481,RX,0x181,6,0x40,0x40,0x10,0x43,0x80,0x00,0x0B,,"Status word = 0x4310"
456488,RX,0x181,4,0x30,0x30,0x00,0x00,0x01,,,,"Speed feedback = 0 rpm"
456500,TX,0x201,3,0x90,0x90,0x00,0x00,,,,,"Set torque = 0"
456526,TX,0x201,3,0x90,0x90,0x00,0x00,,,,,"Set torque = 0"
456553,TX,0x201,3,0x90,0x90,0x00,0x00,,,,,"Set torque = 0"
456579,TX,0x201,3,0x90,0x90,0x00,0x00,,,,,"Set torque = 0"
456585,RX,0x181,6,0x40,0x40,0x10,0x43,0x80,0x00,0x0B,,"Status word = 0x4310"
456592,RX,0x181,4,0x30,0x30,0x00,0x00,0x01,,,,"Speed feedback = 0 rpm"
456605,TX,0x201,3,0x90,0x90,0x00,0x00,,,,,"Set torque = 0"
456631,TX,0x201,3,0x90,0x90,0x00,0x00,,,,,"Set torque = 0"
456657,TX,0x201,3,0x90,0x90,0x00,0x00,,,,,"Set torque = 0"
456681,RX,0x181,6,0x40,0x40,0x10,0x43,0x80,0x00,0x0B,,"Status word = 0x4310"
456687,TX,0x201,3,0x90,0x90,0x00,0x00,,,,,"Set torque = 0"
456694,RX,0x181,4,0x30,0x30,0x00,0x00,0x01,,,,"Speed feedback = 0 rpm"
456714,TX,0x201,3,0x90,0x90,0x00,0x00,,,,,"Set torque = 0"
456742,TX,0x201,3,0x90,0x90,0x00,0x00,,,,,"Set torque = 0"
456768,TX,0x201,3,0x90,0x90,0x00,0x00,,,,,"Set torque = 0"
456781,RX,0x181,6,0x40,0x40,0x10,0x43,0x80,0x00,0x0B,,"Status word = 0x4310"
456787,RX,0x181,4,0x30,0x30,0x00,0x00,0x01,,,,"Speed feedback = 0 rpm"
456794,TX,0x201,3,0x90,0x90,0x00,0x00,,,,,"Set torque = 0"
456821,TX,0x201,3,0x90,0x90,0x00,0x00,,,,,"Set torque = 0"
456848,TX,0x201,3,0x90,0x90,0x00,0x00,,,,,"Set torque = 0"
456874,TX,0x201,3,0x90,0x90,0x00,0x00,,,,,"Set torque = 0"
456880,RX,0x181,6,0x40,0x40,0x10,0x43,0x80,0x00,0x0B,,"Status word = 0x4310"
456887,RX,0x181,4,0x30,0x30,0x00,0x00,0x01,,,,"Speed feedback = 0 rpm"
456900,TX,0x201,3,0x90,0x90,0x00,0x00,,,,,"Set torque = 0"
456926,TX,0x201,3,0x90,0x90,0x00,0x00,,,,,"Set torque = 0"
456952,TX,0x201,3,0x90,0x90,0x00,0x00,,,,,"Set torque = 0"
456978,TX,0x201,3,0x90,0x90,0x00,0x00,,,,,"Set torque = 0"
456984,RX,0x181,6,0x40,0x40,0x10,0x43,0x80,0x00,0x0B,,"Status word = 0x4310"
456991,RX,0x181,4,0x30,0x30,0x00,0x00,0x01,,,,"Speed feedback = 0 rpm"
457004,TX,0x201,3,0x90,0x90,0x00,0x00,,,,,"Set torque = 0"
457030,TX,0x201,3,0x90,0x90,0x00,0x00,,,,,"Set torque = 0"
457056,TX,0x201,3,0x90,0x90,0x00,0x00,,,,,"Set torque = 0"
457080,RX,0x181,6,0x40,0x40,0x10,0x43,0x80,0x00,0x0B,,"Status word = 0x4310"
457087,TX,0x201,3,0x90,0x90,0x00,0x00,,,,,"Set torque = 0"
457094,RX,0x181,4,0x30,0x30,0x00,0x00,0x01,,,,"Speed feedback = 0 rpm"
457114,TX,0x201,3,0x90,0x90,0x00,0x00,,,,,"Set torque = 0"
457140,TX,0x201,3,0x90,0x90,0x00,0x00,,,,,"Set torque = 0"
457167,TX,0x201,3,0x90,0x90,0x00,0x00,,,,,"Set torque = 0"
457180,RX,0x181,6,0x40,0x40,0x10,0x43,0x80,0x00,0x0B,,"Status word = 0x4310"
457187,RX,0x181,4,0x30,0x30,0x00,0x00,0x01,,,,"Speed feedback = 0 rpm"
457194,TX,0x201,3,0x90,0x90,0x00,0x00,,,,,"Set torque = 0"
457220,TX,0x201,3,0x90,0x90,0x00,0x00,,,,,"Set torque = 0"
457246,TX,0x201,3,0x90,0x90,0x00,0x00,,,,,"Set torque = 0"
457272,TX,0x201,3,0x90,0x90,0x00,0x00,,,,,"Set torque = 0"
457280,RX,0x181,6,0x40,0x40,0x10,0x43,0x80,0x00,0x0B,,"Status word = 0x4310"
457287,RX,0x181,4,0x30,0x30,0x00,0x00,0x01,,,,"Speed feedback = 0 rpm"
457298,TX,0x201,3,0x90,0x90,0x00,0x00,,,,,"Set torque = 0"
457324,TX,0x201,3,0x90,0x90,0x00,0x00,,,,,"Set torque = 0"
457350,TX,0x201,3,0x90,0x90,0x00,0x00,,,,,"Set torque = 0"
457376,TX,0x201,3,0x90,0x90,0x00,0x00,,,,,"Set torque = 0"
457382,RX,0x181,6,0x40,0x40,0x10,0x43,0x80,0x00,0x0B,,"Status word = 0x4310"
457389,RX,0x181,4,0x30,0x30,0x00,0x00,0x01,,,,"Speed feedback = 0 rpm"
457402,TX,0x201,3,0x90,0x90,0x00,0x00,,,,,"Set torque = 0"
457428,TX,0x201,3,0x90,0x90,0x00,0x00,,,,,"Set torque = 0"
457454,TX,0x201,3,0x90,0x90,0x00,0x00,,,,,"Set torque = 0"
457479,RX,0x181,6,0x40,0x40,0x10,0x43,0x80,0x00,0x0B,,"Status word = 0x4310"
457486,TX,0x201,3,0x90,0x90,0x00,0x00,,,,,"Set torque = 0"
457493,RX,0x181,4,0x30,0x30,0x00,0x00,0x01,,,,"Speed feedback = 0 rpm"
457513,TX,0x201,3,0x90,0x90,0x00,0x00,,,,,"Set torque = 0"
457539,TX,0x201,3,0x90,0x90,0x00,0x00,,,,,"Set torque = 0"
457565,TX,0x201,3,0x90,0x90,0x00,0x00,,,,,"Set torque = 0"
457579,RX,0x181,6,0x40,0x40,0x10,0x43,0x80,0x00,0x0B,,"Status word = 0x4310"
457586,RX,0x181,4,0x30,0x30,0x00,0x00,0x01,,,,"Speed feedback = 0 rpm"
457593,TX,0x201,3,0x90,0x90,0x00,0x00,,,,,"Set torque = 0"
457620,TX,0x201,3,0x90,0x90,0x00,0x00,,,,,"Set torque = 0"
457646,TX,0x201,3,0x90,0x90,0x00,0x00,,,,,"Set torque = 0"
457672,TX,0x201,3,0x90,0x90,0x00,0x00,,,,,"Set torque = 0"
457679,RX,0x181,6,0x40,0x40,0x10,0x43,0x80,0x00,0x0B,,"Status word = 0x4310"
457686,RX,0x181,4,0x30,0x30,0x00,0x00,0x01,,,,"Speed feedback = 0 rpm"
457698,TX,0x201,3,0x90,0x90,0x00,0x00,,,,,"Set torque = 0"
457724,TX,0x201,3,0x90,0x90,0x00,0x00,,,,,"Set torque = 0"
457750,TX,0x201,3,0x90,0x90,0x00,0x00,,,,,"Set torque = 0"
457776,TX,0x201,3,0x90,0x90,0x00,0x00,,,,,"Set torque = 0"
457783,RX,0x181,6,0x40,0x40,0x10,0x43,0x80,0x00,0x0B,,"Status word = 0x4310"
457789,RX,0x181,4,0x30,0x30,0x00,0x00,0x01,,,,"Speed feedback = 0 rpm"
457803,TX,0x201,3,0x90,0x90,0x00,0x00,,,,,"Set torque = 0"
457832,TX,0x201,3,0x90,0x90,0x00,0x00,,,,,"Set torque = 0"
457858,TX,0x201,3,0x90,0x90,0x00,0x00,,,,,"Set torque = 0"
457879,RX,0x181,6,0x40,0x40,0x10,0x43,0x80,0x00,0x0B,,"Status word = 0x4310"
457886,TX,0x201,3,0x90,0x90,0x00,0x00,,,,,"Set torque = 0"
457892,RX,0x181,4,0x30,0x30,0x00,0x00,0x01,,,,"Speed feedback = 0 rpm"
457912,TX,0x201,3,0x90,0x90,0x00,0x00,,,,,"Set torque = 0"
457938,TX,0x201,3,0x90,0x90,0x00,0x00,,,,,"Set torque = 0"
457964,TX,0x201,3,0x90,0x90,0x00,0x00,,,,,"Set torque = 0"
457979,RX,0x181,6,0x40,0x40,0x10,0x43,0x80,0x00,0x0B,,"Status word = 0x4310"
457986,RX,0x181,4,0x30,0x30,0x00,0x00,0x01,,,,"Speed feedback = 0 rpm"
457992,TX,0x201,3,0x90,0x90,0x00,0x00,,,,,"Set torque = 0"
458019,TX,0x201,3,0x90,0x90,0x00,0x00,,,,,"Set torque = 0"
458045,TX,0x201,3,0x90,0x90,0x00,0x00,,,,,"Set torque = 0"
458071,TX,0x201,3,0x90,0x90,0x00,0x00,,,,,"Set torque = 0"
458078,RX,0x181,6,0x40,0x40,0x10,0x43,0x80,0x00,0x0B,,"Status word = 0x4310"
458085,RX,0x181,4,0x30,0x30,0x00,0x00,0x01,,,,"Speed feedback = 0 rpm"
458098,TX,0x201,3,0x90,0x90,0x00,0x00,,,,,"Set torque = 0"
458124,TX,0x201,3,0x90,0x90,0x00,0x00,,,,,"Set torque = 0"
458150,TX,0x201,3,0x90,0x90,0x00,0x00,,,,,"Set torque = 0"
458176,TX,0x201,3,0x90,0x90,0x00,0x00,,,,,"Set torque = 0"
458182,RX,0x181,6,0x40,0x40,0x10,0x43,0x80,0x00,0x0B,,"Status word = 0x4310"
458189,RX,0x181,4,0x30,0x30,0x00,0x00,0x01,,,,"Speed feedback = 0 rpm"
458202,TX,0x201,3,0x90,0x90,0x00,0x00,,,,,"Set torque = 0"
458229,TX,0x201,3,0x90,0x90,0x00,0x00,,,,,"Set torque = 0"
458255,TX,0x201,3,0x90,0x90,0x00,0x00,,,,,"Set torque = 0"
458278,RX,0x181,6,0x40,0x40,0x10,0x43,0x80,0x00,0x0B,,"Status word = 0x4310"
458285,TX,0x201,3,0x90,0x90,0x00,0x00,,,,,"Set torque = 0"
458292,RX,0x181,4,0x30,0x30,0x00,0x00,0x01,,,,"Speed feedback = 0 rpm"
458312,TX,0x201,3,0x90,0x90,0x00,0x00,,,,,"Set torque = 0"
458338,TX,0x201,3,0x90,0x90,0x00,0x00,,,,,"Set torque = 0"
458364,TX,0x201,3,0x90,0x90,0x00,0x00,,,,,"Set torque = 0"
458378,RX,0x181,6,0x40,0x40,0x10,0x43,0x80,0x00,0x0B,,"Status word = 0x4310"
458385,RX,0x181,4,0x30,0x30,0x00,0x00,0x01,,,,"Speed feedback = 0 rpm"
458392,TX,0x201,3,0x90,0x90,0x00,0x00,,,,,"Set torque = 0"
458419,TX,0x201,3,0x90,0x90,0x00,0x00,,,,,"Set torque = 0"
458445,TX,0x201,3,0x90,0x90,0x00,0x00,,,,,"Set torque = 0"
458471,TX,0x201,3,0x90,0x90,0x00,0x00,,,,,"Set torque = 0"
458478,RX,0x181,6,0x40,0x40,0x10,0x43,0x80,0x00,0x0B,,"Status word = 0x4310"
458485,RX,0x181,4,0x30,0x30,0x00,0x00,0x01,,,,"Speed feedback = 0 rpm"
458497,TX,0x201,3,0x90,0x90,0x00,0x00,,,,,"Set torque = 0"
458523,TX,0x201,3,0x90,0x90,0x00,0x00,,,,,"Set torque = 0"
458550,TX,0x201,3,0x90,0x90,0x00,0x00,,,,,"Set torque = 0"
458576,TX,0x201,3,0x90,0x90,0x00,0x00,,,,,"Set torque = 0"
458582,RX,0x181,6,0x40,0x40,0x10,0x43,0x80,0x00,0x0B,,"Status word = 0x4310"
458589,RX,0x181,4,0x30,0x30,0x00,0x00,0x01,,,,"Speed feedback = 0 rpm"
458602,TX,0x201,3,0x90,0x90,0x00,0x00,,,,,"Set torque = 0"
458628,TX,0x201,3,0x90,0x90,0x00,0x00,,,,,"Set torque = 0"
458654,TX,0x201,3,0x90,0x90,0x00,0x00,,,,,"Set torque = 0"
458678,RX,0x181,6,0x40,0x40,0x10,0x43,0x80,0x00,0x0B,,"Status word = 0x4310"
458684,TX,0x201,3,0x90,0x90,0x00,0x00,,,,,"Set torque = 0"
458691,RX,0x181,4,0x30,0x30,0x00,0x00,0x01,,,,"Speed feedback = 0 rpm"
458711,TX,0x201,3,0x90,0x90,0x00,0x00,,,,,"Set torque = 0"
458737,TX,0x201,3,0x90,0x90,0x00,0x00,,,,,"Set torque = 0"
458763,TX,0x201,3,0x90,0x90,0x00,0x00,,,,,"Set torque = 0"
458777,RX,0x181,6,0x40,0x40,0x10,0x43,0x80,0x00,0x0B,,"Status word = 0x4310"
458784,RX,0x181,4,0x30,0x30,0x00,0x00,0x01,,,,"Speed feedback = 0 rpm"
458791,TX,0x201,3,0x90,0x90,0x00,0x00,,,,,"Set torque = 0"
458818,TX,0x201,3,0x90,0x90,0x00,0x00,,,,,"Set torque = 0"
458844,TX,0x201,3,0x90,0x90,0x00,0x00,,,,,"Set torque = 0"
458872,TX,0x201,3,0x90,0x90,0x00,0x00,,,,,"Set torque = 0"
458878,RX,0x181,6,0x40,0x40,0x10,0x43,0x80,0x00,0x0B,,"Status word = 0x4310"
458885,RX,0x181,4,0x30,0x30,0x00,0x00,0x01,,,,"Speed feedback = 0 rpm"
458898,TX,0x201,3,0x90,0x90,0x00,0x00,,,,,"Set torque = 0"
458924,TX,0x201,3,0x90,0x90,0x00,0x00,,,,,"Set torque = 0"
458950,TX,0x201,3,0x90,0x90,0x00,0x00,,,,,"Set torque = 0"
458976,TX,0x201,3,0x90,0x90,0x00,0x00,,,,,"Set torque = 0"
458982,RX,0x181,6,0x40,0x40,0x10,0x43,0x80,0x00,0x0B,,"Status word = 0x4310"
458989,RX,0x181,4,0x30,0x30,0x00,0x00,0x01,,,,"Speed feedback = 0 rpm"
459002,TX,0x201,3,0x90,0x90,0x00,0x00,,,,,"Set torque = 0"
459028,TX,0x201,3,0x90,0x90,0x00,0x00,,,,,"Set torque = 0"
459054,TX,0x201,3,0x90,0x90,0x00,0x00,,,,,"Set torque = 0"
459077,RX,0x181,6,0x40,0x40,0x10,0x43,0x80,0x00,0x0B,,"Status word = 0x4310"
459084,TX,0x201,3,0x90,0x90,0x00,0x00,,,,,"Set torque = 0"
459090,RX,0x181,4,0x30,0x30,0x00,0x00,0x01,,,,"Speed feedback = 0 rpm"
459110,TX,0x201,3,0x90,0x90,0x00,0x00,,,,,"Set torque = 0"
459136,TX,0x201,3,0x90,0x90,0x00,0x00,,,,,"Set torque = 0"
459162,TX,0x201,3,0x90,0x90,0x00,0x00,,,,,"Set torque = 0"
459177,RX,0x181,6,0x40,0x40,0x10,0x43,0x80,0x00,0x0B,,"Status word = 0x4310"
459184,RX,0x181,4,0x30,0x30,0x00,0x00,0x01,,,,"Speed feedback = 0 rpm"
459190,TX,0x201,3,0x90,0x90,0x00,0x00,,,,,"Set torque = 0"
459217,TX,0x201,3,0x90,0x90,0x00,0x00,,,,,"Set torque = 0"
459243,TX,0x201,3,0x90,0x90,0x00,0x00,,,,,"Set torque = 0"
459269,TX,0x201,3,0x90,0x90,0x00,0x00,,,,,"Set torque = 0"
459277,RX,0x181,6,0x40,0x40,0x10,0x43,0x80,0x00,0x0B,,"Status word = 0x4310"
459284,RX,0x181,4,0x30,0x30,0x00,0x00,0x01,,,,"Speed feedback = 0 rpm"
459295,TX,0x201,3,0x90,0x90,0x00,0x00,,,,,"Set torque = 0"
459322,TX,0x201,3,0x90,0x90,0x00,0x00,,,,,"Set torque = 0"
459348,TX,0x201,3,0x90,0x90,0x00,0x00,,,,,"Set torque = 0"
459374,TX,0x201,3,0x90,0x90,0x00,0x00,,,,,"Set torque = 0"
459380,RX,0x181,6,0x40,0x40,0x10,0x43,0x80,0x00,0x0B,,"Status word = 0x4310"
459387,RX,0x181,4,0x30,0x30,0x00,0x00,0x01,,,,"Speed feedback = 0 rpm"
459400,TX,0x201,3,0x90,0x90,0x00,0x00,,,,,"Set torque = 0"
459426,TX,0x201,3,0x90,0x90,0x00,0x00,,,,,"Set torque = 0"
459452,TX,0x201,3,0x90,0x90,0x00,0x00,,,,,"Set torque = 0"
459476,RX,0x181,6,0x40,0x40,0x10,0x43,0x80,0x00,0x0B,,"Status word = 0x4310"
459483,RX,0x181,4,0x30,0x30,0x00,0x00,0x01,,,,"Speed feedback = 0 rpm"
459490,TX,0x201,3,0x90,0x90,0x00,0x00,,,,,"Set torque = 0"
459517,TX,0x201,3,0x90,0x90,0x00,0x00,,,,,"Set torque = 0"
459543,TX,0x201,3,0x90,0x90,0x00,0x00,,,,,"Set torque = 0"
459569,TX,0x201,3,0x90,0x90,0x00,0x00,,,,,"Set torque = 0"
459576,RX,0x181,6,0x40,0x40,0x10,0x43,0x80,0x00,0x0B,,"Status word = 0x4310"
459583,RX,0x181,4,0x30,0x30,0x00,0x00,0x01,,,,"Speed feedback = 0 rpm"
459595,TX,0x201,3,0x90,0x90,0x00,0x00,,,,,"Set torque = 0"
459621,TX,0x201,3,0x90,0x90,0x00,0x00,,,,,"Set torque = 0"
459648,TX,0x201,3,0x90,0x90,0x00,0x00,,,,,"Set torque = 0"
459674,TX,0x201,3,0x90,0x90,0x00,0x00,,,,,"Set torque = 0"
459680,RX,0x181,6,0x40,0x40,0x10,0x43,0x80,0x00,0x0B,,"Status word = 0x4310"
459687,RX,0x181,4,0x30,0x30,0x00,0x00,0x01,,,,"Speed feedback = 0 rpm"
459700,TX,0x201,3,0x90,0x90,0x00,0x00,,,,,"Set torque = 0"
459726,TX,0x201,3,0x90,0x90,0x00,0x00,,,,,"Set torque = 0"
459752,TX,0x201,3,0x90,0x90,0x00,0x00,,,,,"Set torque = 0"
459776,RX,0x181,6,0x40,0x40,0x10,0x43,0x80,0x00,0x0B,,"Status word = 0x4310"
459783,TX,0x201,3,0x90,0x90,0x00,0x00,,,,,"Set torque = 0"
459790,RX,0x181,4,0x30,0x30,0x00,0x00,0x01,,,,"Speed feedback = 0 rpm"
459810,TX,0x201,3,0x90,0x90,0x00,0x00,,,,,"Set torque = 0"
459836,TX,0x201,3,0x90,0x90,0x00,0x00,,,,,"Set torque = 0"
459862,TX,0x201,3,0x90,0x90,0x00,0x00,,,,,"Set torque = 0"
459876,RX,0x181,6,0x40,0x40,0x10,0x43,0x80,0x00,0x0B,,"Status word = 0x4310"
459883,RX,0x181,4,0x30,0x30,0x00,0x00,0x01,,,,"Speed feedback = 0 rpm"
459889,TX,0x201,3,0x90,0x90,0x00,0x00,,,,,"Set torque = 0"
459916,TX,0x201,3,0x90,0x90,0x00,0x00,,,,,"Set torque = 0"
459942,TX,0x201,3,0x90,0x90,0x00,0x00,,,,,"Set torque = 0"
459969,TX,0x201,3,0x90,0x90,0x00,0x00,,,,,"Set torque = 0"
459975,RX,0x181,6,0x40,0x40,0x10,0x43,0x80,0x00,0x0B,,"Status word = 0x4310"
459982,RX,0x181,4,0x30,0x30,0x00,0x00,0x01,,,,"Speed feedback = 0 rpm"
459995,TX,0x201,3,0x90,0x90,0x00,0x00,,,,,"Set torque = 0"
460021,TX,0x201,3,0x90,0x90,0x00,0x00,,,,,"Set torque = 0"
460047,TX,0x201,3,0x90,0x90,0x00,0x00,,,,,"Set torque = 0"
460073,TX,0x201,3,0x90,0x90,0x00,0x00,,,,,"Set torque = 0"
460079,RX,0x181,6,0x40,0x40,0x10,0x43,0x80,0x00,0x0B,,"Status word = 0x4310"
460086,RX,0x181,4,0x30,0x30,0x00,0x00,0x01,,,,"Speed feedback = 0 rpm"
460099,TX,0x201,3,0x90,0x90,0x00,0x00,,,,,"Set torque = 0"
460125,TX,0x201,3,0x90,0x90,0x00,0x00,,,,,"Set torque = 0"
460151,TX,0x201,3,0x90,0x90,0x00,0x00,,,,,"Set torque = 0"
460175,RX,0x181,6,0x40,0x40,0x10,0x43,0x80,0x00,0x0B,,"Status word = 0x4310"
460182,TX,0x201,3,0x90,0x90,0x00,0x00,,,,,"Set torque = 0"
460189,RX,0x181,4,0x30,0x30,0x00,0x00,0x01,,,,"Speed feedback = 0 rpm"
460209,TX,0x201,3,0x90,0x90,0x00,0x00,,,,,"Set torque = 0"
460235,TX,0x201,3,0x90,0x90,0x00,0x00,,,,,"Set torque = 0"
460261,TX,0x201,3,0x90,0x90,0x00,0x00,,,,,"Set torque = 0"
460275,RX,0x181,6,0x40,0x40,0x10,0x43,0x80,0x00,0x0B,,"Status word = 0x4310"
460282,RX,0x181,4,0x30,0x30,0x00,0x00,0x01,,,,"Speed feedback = 0 rpm"
460289,TX,0x201,3,0x90,0x90,0x00,0x00,,,,,"Set torque = 0"
460316,TX,0x201,3,0x90,0x90,0x00,0x00,,,,,"Set torque = 0"
460342,TX,0x201,3,0x90,0x90,0x00,0x00,,,,,"Set torque = 0"
460368,TX,0x201,3,0x90,0x90,0x00,0x00,,,,,"Set torque = 0"
460375,RX,0x181,6,0x40,0x40,0x10,0x43,0x80,0x00,0x0B,,"Status word = 0x4310"
460382,RX,0x181,4,0x30,0x30,0x00,0x00,0x01,,,,"Speed feedback = 0 rpm"
460394,TX,0x201,3,0x90,0x90,0x00,0x00,,,,,"Set torque = 0"
460421,TX,0x201,3,0x90,0x90,0x00,0x00,,,,,"Set torque = 0"
460447,TX,0x201,3,0x90,0x90,0x00,0x00,,,,,"Set torque = 0"
460473,TX,0x201,3,0x90,0x90,0x00,0x00,,,,,"Set torque = 0"
460479,RX,0x181,6,0x40,0x40,0x10,0x43,0x80,0x00,0x0B,,"Status word = 0x4310"
460486,RX,0x181,4,0x30,0x30,0x00,0x00,0x01,,,,"Speed feedback = 0 rpm"
460499,TX,0x201,3,0x90,0x90,0x00,0x00,,,,,"Set torque = 0"
460525,TX,0x201,3,0x90,0x90,0x00,0x00,,,,,"Set torque = 0"
460551,TX,0x201,3,0x90,0x90,0x00,0x00,,,,,"Set torque = 0"
460574,RX,0x181,6,0x40,0x40,0x10,0x43,0x80,0x00,0x0B,,"Status word = 0x4310"
460582,RX,0x181,4,0x30,0x30,0x00,0x00,0x01,,,,"Speed feedback = 0 rpm"
460589,TX,0x201,3,0x90,0x90,0x00,0x00,,,,,"Set torque = 0"
460615,TX,0x201,3,0x90,0x90,0x00,0x00,,,,,"Set torque = 0"
460641,TX,0x201,3,0x90,0x90,0x00,0x00,,,,,"Set torque = 0"
460667,TX,0x201,3,0x90,0x90,0x00,0x00,,,,,"Set torque = 0"
460674,RX,0x181,6,0x40,0x40,0x10,0x43,0x80,0x00,0x0B,,"Status word = 0x4310"
460681,RX,0x181,4,0x30,0x30,0x00,0x00,0x01,,,,"Speed feedback = 0 rpm"
460693,TX,0x201,3,0x90,0x90,0x00,0x00,,,,,"Set torque = 0"
460719,TX,0x201,3,0x90,0x90,0x00,0x00,,,,,"Set torque = 0"
460746,TX,0x201,3,0x90,0x90,0x00,0x00,,,,,"Set torque = 0"
460772,TX,0x201,3,0x90,0x90,0x00,0x00,,,,,"Set torque = 0"
460778,RX,0x181,6,0x40,0x40,0x10,0x43,0x80,0x00,0x0B,,"Status word = 0x4310"
460785,RX,0x181,4,0x30,0x30,0x00,0x00,0x01,,,,"Speed feedback = 0 rpm"
460798,TX,0x201,3,0x90,0x90,0x00,0x00,,,,,"Set torque = 0"
460824,TX,0x201,3,0x90,0x90,0x00,0x00,,,,,"Set torque = 0"
460850,TX,0x201,3,0x90,0x90,0x00,0x00,,,,,"Set torque = 0"
460874,RX,0x181,6,0x40,0x40,0x10,0x43,0x80,0x00,0x0B,,"Status word = 0x4310"
460881,TX,0x201,3,0x90,0x90,0x00,0x00,,,,,"Set torque = 0"
460888,RX,0x181,4,0x30,0x30,0x00,0x00,0x01,,,,"Speed feedback = 0 rpm"
460908,TX,0x201,3,0x90,0x90,0x00,0x00,,,,,"Set torque = 0"
460934,TX,0x201,3,0x90,0x90,0x00,0x00,,,,,"Set torque = 0"
460960,TX,0x201,3,0x90,0x90,0x00,0x00,,,,,"Set torque = 0"
460974,RX,0x181,6,0x40,0x40,0x10,0x43,0x80,0x00,0x0B,,"Status word = 0x4310"
460981,RX,0x181,4,0x30,0x30,0x00,0x00,0x01,,,,"Speed feedback = 0 rpm"
460988,TX,0x201,3,0x90,0x90,0x00,0x00,,,,,"Set torque = 0"
461014,TX,0x201,3,0x90,0x90,0x00,0x00,,,,,"Set torque = 0"
461040,TX,0x201,3,0x90,0x90,0x00,0x00,,,,,"Set torque = 0"
461067,TX,0x201,3,0x90,0x90,0x00,0x00,,,,,"Set torque = 0"
461074,RX,0x181,6,0x40,0x40,0x10,0x43,0x80,0x00,0x0B,,"Status word = 0x4310"
461081,RX,0x181,4,0x30,0x30,0x00,0x00,0x01,,,,"Speed feedback = 0 rpm"
461093,TX,0x201,3,0x90,0x90,0x00,0x00,,,,,"Set torque = 0"
461119,TX,0x201,3,0x90,0x90,0x00,0x00,,,,,"Set torque = 0"
461145,TX,0x201,3,0x90,0x90,0x00,0x00,,,,,"Set torque = 0"
461171,TX,0x201,3,0x90,0x90,0x00,0x00,,,,,"Set torque = 0"
461177,RX,0x181,6,0x40,0x40,0x10,0x43,0x80,0x00,0x0B,,"Status word = 0x4310"
461184,RX,0x181,4,0x30,0x30,0x00,0x00,0x01,,,,"Speed feedback = 0 rpm"
461197,TX,0x201,3,0x90,0x90,0x00,0x00,,,,,"Set torque = 0"
461223,TX,0x201,3,0x90,0x90,0x00,0x00,,,,,"Set torque = 0"
461249,TX,0x201,3,0x90,0x90,0x00,0x00,,,,,"Set torque = 0"
461273,TX,0x201,3,0x90,0x90,0x00,0x00,,,,,"Set torque = 0"
461279,RX,0x181,6,0x40,0x40,0x10,0x43,0x80,0x00,0x0B,,"Status word = 0x4310"
461286,RX,0x181,4,0x30,0x30,0x00,0x00,0x01,,,,"Speed feedback = 0 rpm"
461299,TX,0x201,3,0x90,0x90,0x00,0x00,,,,,"Set torque = 0"
461325,TX,0x201,3,0x90,0x90,0x00,0x00,,,,,"Set torque = 0"
461351,TX,0x201,3,0x90,0x90,0x00,0x00,,,,,"Set torque = 0"
461373,RX,0x181,6,0x40,0x40,0x10,0x43,0x80,0x00,0x0B,,"Status word = 0x4310"
461380,TX,0x201,3,0x90,0x90,0x00,0x00,,,,,"Set torque = 0"
461387,RX,0x181,4,0x30,0x30,0x00,0x00,0x01,,,,"Speed feedback = 0 rpm"
461407,TX,0x201,3,0x90,0x90,0x00,0x00,,,,,"Set torque = 0"
461433,TX,0x201,3,0x90,0x90,0x00,0x00,,,,,"Set torque = 0"
461459,TX,0x201,3,0x90,0x90,0x00,0x00,,,,,"Set torque = 0"
461473,RX,0x181,6,0x40,0x40,0x10,0x43,0x80,0x00,0x0B,,"Status word = 0x4310"
461480,RX,0x181,4,0x30,0x30,0x00,0x00,0x01,,,,"Speed feedback = 0 rpm"
461487,TX,0x201,3,0x90,0x90,0x00,0x00,,,,,"Set torque = 0"
461514,TX,0x201,3,0x90,0x90,0x00,0x00,,,,,"Set torque = 0"
461540,TX,0x201,3,0x90,0x90,0x00,0x00,,,,,"Set torque = 0"
461566,TX,0x201,3,0x90,0x90,0x00,0x00,,,,,"Set torque = 0"
461573,RX,0x181,6,0x40,0x40,0x10,0x43,0x80,0x00,0x0B,,"Status word = 0x4310"
461580,RX,0x181,4,0x30,0x30,0x00,0x00,0x01,,,,"Speed feedback = 0 rpm"
461592,TX,0x201,3,0x90,0x90,0x00,0x00,,,,,"Set torque = 0"
461618,TX,0x201,3,0x90,0x90,0x00,0x00,,,,,"Set torque = 0"
461644,TX,0x201,3,0x90,0x90,0x00,0x00,,,,,"Set torque = 0"
461670,TX,0x201,3,0x90,0x90,0x00,0x00,,,,,"Set torque = 0"
461677,RX,0x181,6,0x40,0x40,0x10,0x43,0x80,0x00,0x0B,,"Status word = 0x4310"
461683,RX,0x181,4,0x30,0x30,0x00,0x00,0x01,,,,"Speed feedback = 0 rpm"
461697,TX,0x201,3,0x90,0x90,0x00,0x00,,,,,"Set torque = 0"
461723,TX,0x201,3,0x90,0x90,0x00,0x00,,,,,"Set torque = 0"
461749,TX,0x201,3,0x90,0x90,0x00,0x00,,,,,"Set torque = 0"
461773,RX,0x181,6,0x40,0x40,0x10,0x43,0x80,0x00,0x0B,,"Status word = 0x4310"
461779,TX,0x201,3,0x90,0x90,0x00,0x00,,,,,"Set torque = 0"
461786,RX,0x181,4,0x30,0x30,0x00,0x00,0x01,,,,"Speed feedback = 0 rpm"
461806,TX,0x201,3,0x90,0x90,0x00,0x00,,,,,"Set torque = 0"
461833,TX,0x201,3,0x90,0x90,0x00,0x00,,,,,"Set torque = 0"
461859,TX,0x201,3,0x90,0x90,0x00,0x00,,,,,"Set torque = 0"
461872,RX,0x181,6,0x40,0x40,0x10,0x43,0x80,0x00,0x0B,,"Status word = 0x4310"
461879,RX,0x181,4,0x30,0x30,0x00,0x00,0x01,,,,"Speed feedback = 0 rpm"
461886,TX,0x201,3,0x90,0x90,0x00,0x00,,,,,"Set torque = 0"
461913,TX,0x201,3,0x90,0x90,0x00,0x00,,,,,"Set torque = 0"
461939,TX,0x201,3,0x90,0x90,0x00,0x00,,,,,"Set torque = 0"
461965,TX,0x201,3,0x90,0x90,0x00,0x00,,,,,"Set torque = 0"
461972,RX,0x181,6,0x40,0x40,0x10,0x43,0x80,0x00,0x0B,,"Status word = 0x4310"
461979,RX,0x181,4,0x30,0x30,0x00,0x00,0x01,,,,"Speed feedback = 0 rpm"
461991,TX,0x201,3,0x90,0x90,0x00,0x00,,,,,"Set torque = 0"
462017,TX,0x201,3,0x90,0x90,0x00,0x00,,,,,"Set torque = 0"
462043,TX,0x201,3,0x90,0x90,0x00,0x00,,,,,"Set torque = 0"
462069,TX,0x201,3,0x90,0x90,0x00,0x00,,,,,"Set torque = 0"
462075,RX,0x181,6,0x40,0x40,0x10,0x43,0x80,0x00,0x0B,,"Status word = 0x4310"
462082,RX,0x181,4,0x30,0x30,0x00,0x00,0x01,,,,"Speed feedback = 0 rpm"
462095,TX,0x201,3,0x90,0x90,0x00,0x00,,,,,"Set torque = 0"
462121,TX,0x201,3,0x90,0x90,0x00,0x00,,,,,"Set torque = 0"
462148,TX,0x201,3,0x90,0x90,0x00,0x00,,,,,"Set torque = 0"
462172,RX,0x181,6,0x40,0x40,0x10,0x43,0x80,0x00,0x0B,,"Status word = 0x4310"
462179,TX,0x201,3,0x90,0x90,0x00,0x00,,,,,"Set torque = 0"
462190,RX,0x181,4,0x30,0x30,0x00,0x00,0x01,,,,"Speed feedback = 0 rpm"
462210,TX,0x201,3,0x90,0x90,0x00,0x00,,,,,"Set torque = 0"
462236,TX,0x201,3,0x90,0x90,0x00,0x00,,,,,"Set torque = 0"
462262,TX,0x201,3,0x90,0x90,0x00,0x00,,,,,"Set torque = 0"
462272,RX,0x181,6,0x40,0x40,0x10,0x43,0x80,0x00,0x0B,,"Status word = 0x4310"
462279,RX,0x181,4,0x30,0x30,0x00,0x00,0x01,,,,"Speed feedback = 0 rpm"
462288,TX,0x201,3,0x90,0x90,0x00,0x00,,,,,"Set torque = 0"
462314,TX,0x201,3,0x90,0x90,0x00,0x00,,,,,"Set torque = 0"
462340,TX,0x201,3,0x90,0x90,0x00,0x00,,,,,"Set torque = 0"
462366,TX,0x201,3,0x90,0x90,0x00,0x00,,,,,"Set torque = 0"
462372,RX,0x181,6,0x40,0x40,0x10,0x43,0x80,0x00,0x0B,,"Status word = 0x4310"
462379,RX,0x181,4,0x30,0x30,0x00,0x00,0x01,,,,"Speed feedback = 0 rpm"
462392,TX,0x201,3,0x90,0x90,0x00,0x00,,,,,"Set torque = 0"
462418,TX,0x201,3,0x90,0x90,0x00,0x00,,,,,"Set torque = 0"
462445,TX,0x201,3,0x90,0x90,0x00,0x00,,,,,"Set torque = 0"
462471,TX,0x201,3,0x90,0x90,0x00,0x00,,,,,"Set torque = 0"
462477,RX,0x181,6,0x40,0x40,0x10,0x43,0x80,0x00,0x0B,,"Status word = 0x4310"
462484,RX,0x181,4,0x30,0x30,0x00,0x00,0x01,,,,"Speed feedback = 0 rpm"
462497,TX,0x201,3,0x90,0x90,0x00,0x00,,,,,"Set torque = 0"
462523,TX,0x201,3,0x90,0x90,0x00,0x00,,,,,"Set torque = 0"
462549,TX,0x201,3,0x90,0x90,0x00,0x00,,,,,"Set torque = 0"
462571,RX,0x181,6,0x40,0x40,0x10,0x43,0x80,0x00,0x0B,,"Status word = 0x4310"
462578,TX,0x201,3,0x90,0x90,0x00,0x00,,,,,"Set torque = 0"
462585,RX,0x181,4,0x30,0x30,0x00,0x00,0x01,,,,"Speed feedback = 0 rpm"
462605,TX,0x201,3,0x90,0x90,0x00,0x00,,,,,"Set torque = 0"
462631,TX,0x201,3,0x90,0x90,0x00,0x00,,,,,"Set torque = 0"
462657,TX,0x201,3,0x90,0x90,0x00,0x00,,,,,"Set torque = 0"
462671,RX,0x181,6,0x40,0x40,0x10,0x43,0x80,0x00,0x0B,,"Status word = 0x4310"
462678,RX,0x181,4,0x30,0x30,0x00,0x00,0x01,,,,"Speed feedback = 0 rpm"
462685,TX,0x201,3,0x90,0x90,0x00,0x00,,,,,"Set torque = 0"
462712,TX,0x201,3,0x90,0x90,0x00,0x00,,,,,"Set torque = 0"
462738,TX,0x201,3,0x90,0x90,0x00,0x00,,,,,"Set torque = 0"
462765,TX,0x201,3,0x90,0x90,0x00,0x00,,,,,"Set torque = 0"
462771,RX,0x181,6,0x40,0x40,0x10,0x43,0x80,0x00,0x0B,,"Status word = 0x4310"
462778,RX,0x181,4,0x30,0x30,0x00,0x00,0x01,,,,"Speed feedback = 0 rpm"
462791,TX,0x201,3,0x90,0x90,0x00,0x00,,,,,"Set torque = 0"
462817,TX,0x201,3,0x90,0x90,0x00,0x00,,,,,"Set torque = 0"
462843,TX,0x201,3,0x90,0x90,0x00,0x00,,,,,"Set torque = 0"
462869,TX,0x201,3,0x90,0x90,0x00,0x00,,,,,"Set torque = 0"
462875,RX,0x181,6,0x40,0x40,0x10,0x43,0x80,0x00,0x0B,,"Status word = 0x4310"
462882,RX,0x181,4,0x30,0x30,0x00,0x00,0x01,,,,"Speed feedback = 0 rpm"
462895,TX,0x201,3,0x90,0x90,0x00,0x00,,,,,"Set torque = 0"
462921,TX,0x201,3,0x90,0x90,0x00,0x00,,,,,"Set torque = 0"
462947,TX,0x201,3,0x90,0x90,0x00,0x00,,,,,"Set torque = 0"
462971,RX,0x181,6,0x40,0x40,0x10,0x43,0x80,0x00,0x0B,,"Status word = 0x4310"
462978,TX,0x201,3,0x90,0x90,0x00,0x00,,,,,"Set torque = 0"
462984,RX,0x181,4,0x30,0x30,0x00,0x00,0x01,,,,"Speed feedback = 0 rpm"
463004,TX,0x201,3,0x90,0x90,0x00,0x00,,,,,"Set torque = 0"
463030,TX,0x201,3,0x90,0x90,0x00,0x00,,,,,"Set torque = 0"
463056,TX,0x201,3,0x90,0x90,0x00,0x00,,,,,"Set torque = 0"
463071,RX,0x181,6,0x40,0x40,0x10,0x43,0x80,0x00,0x0B,,"Status word = 0x4310"
463077,RX,0x181,4,0x30,0x30,0x00,0x00,0x01,,,,"Speed feedback = 0 rpm"
463084,TX,0x201,3,0x90,0x90,0x00,0x00,,,,,"Set torque = 0"
463111,TX,0x201,3,0x90,0x90,0x00,0x00,,,,,"Set torque = 0"
463137,TX,0x201,3,0x90,0x90,0x00,0x00,,,,,"Set torque = 0"
463163,TX,0x201,3,0x90,0x90,0x00,0x00,,,,,"Set torque = 0"
463170,RX,0x181,6,0x40,0x40,0x10,0x43,0x80,0x00,0x0B,,"Status word = 0x4310"
463177,RX,0x181,4,0x30,0x30,0x00,0x00,0x01,,,,"Speed feedback = 0 rpm"
463189,TX,0x201,3,0x90,0x90,0x00,0x00,,,,,"Set torque = 0"
463216,TX,0x201,3,0x90,0x90,0x00,0x00,,,,,"Set torque = 0"
463242,TX,0x201,3,0x90,0x90,0x00,0x00,,,,,"Set torque = 0"
463268,TX,0x201,3,0x90,0x90,0x00,0x00,,,,,"Set torque = 0"
463274,RX,0x181,6,0x40,0x40,0x10,0x43,0x80,0x00,0x0B,,"Status word = 0x4310"
463281,RX,0x181,4,0x30,0x30,0x00,0x00,0x01,,,,"Speed feedback = 0 rpm"
463294,TX,0x201,3,0x90,0x90,0x00,0x00,,,,,"Set torque = 0"
463320,TX,0x201,3,0x90,0x90,0x00,0x00,,,,,"Set torque = 0"
463346,TX,0x201,3,0x90,0x90,0x00,0x00,,,,,"Set torque = 0"
463370,RX,0x181,6,0x40,0x40,0x10,0x43,0x80,0x00,0x0B,,"Status word = 0x4310"
463377,RX,0x181,4,0x30,0x30,0x00,0x00,0x01,,,,"Speed feedback = 0 rpm"
463384,TX,0x201,3,0x90,0x90,0x00,0x00,,,,,"Set torque = 0"
463411,TX,0x201,3,0x90,0x90,0x00,0x00,,,,,"Set torque = 0"
463437,TX,0x201,3,0x90,0x90,0x00,0x00,,,,,"Set torque = 0"
463463,TX,0x201,3,0x90,0x90,0x00,0x00,,,,,"Set torque = 0"
463470,RX,0x181,6,0x40,0x40,0x10,0x43,0x80,0x00,0x0B,,"Status word = 0x4310"
463477,RX,0x181,4,0x30,0x30,0x00,0x00,0x01,,,,"Speed feedback = 0 rpm"
463489,TX,0x201,3,0x90,0x90,0x00,0x00,,,,,"Set torque = 0"
463515,TX,0x201,3,0x90,0x90,0x00,0x00,,,,,"Set torque = 0"
463542,TX,0x201,3,0x90,0x90,0x00,0x00,,,,,"Set torque = 0"
463568,TX,0x201,3,0x90,0x90,0x00,0x00,,,,,"Set torque = 0"
463574,RX,0x181,6,0x40,0x40,0x10,0x43,0x80,0x00,0x0B,,"Status word = 0x4310"
463581,RX,0x181,4,0x30,0x30,0x00,0x00,0x01,,,,"Speed feedback = 0 rpm"
463594,TX,0x201,3,0x90,0x90,0x00,0x00,,,,,"Set torque = 0"
463620,TX,0x201,3,0x90,0x90,0x00,0x00,,,,,"Set torque = 0"
463646,TX,0x201,3,0x90,0x90,0x00,0x00,,,,,"Set torque = 0"
463670,RX,0x181,6,0x40,0x40,0x10,0x43,0x80,0x00,0x0B,,"Status word = 0x4310"
463676,TX,0x201,3,0x90,0x90,0x00,0x00,,,,,"Set torque = 0"
463683,RX,0x181,4,0x30,0x30,0x00,0x00,0x01,,,,"Speed feedback = 0 rpm"
463703,TX,0x201,3,0x90,0x90,0x00,0x00,,,,,"Set torque = 0"
463729,TX,0x201,3,0x90,0x90,0x00,0x00,,,,,"Set torque = 0"
463755,TX,0x201,3,0x90,0x90,0x00,0x00,,,,,"Set torque = 0"
463769,RX,0x181,6,0x40,0x40,0x10,0x43,0x80,0x00,0x0B,,"Status word = 0x4310"
463776,RX,0x181,4,0x30,0x30,0x00,0x00,0x01,,,,"Speed feedback = 0 rpm"
463783,TX,0x201,3,0x90,0x90,0x00,0x00,,,,,"Set torque = 0"
463810,TX,0x201,3,0x90,0x90,0x00,0x00,,,,,"Set torque = 0"
463836,TX,0x201,3,0x90,0x90,0x00,0x00,,,,,"Set torque = 0"
463910,RX,0x181,6,0x40,0x40,0x10,0x43,0x80,0x00,0x0B,,"Status word = 0x4310"
463916,RX,0x181,4,0x30,0x30,0x00,0x00,0x01,,,,"Speed feedback = 0 rpm"
463930,TX,0x201,3,0x90,0x90,0x00,0x00,,,,,"Set torque = 0"
463956,TX,0x201,3,0x90,0x90,0x00,0x00,,,,,"Set torque = 0"
463969,RX,0x181,6,0x40,0x40,0x10,0x43,0x80,0x00,0x0B,,"Status word = 0x4310"
463976,RX,0x181,4,0x30,0x30,0x00,0x00,0x01,,,,"Speed feedback = 0 rpm"
463983,TX,0x201,3,0x90,0x90,0x00,0x00,,,,,"Set torque = 0"
464010,TX,0x201,3,0x90,0x90,0x00,0x00,,,,,"Set torque = 0"
464036,TX,0x201,3,0x90,0x90,0x00,0x00,,,,,"Set torque = 0"
464063,TX,0x201,3,0x90,0x90,0x00,0x00,,,,,"Set torque = 0"
464069,RX,0x181,6,0x40,0x40,0x10,0x43,0x80,0x00,0x0B,,"Status word = 0x4310"
464076,RX,0x181,4,0x30,0x30,0x00,0x00,0x01,,,,"Speed feedback = 0 rpm"
464089,TX,0x201,3,0x90,0x90,0x00,0x00,,,,,"Set torque = 0"
464115,TX,0x201,3,0x90,0x90,0x00,0x00,,,,,"Set torque = 0"
464141,TX,0x201,3,0x90,0x90,0x00,0x00,,,,,"Set torque = 0"
464167,TX,0x201,3,0x90,0x90,0x00,0x00,,,,,"Set torque = 0"
464173,RX,0x181,6,0x40,0x40,0x10,0x43,0x80,0x00,0x0B,,"Status word = 0x4310"
464180,RX,0x181,4,0x30,0x30,0x00,0x00,0x01,,,,"Speed feedback = 0 rpm"
464193,TX,0x201,3,0x90,0x90,0x00,0x00,,,,,"Set torque = 0"
464219,TX,0x201,3,0x90,0x90,0x00,0x00,,,,,"Set torque = 0"
464245,TX,0x201,3,0x90,0x90,0x00,0x00,,,,,"Set torque = 0"
464269,RX,0x181,6,0x40,0x40,0x10,0x43,0x80,0x00,0x0B,,"Status word = 0x4310"
464275,TX,0x201,3,0x90,0x90,0x00,0x00,,,,,"Set torque = 0"
464282,RX,0x181,4,0x30,0x30,0x00,0x00,0x01,,,,"Speed feedback = 0 rpm"
464370,RX,0x181,6,0x40,0x40,0x10,0x43,0x80,0x00,0x0B,,"Status word = 0x4310"
464377,RX,0x181,4,0x30,0x30,0x00,0x00,0x01,,,,"Speed feedback = 0 rpm"
464384,TX,0x201,3,0x90,0x90,0x00,0x00,,,,,"Set torque = 0"
464411,TX,0x201,3,0x90,0x90,0x00,0x00,,,,,"Set torque = 0"
464437,TX,0x201,3,0x90,0x90,0x00,0x00,,,,,"Set torque = 0"
464463,TX,0x201,3,0x90,0x90,0x00,0x00,,,,,"Set torque = 0"
464469,RX,0x181,6,0x40,0x40,0x10,0x43,0x80,0x00,0x0B,,"Status word = 0x4310"
464476,RX,0x181,4,0x30,0x30,0x00,0x00,0x01,,,,"Speed feedback = 0 rpm"
464489,TX,0x201,3,0x90,0x90,0x00,0x00,,,,,"Set torque = 0"
464515,TX,0x201,3,0x90,0x90,0x00,0x00,,,,,"Set torque = 0"
464541,TX,0x201,3,0x90,0x90,0x00,0x00,,,,,"Set torque = 0"
464567,TX,0x201,3,0x90,0x90,0x00,0x00,,,,,"Set torque = 0"
464574,RX,0x181,6,0x40,0x40,0x10,0x43,0x80,0x00,0x0B,,"Status word = 0x4310"
464580,RX,0x181,4,0x30,0x30,0x00,0x00,0x01,,,,"Speed feedback = 0 rpm"
464594,TX,0x201,3,0x90,0x90,0x00,0x00,,,,,"Set torque = 0"
464620,TX,0x201,3,0x90,0x90,0x00,0x00,,,,,"Set torque = 0"
464646,TX,0x201,3,0x90,0x90,0x00,0x00,,,,,"Set torque = 0"
464668,RX,0x181,6,0x40,0x40,0x10,0x43,0x80,0x00,0x0B,,"Status word = 0x4310"
464675,TX,0x201,3,0x90,0x90,0x00,0x00,,,,,"Set torque = 0"
464682,RX,0x181,4,0x30,0x30,0x00,0x00,0x01,,,,"Speed feedback = 0 rpm"
464702,TX,0x201,3,0x90,0x90,0x00,0x00,,,,,"Set torque = 0"
464729,TX,0x201,3,0x90,0x90,0x00,0x00,,,,,"Set torque = 0"
464755,TX,0x201,3,0x90,0x90,0x00,0x00,,,,,"Set torque = 0"
464768,RX,0x181,6,0x40,0x40,0x10,0x43,0x80,0x00,0x0B,,"Status word = 0x4310"
464864,RX,0x181,4,0x30,0x30,0x00,0x00,0x01,,,,"Speed feedback = 0 rpm"
464871,RX,0x181,6,0x40,0x40,0x10,0x43,0x80,0x00,0x0B,,"Status word = 0x4310"
464877,RX,0x181,4,0x30,0x30,0x00,0x00,0x01,,,,"Speed feedback = 0 rpm"
464884,TX,0x201,3,0x90,0x90,0x00,0x00,,,,,"Set torque = 0"
464911,TX,0x201,3,0x90,0x90,0x00,0x00,,,,,"Set torque = 0"
464937,TX,0x201,3,0x90,0x90,0x00,0x00,,,,,"Set torque = 0"
464964,TX,0x201,3,0x90,0x90,0x00,0x00,,,,,"Set torque = 0"
464970,RX,0x181,6,0x40,0x40,0x10,0x43,0x80,0x00,0x0B,,"Status word = 0x4310"
464977,RX,0x181,4,0x30,0x30,0x00,0x00,0x01,,,,"Speed feedback = 0 rpm"
464990,TX,0x201,3,0x90,0x90,0x00,0x00,,,,,"Set torque = 0"
465016,TX,0x201,3,0x90,0x90,0x00,0x00,,,,,"Set torque = 0"
465042,TX,0x201,3,0x90,0x90,0x00,0x00,,,,,"Set torque = 0"
465067,RX,0x181,6,0x40,0x40,0x10,0x43,0x80,0x00,0x0B,,"Status word = 0x4310"
465074,TX,0x201,3,0x90,0x90,0x00,0x00,,,,,"Set torque = 0"
465081,RX,0x181,4,0x30,0x30,0x00,0x00,0x01,,,,"Speed feedback = 0 rpm"
465101,TX,0x201,3,0x90,0x90,0x00,0x00,,,,,"Set torque = 0"
465127,TX,0x201,3,0x90,0x90,0x00,0x00,,,,,"Set torque = 0"
465153,TX,0x201,3,0x90,0x90,0x00,0x00,,,,,"Set torque = 0"
465167,RX,0x181,6,0x40,0x40,0x10,0x43,0x80,0x00,0x0B,,"Status word = 0x4310"
465174,RX,0x181,4,0x30,0x30,0x00,0x00,0x01,,,,"Speed feedback = 0 rpm"
465181,TX,0x201,3,0x90,0x90,0x00,0x00,,,,,"Set torque = 0"
465208,TX,0x201,3,0x90,0x90,0x00,0x00,,,,,"Set torque = 0"
465234,TX,0x201,3,0x90,0x90,0x00,0x00,,,,,"Set torque = 0"
465260,TX,0x201,3,0x90,0x90,0x00,0x00,,,,,"Set torque = 0"
465356,RX,0x181,6,0x40,0x40,0x10,0x43,0x80,0x00,0x0B,,"Status word = 0x4310"
465363,RX,0x181,4,0x30,0x30,0x00,0x00,0x01,,,,"Speed feedback = 0 rpm"
465370,RX,0x181,6,0x40,0x40,0x10,0x43,0x80,0x00,0x0B,,"Status word = 0x4310"
465376,RX,0x181,4,0x30,0x30,0x00,0x00,0x01,,,,"Speed feedback = 0 rpm"
465383,TX,0x201,3,0x90,0x90,0x00,0x00,,,,,"Set torque = 0"
465410,TX,0x201,3,0x90,0x90,0x00,0x00,,,,,"Set torque = 0"
465436,TX,0x201,3,0x90,0x90,0x00,0x00,,,,,"Set torque = 0"
465462,TX,0x201,3,0x90,0x90,0x00,0x00,,,,,"Set torque = 0"
465468,RX,0x181,6,0x40,0x40,0x10,0x43,0x80,0x00,0x0B,,"Status word = 0x4310"
465475,RX,0x181,4,0x30,0x30,0x00,0x00,0x01,,,,"Speed feedback = 0 rpm"
465488,TX,0x201,3,0x90,0x90,0x00,0x00,,,,,"Set torque = 0"
465514,TX,0x201,3,0x90,0x90,0x00,0x00,,,,,"Set torque = 0"
465540,TX,0x201,3,0x90,0x90,0x00,0x00,,,,,"Set torque = 0"
465566,TX,0x201,3,0x90,0x90,0x00,0x00,,,,,"Set torque = 0"
465572,RX,0x181,6,0x40,0x40,0x10,0x43,0x80,0x00,0x0B,,"Status word = 0x4310"
465579,RX,0x181,4,0x30,0x30,0x00,0x00,0x01,,,,"Speed feedback = 0 rpm"
465592,TX,0x201,3,0x90,0x90,0x00,0x00,,,,,"Set torque = 0"
465618,TX,0x201,3,0x90,0x90,0x00,0x00,,,,,"Set torque = 0"
465645,TX,0x201,3,0x90,0x90,0x00,0x00,,,,,"Set torque = 0"
465666,RX,0x181,6,0x40,0x40,0x10,0x43,0x80,0x00,0x0B,,"Status word = 0x4310"
465673,TX,0x201,3,0x90,0x90,0x00,0x00,,,,,"Set torque = 0"
465681,RX,0x181,4,0x30,0x30,0x00,0x00,0x01,,,,"Speed feedback = 0 rpm"
465701,TX,0x201,3,0x90,0x90,0x00,0x00,,,,,"Set torque = 0"
465788,RX,0x181,6,0x40,0x40,0x10,0x43,0x80,0x00,0x0B,,"Status word = 0x4310"
465795,RX,0x181,4,0x30,0x30,0x00,0x00,0x01,,,,"Speed feedback = 0 rpm"
465808,TX,0x201,3,0x90,0x90,0x00,0x00,,,,,"Set torque = 0"
465835,TX,0x201,3,0x90,0x90,0x00,0x00,,,,,"Set torque = 0"
465861,TX,0x201,3,0x90,0x90,0x00,0x00,,,,,"Set torque = 0"
465867,RX,0x181,6,0x40,0x40,0x10,0x43,0x80,0x00,0x0B,,"Status word = 0x4310"
465874,RX,0x181,4,0x30,0x30,0x00,0x00,0x01,,,,"Speed feedback = 0 rpm"
465887,TX,0x201,3,0x90,0x90,0x00,0x00,,,,,"Set torque = 0"
465913,TX,0x201,3,0x90,0x90,0x00,0x00,,,,,"Set torque = 0"
465939,TX,0x201,3,0x90,0x90,0x00,0x00,,,,,"Set torque = 0"
465965,TX,0x201,3,0x90,0x90,0x00,0x00,,,,,"Set torque = 0"
465971,RX,0x181,6,0x40,0x40,0x10,0x43,0x80,0x00,0x0B,,"Status word = 0x4310"
465978,RX,0x181,4,0x30,0x30,0x00,0x00,0x01,,,,"Speed feedback = 0 rpm"
465991,TX,0x201,3,0x90,0x90,0x00,0x00,,,,,"Set torque = 0"
466017,TX,0x201,3,0x90,0x90,0x00,0x00,,,,,"Set torque = 0"
466043,TX,0x201,3,0x90,0x90,0x00,0x00,,,,,"Set torque = 0"
466066,RX,0x181,6,0x40,0x40,0x10,0x43,0x80,0x00,0x0B,,"Status word = 0x4310"
466073,TX,0x201,3,0x90,0x90,0x00,0x00,,,,,"Set torque = 0"
466079,RX,0x181,4,0x30,0x30,0x00,0x00,0x01,,,,"Speed feedback = 0 rpm"
466099,TX,0x201,3,0x90,0x90,0x00,0x00,,,,,"Set torque = 0"
466125,TX,0x201,3,0x90,0x90,0x00,0x00,,,,,"Set torque = 0"
466152,TX,0x201,3,0x90,0x90,0x00,0x00,,,,,"Set torque = 0"
466166,RX,0x181,6,0x40,0x40,0x10,0x43,0x80,0x00,0x0B,,"Status word = 0x4310"
466173,RX,0x181,4,0x30,0x30,0x00,0x00,0x01,,,,"Speed feedback = 0 rpm"
466263,TX,0x201,3,0x90,0x90,0x00,0x00,,,,,"Set torque = 0"
466269,RX,0x181,6,0x40,0x40,0x10,0x43,0x80,0x00,0x0B,,"Status word = 0x4310"
466276,RX,0x181,4,0x30,0x30,0x00,0x00,0x01,,,,"Speed feedback = 0 rpm"
466289,TX,0x201,3,0x90,0x90,0x00,0x00,,,,,"Set torque = 0"
466315,TX,0x201,3,0x90,0x90,0x00,0x00,,,,,"Set torque = 0"
466341,TX,0x201,3,0x90,0x90,0x00,0x00,,,,,"Set torque = 0"
466365,RX,0x181,6,0x40,0x40,0x10,0x43,0x80,0x00,0x0B,,"Status word = 0x4310"
466372,TX,0x201,3,0x90,0x90,0x00,0x00,,,,,"Set torque = 0"
466379,RX,0x181,4,0x30,0x30,0x00,0x00,0x01,,,,"Speed feedback = 0 rpm"
466399,TX,0x201,3,0x90,0x90,0x00,0x00,,,,,"Set torque = 0"
466425,TX,0x201,3,0x90,0x90,0x00,0x00,,,,,"Set torque = 0"
466451,TX,0x201,3,0x90,0x90,0x00,0x00,,,,,"Set torque = 0"
466465,RX,0x181,6,0x40,0x40,0x10,0x43,0x80,0x00,0x0B,,"Status word = 0x4310"
466472,RX,0x181,4,0x30,0x30,0x00,0x00,0x01,,,,"Speed feedback = 0 rpm"
466479,TX,0x201,3,0x90,0x90,0x00,0x00,,,,,"Set torque = 0"
466506,TX,0x201,3,0x90,0x90,0x00,0x00,,,,,"Set torque = 0"
466532,TX,0x201,3,0x90,0x90,0x00,0x00,,,,,"Set torque = 0"
466558,TX,0x201,3,0x90,0x90,0x00,0x00,,,,,"Set torque = 0"
466565,RX,0x181,6,0x40,0x40,0x10,0x43,0x80,0x00,0x0B,,"Status word = 0x4310"
466572,RX,0x181,4,0x30,0x30,0x00,0x00,0x01,,,,"Speed feedback = 0 rpm"
466584,TX,0x201,3,0x90,0x90,0x00,0x00,,,,,"Set torque = 0"
466610,TX,0x201,3,0x90,0x90,0x00,0x00,,,,,"Set torque = 0"
466636,TX,0x201,3,0x90,0x90,0x00,0x00,,,,,"Set torque = 0"
466662,TX,0x201,3,0x90,0x90,0x00,0x00,,,,,"Set torque = 0"
466754,RX,0x181,6,0x40,0x40,0x10,0x43,0x80,0x00,0x0B,,"Status word = 0x4310"
466761,RX,0x181,4,0x30,0x30,0x00,0x00,0x01,,,,"Speed feedback = 0 rpm"
466767,RX,0x181,6,0x40,0x40,0x10,0x43,0x80,0x00,0x0B,,"Status word = 0x4310"
466774,RX,0x181,4,0x30,0x30,0x00,0x00,0x01,,,,"Speed feedback = 0 rpm"
466781,TX,0x201,3,0x90,0x90,0x00,0x00,,,,,"Set torque = 0"
466808,TX,0x201,3,0x90,0x90,0x00,0x00,,,,,"Set torque = 0"
466834,TX,0x201,3,0x90,0x90,0x00,0x00,,,,,"Set torque = 0"
466860,TX,0x201,3,0x90,0x90,0x00,0x00,,,,,"Set torque = 0"
466866,RX,0x181,6,0x40,0x40,0x10,0x43,0x80,0x00,0x0B,,"Status word = 0x4310"
466873,RX,0x181,4,0x30,0x30,0x00,0x00,0x01,,,,"Speed feedback = 0 rpm"
466886,TX,0x201,3,0x90,0x90,0x00,0x00,,,,,"Set torque = 0"
466912,TX,0x201,3,0x90,0x90,0x00,0x00,,,,,"Set torque = 0"
466941,TX,0x201,3,0x90,0x90,0x00,0x00,,,,,"Set torque = 0"
466964,RX,0x181,6,0x40,0x40,0x10,0x43,0x80,0x00,0x0B,,"Status word = 0x4310"
466971,TX,0x201,3,0x90,0x90,0x00,0x00,,,,,"Set torque = 0"
466978,RX,0x181,4,0x30,0x30,0x00,0x00,0x01,,,,"Speed feedback = 0 rpm"
466998,TX,0x201,3,0x90,0x90,0x00,0x00,,,,,"Set torque = 0"
467025,TX,0x201,3,0x90,0x90,0x00,0x00,,,,,"Set torque = 0"
467051,TX,0x201,3,0x90,0x90,0x00,0x00,,,,,"Set torque = 0"
467064,RX,0x181,6,0x40,0x40,0x10,0x43,0x80,0x00,0x0B,,"Status word = 0x4310"
467071,RX,0x181,4,0x30,0x30,0x00,0x00,0x01,,,,"Speed feedback = 0 rpm"
467078,TX,0x201,3,0x90,0x90,0x00,0x00,,,,,"Set torque = 0"
467105,TX,0x201,3,0x90,0x90,0x00,0x00,,,,,"Set torque = 0"
467197,RX,0x181,6,0x40,0x40,0x10,0x43,0x80,0x00,0x0B,,"Status word = 0x4310"
467204,RX,0x181,4,0x30,0x30,0x00,0x00,0x01,,,,"Speed feedback = 0 rpm"
467217,TX,0x201,3,0x90,0x90,0x00,0x00,,,,,"Set torque = 0"
467244,TX,0x201,3,0x90,0x90,0x00,0x00,,,,,"Set torque = 0"
467264,RX,0x181,6,0x40,0x40,0x10,0x43,0x80,0x00,0x0B,,"Status word = 0x4310"
467271,TX,0x201,3,0x90,0x90,0x00,0x00,,,,,"Set torque = 0"
467277,RX,0x181,4,0x30,0x30,0x00,0x00,0x01,,,,"Speed feedback = 0 rpm"
467297,TX,0x201,3,0x90,0x90,0x00,0x00,,,,,"Set torque = 0"
467323,TX,0x201,3,0x90,0x90,0x00,0x00,,,,,"Set torque = 0"
467349,TX,0x201,3,0x90,0x90,0x00,0x00,,,,,"Set torque = 0"
467364,RX,0x181,6,0x40,0x40,0x10,0x43,0x80,0x00,0x0B,,"Status word = 0x4310"
467371,RX,0x181,4,0x30,0x30,0x00,0x00,0x01,,,,"Speed feedback = 0 rpm"
467378,TX,0x201,3,0x90,0x90,0x00,0x00,,,,,"Set torque = 0"
467405,TX,0x201,3,0x90,0x90,0x00,0x00,,,,,"Set torque = 0"
467431,TX,0x201,3,0x90,0x90,0x00,0x00,,,,,"Set torque = 0"
467457,TX,0x201,3,0x90,0x90,0x00,0x00,,,,,"Set torque = 0"
467464,RX,0x181,6,0x40,0x40,0x10,0x43,0x80,0x00,0x0B,,"Status word = 0x4310"
467471,RX,0x181,4,0x30,0x30,0x00,0x00,0x01,,,,"Speed feedback = 0 rpm"
467483,TX,0x201,3,0x90,0x90,0x00,0x00,,,,,"Set torque = 0"
467509,TX,0x201,3,0x90,0x90,0x00,0x00,,,,,"Set torque = 0"
467535,TX,0x201,3,0x90,0x90,0x00,0x00,,,,,"Set torque = 0"
467562,TX,0x201,3,0x90,0x90,0x00,0x00,,,,,"Set torque = 0"
467568,RX,0x181,6,0x40,0x40,0x10,0x43,0x80,0x00,0x0B,,"Status word = 0x4310"
467575,RX,0x181,4,0x30,0x30,0x00,0x00,0x01,,,,"Speed feedback = 0 rpm"
467669,RX,0x181,6,0x40,0x40,0x10,0x43,0x80,0x00,0x0B,,"Status word = 0x4310"
467675,RX,0x181,4,0x30,0x30,0x00,0x00,0x01,,,,"Speed feedback = 0 rpm"
467682,TX,0x201,3,0x90,0x90,0x00,0x00,,,,,"Set torque = 0"
467709,TX,0x201,3,0x90,0x90,0x00,0x00,,,,,"Set torque = 0"
467735,TX,0x201,3,0x90,0x90,0x00,0x00,,,,,"Set torque = 0"
467761,TX,0x201,3,0x90,0x90,0x00,0x00,,,,,"Set torque = 0"
467768,RX,0x181,6,0x40,0x40,0x10,0x43,0x80,0x00,0x0B,,"Status word = 0x4310"
467774,RX,0x181,4,0x30,0x30,0x00,0x00,0x01,,,,"Speed feedback = 0 rpm"
467788,TX,0x201,3,0x90,0x90,0x00,0x00,,,,,"Set torque = 0"
467814,TX,0x201,3,0x90,0x90,0x00,0x00,,,,,"Set torque = 0"
467840,TX,0x201,3,0x90,0x90,0x00,0x00,,,,,"Set torque = 0"
467863,RX,0x181,6,0x40,0x40,0x10,0x43,0x80,0x00,0x0B,,"Status word = 0x4310"
467868,TX,0x201,3,0x90,0x90,0x00,0x00,,,,,"Set torque = 0"
467875,RX,0x181,4,0x30,0x30,0x00,0x00,0x01,,,,"Speed feedback = 0 rpm"
467895,TX,0x201,3,0x90,0x90,0x00,0x00,,,,,"Set torque = 0"
467922,TX,0x201,3,0x90,0x90,0x00,0x00,,,,,"Set torque = 0"
467948,TX,0x201,3,0x90,0x90,0x00,0x00,,,,,"Set torque = 0"
467963,RX,0x181,6,0x40,0x40,0x10,0x43,0x80,0x00,0x0B,,"Status word = 0x4310"
467970,RX,0x181,4,0x30,0x30,0x00,0x00,0x01,,,,"Speed feedback = 0 rpm"
467977,TX,0x201,3,0x90,0x90,0x00,0x00,,,,,"Set torque = 0"
468003,TX,0x201,3,0x90,0x90,0x00,0x00,,,,,"Set torque = 0"
468029,TX,0x201,3,0x90,0x90,0x00,0x00,,,,,"Set torque = 0"
468055,TX,0x201,3,0x90,0x90,0x00,0x00,,,,,"Set torque = 0"
468063,RX,0x181,6,0x40,0x40,0x10,0x43,0x80,0x00,0x0B,,"Status word = 0x4310"
468156,RX,0x181,4,0x30,0x30,0x00,0x00,0x01,,,,"Speed feedback = 0 rpm"
468163,RX,0x181,6,0x40,0x40,0x10,0x43,0x80,0x00,0x0B,,"Status word = 0x4310"
468170,RX,0x181,4,0x30,0x30,0x00,0x00,0x01,,,,"Speed feedback = 0 rpm"
468177,TX,0x201,3,0x90,0x90,0x00,0x00,,,,,"Set torque = 0"
468203,TX,0x201,3,0x90,0x90,0x00,0x00,,,,,"Set torque = 0"
468229,TX,0x201,3,0x90,0x90,0x00,0x00,,,,,"Set torque = 0"
468255,TX,0x201,3,0x90,0x90,0x00,0x00,,,,,"Set torque = 0"
468262,RX,0x181,6,0x40,0x40,0x10,0x43,0x80,0x00,0x0B,,"Status word = 0x4310"
468269,RX,0x181,4,0x30,0x30,0x00,0x00,0x01,,,,"Speed feedback = 0 rpm"
468281,TX,0x201,3,0x90,0x90,0x00,0x00,,,,,"Set torque = 0"
468307,TX,0x201,3,0x90,0x90,0x00,0x00,,,,,"Set torque = 0"
468333,TX,0x201,3,0x90,0x90,0x00,0x00,,,,,"Set torque = 0"
468359,TX,0x201,3,0x90,0x90,0x00,0x00,,,,,"Set torque = 0"
468365,RX,0x181,6,0x40,0x40,0x10,0x43,0x80,0x00,0x0B,,"Status word = 0x4310"
468372,RX,0x181,4,0x30,0x30,0x00,0x00,0x01,,,,"Speed feedback = 0 rpm"
468385,TX,0x201,3,0x90,0x90,0x00,0x00,,,,,"Set torque = 0"
468411,TX,0x201,3,0x90,0x90,0x00,0x00,,,,,"Set torque = 0"
468437,TX,0x201,3,0x90,0x90,0x00,0x00,,,,,"Set torque = 0"
468462,RX,0x181,6,0x40,0x40,0x10,0x43,0x80,0x00,0x0B,,"Status word = 0x4310"
468469,TX,0x201,3,0x90,0x90,0x00,0x00,,,,,"Set torque = 0"
468476,RX,0x181,4,0x30,0x30,0x00,0x00,0x01,,,,"Speed feedback = 0 rpm"
468496,TX,0x201,3,0x90,0x90,0x00,0x00,,,,,"Set torque = 0"
468522,TX,0x201,3,0x90,0x90,0x00,0x00,,,,,"Set torque = 0"
468548,TX,0x201,3,0x90,0x90,0x00,0x00,,,,,"Set torque = 0"
468640,RX,0x181,6,0x40,0x40,0x10,0x43,0x80,0x00,0x0B,,"Status word = 0x4310"
468646,RX,0x181,4,0x30,0x30,0x00,0x00,0x01,,,,"Speed feedback = 0 rpm"
468660,TX,0x201,3,0x90,0x90,0x00,0x00,,,,,"Set torque = 0"
468667,RX,0x181,6,0x40,0x40,0x10,0x43,0x80,0x00,0x0B,,"Status word = 0x4310"
468673,RX,0x181,4,0x30,0x30,0x00,0x00,0x01,,,,"Speed feedback = 0 rpm"
468687,TX,0x201,3,0x90,0x90,0x00,0x00,,,,,"Set torque = 0"
468713,TX,0x201,3,0x90,0x90,0x00,0x00,,,,,"Set torque = 0"
468739,TX,0x201,3,0x90,0x90,0x00,0x00,,,,,"Set torque = 0"
468762,RX,0x181,6,0x40,0x40,0x10,0x43,0x80,0x00,0x0B,,"Status word = 0x4310"
468768,TX,0x201,3,0x90,0x90,0x00,0x00,,,,,"Set torque = 0"
468775,RX,0x181,4,0x30,0x30,0x00,0x00,0x01,,,,"Speed feedback = 0 rpm"
468795,TX,0x201,3,0x90,0x90,0x00,0x00,,,,,"Set torque = 0"
468822,TX,0x201,3,0x90,0x90,0x00,0x00,,,,,"Set torque = 0"
468848,TX,0x201,3,0x90,0x90,0x00,0x00,,,,,"Set torque = 0"
468861,RX,0x181,6,0x40,0x40,0x10,0x43,0x80,0x00,0x0B,,"Status word = 0x4310"
468868,RX,0x181,4,0x30,0x30,0x00,0x00,0x01,,,,"Speed feedback = 0 rpm"
468875,TX,0x201,3,0x90,0x90,0x00,0x00,,,,,"Set torque = 0"
468902,TX,0x201,3,0x90,0x90,0x00,0x00,,,,,"Set torque = 0"
468928,TX,0x201,3,0x90,0x90,0x00,0x00,,,,,"Set torque = 0"
468954,TX,0x201,3,0x90,0x90,0x00,0x00,,,,,"Set torque = 0"
468961,RX,0x181,6,0x40,0x40,0x10,0x43,0x80,0x00,0x0B,,"Status word = 0x4310"
468968,RX,0x181,4,0x30,0x30,0x00,0x00,0x01,,,,"Speed feedback = 0 rpm"
468980,TX,0x201,3,0x90,0x90,0x00,0x00,,,,,"Set torque = 0"
469006,TX,0x201,3,0x90,0x90,0x00,0x00,,,,,"Set torque = 0"
469093,RX,0x181,6,0x40,0x40,0x10,0x43,0x80,0x00,0x0B,,"Status word = 0x4310"
469100,RX,0x181,4,0x30,0x30,0x00,0x00,0x01,,,,"Speed feedback = 0 rpm"
469113,TX,0x201,3,0x90,0x90,0x00,0x00,,,,,"Set torque = 0"
469139,TX,0x201,3,0x90,0x90,0x00,0x00,,,,,"Set torque = 0"
469161,RX,0x181,6,0x40,0x40,0x10,0x43,0x80,0x00,0x0B,,"Status word = 0x4310"
469168,TX,0x201,3,0x90,0x90,0x00,0x00,,,,,"Set torque = 0"
469175,RX,0x181,4,0x30,0x30,0x00,0x00,0x01,,,,"Speed feedback = 0 rpm"
469195,TX,0x201,3,0x90,0x90,0x00,0x00,,,,,"Set torque = 0"
469221,TX,0x201,3,0x90,0x90,0x00,0x00,,,,,"Set torque = 0"
469247,TX,0x201,3,0x90,0x90,0x00,0x00,,,,,"Set torque = 0"
469261,RX,0x181,6,0x40,0x40,0x10,0x43,0x80,0x00,0x0B,,"Status word = 0x4310"
469268,RX,0x181,4,0x30,0x30,0x00,0x00,0x01,,,,"Speed feedback = 0 rpm"
469274,TX,0x201,3,0x90,0x90,0x00,0x00,,,,,"Set torque = 0"
469301,TX,0x201,3,0x90,0x90,0x00,0x00,,,,,"Set torque = 0"
469327,TX,0x201,3,0x90,0x90,0x00,0x00,,,,,"Set torque = 0"
469354,TX,0x201,3,0x90,0x90,0x00,0x00,,,,,"Set torque = 0"
469361,RX,0x181,6,0x40,0x40,0x10,0x43,0x80,0x00,0x0B,,"Status word = 0x4310"
469368,RX,0x181,4,0x30,0x30,0x00,0x00,0x01,,,,"Speed feedback = 0 rpm"
469380,TX,0x201,3,0x90,0x90,0x00,0x00,,,,,"Set torque = 0"
469406,TX,0x201,3,0x90,0x90,0x00,0x00,,,,,"Set torque = 0"
469432,TX,0x201,3,0x90,0x90,0x00,0x00,,,,,"Set torque = 0"
469458,TX,0x201,3,0x90,0x90,0x00,0x00,,,,,"Set torque = 0"
469464,RX,0x181,6,0x40,0x40,0x10,0x43,0x80,0x00,0x0B,,"Status word = 0x4310"
469471,RX,0x181,4,0x30,0x30,0x00,0x00,0x01,,,,"Speed feedback = 0 rpm"
469560,TX,0x201,3,0x90,0x90,0x00,0x00,,,,,"Set torque = 0"
469566,RX,0x181,6,0x40,0x40,0x10,0x43,0x80,0x00,0x0B,,"Status word = 0x4310"
469573,RX,0x181,4,0x30,0x30,0x00,0x00,0x01,,,,"Speed feedback = 0 rpm"
469586,TX,0x201,3,0x90,0x90,0x00,0x00,,,,,"Set torque = 0"
469612,TX,0x201,3,0x90,0x90,0x00,0x00,,,,,"Set torque = 0"
469638,TX,0x201,3,0x90,0x90,0x00,0x00,,,,,"Set torque = 0"
469660,RX,0x181,6,0x40,0x40,0x10,0x43,0x80,0x00,0x0B,,"Status word = 0x4310"
469667,TX,0x201,3,0x90,0x90,0x00,0x00,,,,,"Set torque = 0"
469674,RX,0x181,4,0x30,0x30,0x00,0x00,0x01,,,,"Speed feedback = 0 rpm"
469694,TX,0x201,3,0x90,0x90,0x00,0x00,,,,,"Set torque = 0"
469720,TX,0x201,3,0x90,0x90,0x00,0x00,,,,,"Set torque = 0"
469746,TX,0x201,3,0x90,0x90,0x00,0x00,,,,,"Set torque = 0"
469760,RX,0x181,6,0x40,0x40,0x10,0x43,0x80,0x00,0x0B,,"Status word = 0x4310"
469767,RX,0x181,4,0x30,0x30,0x00,0x00,0x01,,,,"Speed feedback = 0 rpm"
469774,TX,0x201,3,0x90,0x90,0x00,0x00,,,,,"Set torque = 0"
469800,TX,0x201,3,0x90,0x90,0x00,0x00,,,,,"Set torque = 0"
469826,TX,0x201,3,0x90,0x90,0x00,0x00,,,,,"Set torque = 0"
469852,TX,0x201,3,0x90,0x90,0x00,0x00,,,,,"Set torque = 0"
469860,RX,0x181,6,0x40,0x40,0x10,0x43,0x80,0x00,0x0B,,"Status word = 0x4310"
469867,RX,0x181,4,0x30,0x30,0x00,0x00,0x01,,,,"Speed feedback = 0 rpm"
469879,TX,0x201,3,0x90,0x90,0x00,0x00,,,,,"Set torque = 0"
469905,TX,0x201,3,0x90,0x90,0x00,0x00,,,,,"Set torque = 0"
469931,TX,0x201,3,0x90,0x90,0x00,0x00,,,,,"Set torque = 0"
469957,TX,0x201,3,0x90,0x90,0x00,0x00,,,,,"Set torque = 0"
470047,RX,0x181,6,0x40,0x40,0x10,0x43,0x80,0x00,0x0B,,"Status word = 0x4310"
470054,RX,0x181,4,0x30,0x30,0x00,0x00,0x01,,,,"Speed feedback = 0 rpm"
470060,RX,0x181,6,0x40,0x40,0x10,0x43,0x80,0x00,0x0B,,"Status word = 0x4310"
470067,RX,0x181,4,0x30,0x30,0x00,0x00,0x01,,,,"Speed feedback = 0 rpm"
470074,TX,0x201,3,0x90,0x90,0x00,0x00,,,,,"Set torque = 0"
470101,TX,0x201,3,0x90,0x90,0x00,0x00,,,,,"Set torque = 0"
470127,TX,0x201,3,0x90,0x90,0x00,0x00,,,,,"Set torque = 0"
470153,TX,0x201,3,0x90,0x90,0x00,0x00,,,,,"Set torque = 0"
470159,RX,0x181,6,0x40,0x40,0x10,0x43,0x80,0x00,0x0B,,"Status word = 0x4310"
470166,RX,0x181,4,0x30,0x30,0x00,0x00,0x01,,,,"Speed feedback = 0 rpm"
470179,TX,0x201,3,0x90,0x90,0x00,0x00,,,,,"Set torque = 0"
470205,TX,0x201,3,0x90,0x90,0x00,0x00,,,,,"Set torque = 0"
470232,TX,0x201,3,0x90,0x90,0x00,0x00,,,,,"Set torque = 0"
470258,TX,0x201,3,0x90,0x90,0x00,0x00,,,,,"Set torque = 0"
470264,RX,0x181,6,0x40,0x40,0x10,0x43,0x80,0x00,0x0B,,"Status word = 0x4310"
470271,RX,0x181,4,0x30,0x30,0x00,0x00,0x01,,,,"Speed feedback = 0 rpm"
470284,TX,0x201,3,0x90,0x90,0x00,0x00,,,,,"Set torque = 0"
470310,TX,0x201,3,0x90,0x90,0x00,0x00,,,,,"Set torque = 0"
470336,TX,0x201,3,0x90,0x90,0x00,0x00,,,,,"Set torque = 0"
470359,RX,0x181,6,0x40,0x40,0x10,0x43,0x80,0x00,0x0B,,"Status word = 0x4310"
470366,TX,0x201,3,0x90,0x90,0x00,0x00,,,,,"Set torque = 0"
470373,RX,0x181,4,0x30,0x30,0x00,0x00,0x01,,,,"Speed feedback = 0 rpm"
470393,TX,0x201,3,0x90,0x90,0x00,0x00,,,,,"Set torque = 0"
470419,TX,0x201,3,0x90,0x90,0x00,0x00,,,,,"Set torque = 0"
470511,RX,0x181,6,0x40,0x40,0x10,0x43,0x80,0x00,0x0B,,"Status word = 0x4310"
470518,RX,0x181,4,0x30,0x30,0x00,0x00,0x01,,,,"Speed feedback = 0 rpm"
470531,TX,0x201,3,0x90,0x90,0x00,0x00,,,,,"Set torque = 0"
470557,TX,0x201,3,0x90,0x90,0x00,0x00,,,,,"Set torque = 0"
470563,RX,0x181,6,0x40,0x40,0x10,0x43,0x80,0x00,0x0B,,"Status word = 0x4310"
470570,RX,0x181,4,0x30,0x30,0x00,0x00,0x01,,,,"Speed feedback = 0 rpm"
470583,TX,0x201,3,0x90,0x90,0x00,0x00,,,,,"Set torque = 0"
470611,TX,0x201,3,0x90,0x90,0x00,0x00,,,,,"Set torque = 0"
470637,TX,0x201,3,0x90,0x90,0x00,0x00,,,,,"Set torque = 0"
470659,RX,0x181,6,0x40,0x40,0x10,0x43,0x80,0x00,0x0B,,"Status word = 0x4310"
470665,TX,0x201,3,0x90,0x90,0x00,0x00,,,,,"Set torque = 0"
470672,RX,0x181,4,0x30,0x30,0x00,0x00,0x01,,,,"Speed feedback = 0 rpm"
470692,TX,0x201,3,0x90,0x90,0x00,0x00,,,,,"Set torque = 0"
470718,TX,0x201,3,0x90,0x90,0x00,0x00,,,,,"Set torque = 0"
470744,TX,0x201,3,0x90,0x90,0x00,0x00,,,,,"Set torque = 0"
470758,RX,0x181,6,0x40,0x40,0x10,0x43,0x80,0x00,0x0B,,"Status word = 0x4310"
470765,RX,0x181,4,0x30,0x30,0x00,0x00,0x01,,,,"Speed feedback = 0 rpm"
470772,TX,0x201,3,0x90,0x90,0x00,0x00,,,,,"Set torque = 0"
470799,TX,0x201,3,0x90,0x90,0x00,0x00,,,,,"Set torque = 0"
470825,TX,0x201,3,0x90,0x90,0x00,0x00,,,,,"Set torque = 0"
470851,TX,0x201,3,0x90,0x90,0x00,0x00,,,,,"Set torque = 0"
470858,RX,0x181,6,0x40,0x40,0x10,0x43,0x80,0x00,0x0B,,"Status word = 0x4310"
470865,RX,0x181,4,0x30,0x30,0x00,0x00,0x01,,,,"Speed feedback = 0 rpm"
470877,TX,0x201,3,0x90,0x90,0x00,0x00,,,,,"Set torque = 0"
470968,RX,0x181,6,0x40,0x40,0x10,0x43,0x80,0x00,0x0B,,"Status word = 0x4310"
470975,RX,0x181,4,0x30,0x30,0x00,0x00,0x01,,,,"Speed feedback = 0 rpm"
470988,TX,0x201,3,0x90,0x90,0x00,0x00,,,,,"Set torque = 0"
471014,TX,0x201,3,0x90,0x90,0x00,0x00,,,,,"Set torque = 0"
471040,TX,0x201,3,0x90,0x90,0x00,0x00,,,,,"Set torque = 0"
471058,RX,0x181,6,0x40,0x40,0x10,0x43,0x80,0x00,0x0B,,"Status word = 0x4310"
471065,RX,0x181,4,0x30,0x30,0x00,0x00,0x01,,,,"Speed feedback = 0 rpm"
471072,TX,0x201,3,0x90,0x90,0x00,0x00,,,,,"Set torque = 0"
471098,TX,0x201,3,0x90,0x90,0x00,0x00,,,,,"Set torque = 0"
471125,TX,0x201,3,0x90,0x90,0x00,0x00,,,,,"Set torque = 0"
471151,TX,0x201,3,0x90,0x90,0x00,0x00,,,,,"Set torque = 0"
471158,RX,0x181,6,0x40,0x40,0x10,0x43,0x80,0x00,0x0B,,"Status word = 0x4310"
471165,RX,0x181,4,0x30,0x30,0x00,0x00,0x01,,,,"Speed feedback = 0 rpm"
471177,TX,0x201,3,0x90,0x90,0x00,0x00,,,,,"Set torque = 0"
471203,TX,0x201,3,0x90,0x90,0x00,0x00,,,,,"Set torque = 0"
471229,TX,0x201,3,0x90,0x90,0x00,0x00,,,,,"Set torque = 0"
471255,TX,0x201,3,0x90,0x90,0x00,0x00,,,,,"Set torque = 0"
471261,RX,0x181,6,0x40,0x40,0x10,0x43,0x80,0x00,0x0B,,"Status word = 0x4310"
471268,RX,0x181,4,0x30,0x30,0x00,0x00,0x01,,,,"Speed feedback = 0 rpm"
471281,TX,0x201,3,0x90,0x90,0x00,0x00,,,,,"Set torque = 0"
471307,TX,0x201,3,0x90,0x90,0x00,0x00,,,,,"Set torque = 0"
471333,TX,0x201,3,0x90,0x90,0x00,0x00,,,,,"Set torque = 0"
471357,RX,0x181,6,0x40,0x40,0x10,0x43,0x80,0x00,0x0B,,"Status word = 0x4310"
471364,TX,0x201,3,0x90,0x90,0x00,0x00,,,,,"Set torque = 0"
471459,RX,0x181,4,0x30,0x30,0x00,0x00,0x01,,,,"Speed feedback = 0 rpm"
471465,RX,0x181,4,0x30,0x30,0x00,0x00,0x01,,,,"Speed feedback = 0 rpm"
471472,RX,0x181,6,0x40,0x40,0x10,0x43,0x80,0x00,0x0B,,"Status word = 0x4310"
471479,TX,0x201,3,0x90,0x90,0x00,0x00,,,,,"Set torque = 0"
471506,TX,0x201,3,0x90,0x90,0x00,0x00,,,,,"Set torque = 0"
471532,TX,0x201,3,0x90,0x90,0x00,0x00,,,,,"Set torque = 0"
471557,RX,0x181,6,0x40,0x40,0x10,0x43,0x80,0x00,0x0B,,"Status word = 0x4310"
471564,TX,0x201,3,0x90,0x90,0x00,0x00,,,,,"Set torque = 0"
471571,RX,0x181,4,0x30,0x30,0x00,0x00,0x01,,,,"Speed feedback = 0 rpm"
471591,TX,0x201,3,0x90,0x90,0x00,0x00,,,,,"Set torque = 0"
471617,TX,0x201,3,0x90,0x90,0x00,0x00,,,,,"Set torque = 0"
471643,TX,0x201,3,0x90,0x90,0x00,0x00,,,,,"Set torque = 0"
471657,RX,0x181,6,0x40,0x40,0x10,0x43,0x80,0x00,0x0B,,"Status word = 0x4310"
471664,RX,0x181,4,0x30,0x30,0x00,0x00,0x01,,,,"Speed feedback = 0 rpm"
471671,TX,0x201,3,0x90,0x90,0x00,0x00,,,,,"Set torque = 0"
471697,TX,0x201,3,0x90,0x90,0x00,0x00,,,,,"Set torque = 0"
471723,TX,0x201,3,0x90,0x90,0x00,0x00,,,,,"Set torque = 0"
471749,TX,0x201,3,0x90,0x90,0x00,0x00,,,,,"Set torque = 0"
471757,RX,0x181,6,0x40,0x40,0x10,0x43,0x80,0x00,0x0B,,"Status word = 0x4310"
471764,RX,0x181,4,0x30,0x30,0x00,0x00,0x01,,,,"Speed feedback = 0 rpm"
471775,TX,0x201,3,0x90,0x90,0x00,0x00,,,,,"Set torque = 0"
471805,TX,0x201,3,0x90,0x90,0x00,0x00,,,,,"Set torque = 0"
471831,TX,0x201,3,0x90,0x90,0x00,0x00,,,,,"Set torque = 0"
471922,RX,0x181,6,0x40,0x40,0x10,0x43,0x80,0x00,0x0B,,"Status word = 0x4310"
471929,RX,0x181,4,0x30,0x30,0x00,0x00,0x01,,,,"Speed feedback = 0 rpm"
471942,TX,0x201,3,0x90,0x90,0x00,0x00,,,,,"Set torque = 0"
471956,RX,0x181,6,0x40,0x40,0x10,0x43,0x80,0x00,0x0B,,"Status word = 0x4310"
471963,RX,0x181,4,0x30,0x30,0x00,0x00,0x01,,,,"Speed feedback = 0 rpm"
471970,TX,0x201,3,0x90,0x90,0x00,0x00,,,,,"Set torque = 0"
471997,TX,0x201,3,0x90,0x90,0x00,0x00,,,,,"Set torque = 0"
472023,TX,0x201,3,0x90,0x90,0x00,0x00,,,,,"Set torque = 0"
472049,TX,0x201,3,0x90,0x90,0x00,0x00,,,,,"Set torque = 0"
472056,RX,0x181,6,0x40,0x40,0x10,0x43,0x80,0x00,0x0B,,"Status word = 0x4310"
472063,RX,0x181,4,0x30,0x30,0x00,0x00,0x01,,,,"Speed feedback = 0 rpm"
472075,TX,0x201,3,0x90,0x90,0x00,0x00,,,,,"Set torque = 0"
472101,TX,0x201,3,0x90,0x90,0x00,0x00,,,,,"Set torque = 0"
472127,TX,0x201,3,0x90,0x90,0x00,0x00,,,,,"Set torque = 0"
472153,TX,0x201,3,0x90,0x90,0x00,0x00,,,,,"Set torque = 0"
472160,RX,0x181,6,0x40,0x40,0x10,0x43,0x80,0x00,0x0B,,"Status word = 0x4310"
472166,RX,0x181,4,0x30,0x30,0x00,0x00,0x01,,,,"Speed feedback = 0 rpm"
472180,TX,0x201,3,0x90,0x90,0x00,0x00,,,,,"Set torque = 0"
472206,TX,0x201,3,0x90,0x90,0x00,0x00,,,,,"Set torque = 0"
472232,TX,0x201,3,0x90,0x90,0x00,0x00,,,,,"Set torque = 0"
472256,RX,0x181,6,0x40,0x40,0x10,0x43,0x80,0x00,0x0B,,"Status word = 0x4310"
472263,TX,0x201,3,0x90,0x90,0x00,0x00,,,,,"Set torque = 0"
472270,RX,0x181,4,0x30,0x30,0x00,0x00,0x01,,,,"Speed feedback = 0 rpm"
472290,TX,0x201,3,0x90,0x90,0x00,0x00,,,,,"Set torque = 0"
472379,RX,0x181,6,0x40,0x40,0x10,0x43,0x80,0x00,0x0B,,"Status word = 0x4310"
472386,RX,0x181,4,0x30,0x30,0x00,0x00,0x01,,,,"Speed feedback = 0 rpm"
472399,TX,0x201,3,0x90,0x90,0x00,0x00,,,,,"Set torque = 0"
472425,TX,0x201,3,0x90,0x90,0x00,0x00,,,,,"Set torque = 0"
472451,TX,0x201,3,0x90,0x90,0x00,0x00,,,,,"Set torque = 0"
472457,RX,0x181,6,0x40,0x40,0x10,0x43,0x80,0x00,0x0B,,"Status word = 0x4310"
472463,RX,0x181,4,0x30,0x30,0x00,0x00,0x01,,,,"Speed feedback = 0 rpm"
472477,TX,0x201,3,0x90,0x90,0x00,0x00,,,,,"Set torque = 0"
472503,TX,0x201,3,0x90,0x90,0x00,0x00,,,,,"Set torque = 0"
472530,TX,0x201,3,0x90,0x90,0x00,0x00,,,,,"Set torque = 0"
472556,TX,0x201,3,0x90,0x90,0x00,0x00,,,,,"Set torque = 0"
472562,RX,0x181,6,0x40,0x40,0x10,0x43,0x80,0x00,0x0B,,"Status word = 0x4310"
472569,RX,0x181,4,0x30,0x30,0x00,0x00,0x01,,,,"Speed feedback = 0 rpm"
472582,TX,0x201,3,0x90,0x90,0x00,0x00,,,,,"Set torque = 0"
472608,TX,0x201,3,0x90,0x90,0x00,0x00,,,,,"Set torque = 0"
472634,TX,0x201,3,0x90,0x90,0x00,0x00,,,,,"Set torque = 0"
472655,RX,0x181,6,0x40,0x40,0x10,0x43,0x80,0x00,0x0B,,"Status word = 0x4310"
472662,TX,0x201,3,0x90,0x90,0x00,0x00,,,,,"Set torque = 0"
472669,RX,0x181,4,0x30,0x30,0x00,0x00,0x01,,,,"Speed feedback = 0 rpm"
472689,TX,0x201,3,0x90,0x90,0x00,0x00,,,,,"Set torque = 0"
472715,TX,0x201,3,0x90,0x90,0x00,0x00,,,,,"Set torque = 0"
472741,TX,0x201,3,0x90,0x90,0x00,0x00,,,,,"Set torque = 0"
472755,RX,0x181,6,0x40,0x40,0x10,0x43,0x80,0x00,0x0B,,"Status word = 0x4310"
472762,RX,0x181,4,0x30,0x30,0x00,0x00,0x01,,,,"Speed feedback = 0 rpm"
472851,TX,0x201,3,0x90,0x90,0x00,0x00,,,,,"Set torque = 0"
472858,RX,0x181,6,0x40,0x40,0x10,0x43,0x80,0x00,0x0B,,"Status word = 0x4310"
472865,RX,0x181,4,0x30,0x30,0x00,0x00,0x01,,,,"Speed feedback = 0 rpm"
472878,TX,0x201,3,0x90,0x90,0x00,0x00,,,,,"Set torque = 0"
472904,TX,0x201,3,0x90,0x90,0x00,0x00,,,,,"Set torque = 0"
472930,TX,0x201,3,0x90,0x90,0x00,0x00,,,,,"Set torque = 0"
472955,RX,0x181,6,0x40,0x40,0x10,0x43,0x80,0x00,0x0B,,"Status word = 0x4310"
472962,TX,0x201,3,0x90,0x90,0x00,0x00,,,,,"Set torque = 0"
472968,RX,0x181,4,0x30,0x30,0x00,0x00,0x01,,,,"Speed feedback = 0 rpm"
472988,TX,0x201,3,0x90,0x90,0x00,0x00,,,,,"Set torque = 0"
473014,TX,0x201,3,0x90,0x90,0x00,0x00,,,,,"Set torque = 0"
473040,TX,0x201,3,0x90,0x90,0x00,0x00,,,,,"Set torque = 0"
473055,RX,0x181,6,0x40,0x40,0x10,0x43,0x80,0x00,0x0B,,"Status word = 0x4310"
473062,RX,0x181,4,0x30,0x30,0x00,0x00,0x01,,,,"Speed feedback = 0 rpm"
473068,TX,0x201,3,0x90,0x90,0x00,0x00,,,,,"Set torque = 0"
473095,TX,0x201,3,0x90,0x90,0x00,0x00,,,,,"Set torque = 0"
473121,TX,0x201,3,0x90,0x90,0x00,0x00,,,,,"Set torque = 0"
473147,TX,0x201,3,0x90,0x90,0x00,0x00,,,,,"Set torque = 0"
473155,RX,0x181,6,0x40,0x40,0x10,0x43,0x80,0x00,0x0B,,"Status word = 0x4310"
473162,RX,0x181,4,0x30,0x30,0x00,0x00,0x01,,,,"Speed feedback = 0 rpm"
473173,TX,0x201,3,0x90,0x90,0x00,0x00,,,,,"Set torque = 0"
473200,TX,0x201,3,0x90,0x90,0x00,0x00,,,,,"Set torque = 0"
473226,TX,0x201,3,0x90,0x90,0x00,0x00,,,,,"Set torque = 0"
473252,TX,0x201,3,0x90,0x90,0x00,0x00,,,,,"Set torque = 0"
473341,RX,0x181,6,0x40,0x40,0x10,0x43,0x80,0x00,0x0B,,"Status word = 0x4310"
473348,RX,0x181,4,0x30,0x30,0x00,0x00,0x01,,,,"Speed feedback = 0 rpm"
473354,RX,0x181,6,0x40,0x40,0x10,0x43,0x80,0x00,0x0B,,"Status word = 0x4310"
473361,RX,0x181,4,0x30,0x30,0x00,0x00,0x01,,,,"Speed feedback = 0 rpm"
473368,TX,0x201,3,0x90,0x90,0x00,0x00,,,,,"Set torque = 0"
473395,TX,0x201,3,0x90,0x90,0x00,0x00,,,,,"Set torque = 0"
473422,TX,0x201,3,0x90,0x90,0x00,0x00,,,,,"Set torque = 0"
473448,TX,0x201,3,0x90,0x90,0x00,0x00,,,,,"Set torque = 0"
473454,RX,0x181,6,0x40,0x40,0x10,0x43,0x80,0x00,0x0B,,"Status word = 0x4310"
473461,RX,0x181,4,0x30,0x30,0x00,0x00,0x01,,,,"Speed feedback = 0 rpm"
473474,TX,0x201,3,0x90,0x90,0x00,0x00,,,,,"Set torque = 0"
473500,TX,0x201,3,0x90,0x90,0x00,0x00,,,,,"Set torque = 0"
473526,TX,0x201,3,0x90,0x90,0x00,0x00,,,,,"Set torque = 0"
473552,TX,0x201,3,0x90,0x90,0x00,0x00,,,,,"Set torque = 0"
473558,RX,0x181,6,0x40,0x40,0x10,0x43,0x80,0x00,0x0B,,"Status word = 0x4310"
473565,RX,0x181,4,0x30,0x30,0x00,0x00,0x01,,,,"Speed feedback = 0 rpm"
473578,TX,0x201,3,0x90,0x90,0x00,0x00,,,,,"Set torque = 0"
473604,TX,0x201,3,0x90,0x90,0x00,0x00,,,,,"Set torque = 0"
473630,TX,0x201,3,0x90,0x90,0x00,0x00,,,,,"Set torque = 0"
473654,RX,0x181,6,0x40,0x40,0x10,0x43,0x80,0x00,0x0B,,"Status word = 0x4310"
473661,TX,0x201,3,0x90,0x90,0x00,0x00,,,,,"Set torque = 0"
473667,RX,0x181,4,0x30,0x30,0x00,0x00,0x01,,,,"Speed feedback = 0 rpm"
473687,TX,0x201,3,0x90,0x90,0x00,0x00,,,,,"Set torque = 0"
473713,TX,0x201,3,0x90,0x90,0x00,0x00,,,,,"Set torque = 0"
473802,RX,0x181,6,0x40,0x40,0x10,0x43,0x80,0x00,0x0B,,"Status word = 0x4310"
473809,RX,0x181,4,0x30,0x30,0x00,0x00,0x01,,,,"Speed feedback = 0 rpm"
473822,TX,0x201,3,0x90,0x90,0x00,0x00,,,,,"Set torque = 0"
473848,TX,0x201,3,0x90,0x90,0x00,0x00,,,,,"Set torque = 0"
473854,RX,0x181,6,0x40,0x40,0x10,0x43,0x80,0x00,0x0B,,"Status word = 0x4310"
473861,RX,0x181,4,0x30,0x30,0x00,0x00,0x01,,,,"Speed feedback = 0 rpm"
473874,TX,0x201,3,0x90,0x90,0x00,0x00,,,,,"Set torque = 0"
473900,TX,0x201,3,0x90,0x90,0x00,0x00,,,,,"Set torque = 0"
473926,TX,0x201,3,0x90,0x90,0x00,0x00,,,,,"Set torque = 0"
473953,TX,0x201,3,0x90,0x90,0x00,0x00,,,,,"Set torque = 0"
473959,RX,0x181,6,0x40,0x40,0x10,0x43,0x80,0x00,0x0B,,"Status word = 0x4310"
473966,RX,0x181,4,0x30,0x30,0x00,0x00,0x01,,,,"Speed feedback = 0 rpm"
473979,TX,0x201,3,0x90,0x90,0x00,0x00,,,,,"Set torque = 0"
474005,TX,0x201,3,0x90,0x90,0x00,0x00,,,,,"Set torque = 0"
474031,TX,0x201,3,0x90,0x90,0x00,0x00,,,,,"Set torque = 0"
474053,RX,0x181,6,0x40,0x40,0x10,0x43,0x80,0x00,0x0B,,"Status word = 0x4310"
474060,TX,0x201,3,0x90,0x90,0x00,0x00,,,,,"Set torque = 0"
474067,RX,0x181,4,0x30,0x30,0x00,0x00,0x01,,,,"Speed feedback = 0 rpm"
474087,TX,0x201,3,0x90,0x90,0x00,0x00,,,,,"Set torque = 0"
474113,TX,0x201,3,0x90,0x90,0x00,0x00,,,,,"Set torque = 0"
474139,TX,0x201,3,0x90,0x90,0x00,0x00,,,,,"Set torque = 0"
474153,RX,0x181,6,0x40,0x40,0x10,0x43,0x80,0x00,0x0B,,"Status word = 0x4310"
474160,RX,0x181,4,0x30,0x30,0x00,0x00,0x01,,,,"Speed feedback = 0 rpm"
474167,TX,0x201,3,0x90,0x90,0x00,0x00,,,,,"Set torque = 0"
474256,RX,0x181,6,0x40,0x40,0x10,0x43,0x80,0x00,0x0B,,"Status word = 0x4310"
474263,RX,0x181,4,0x30,0x30,0x00,0x00,0x01,,,,"Speed feedback = 0 rpm"
474276,TX,0x201,3,0x90,0x90,0x00,0x00,,,,,"Set torque = 0"
474303,TX,0x201,3,0x90,0x90,0x00,0x00,,,,,"Set torque = 0"
474329,TX,0x201,3,0x90,0x90,0x00,0x00,,,,,"Set torque = 0"
474353,RX,0x181,6,0x40,0x40,0x10,0x43,0x80,0x00,0x0B,,"Status word = 0x4310"
474359,TX,0x201,3,0x90,0x90,0x00,0x00,,,,,"Set torque = 0"
474366,RX,0x181,4,0x30,0x30,0x00,0x00,0x01,,,,"Speed feedback = 0 rpm"
474386,TX,0x201,3,0x90,0x90,0x00,0x00,,,,,"Set torque = 0"
474412,TX,0x201,3,0x90,0x90,0x00,0x00,,,,,"Set torque = 0"
474438,TX,0x201,3,0x90,0x90,0x00,0x00,,,,,"Set torque = 0"
474453,RX,0x181,6,0x40,0x40,0x10,0x43,0x80,0x00,0x0B,,"Status word = 0x4310"
474460,RX,0x181,4,0x30,0x30,0x00,0x00,0x01,,,,"Speed feedback = 0 rpm"
474466,TX,0x201,3,0x90,0x90,0x00,0x00,,,,,"Set torque = 0"
474493,TX,0x201,3,0x90,0x90,0x00,0x00,,,,,"Set torque = 0"
474519,TX,0x201,3,0x90,0x90,0x00,0x00,,,,,"Set torque = 0"
474545,TX,0x201,3,0x90,0x90,0x00,0x00,,,,,"Set torque = 0"
474552,RX,0x181,6,0x40,0x40,0x10,0x43,0x80,0x00,0x0B,,"Status word = 0x4310"
474559,RX,0x181,4,0x30,0x30,0x00,0x00,0x01,,,,"Speed feedback = 0 rpm"
474571,TX,0x201,3,0x90,0x90,0x00,0x00,,,,,"Set torque = 0"
474597,TX,0x201,3,0x90,0x90,0x00,0x00,,,,,"Set torque = 0"
474624,TX,0x201,3,0x90,0x90,0x00,0x00,,,,,"Set torque = 0"
474650,TX,0x201,3,0x90,0x90,0x00,0x00,,,,,"Set torque = 0"
474656,RX,0x181,6,0x40,0x40,0x10,0x43,0x80,0x00,0x0B,,"Status word = 0x4310"
474748,RX,0x181,4,0x30,0x30,0x00,0x00,0x01,,,,"Speed feedback = 0 rpm"
474755,RX,0x181,6,0x40,0x40,0x10,0x43,0x80,0x00,0x0B,,"Status word = 0x4310"
474762,RX,0x181,4,0x30,0x30,0x00,0x00,0x01,,,,"Speed feedback = 0 rpm"
474768,TX,0x201,3,0x90,0x90,0x00,0x00,,,,,"Set torque = 0"
474795,TX,0x201,3,0x90,0x90,0x00,0x00,,,,,"Set torque = 0"
474821,TX,0x201,3,0x90,0x90,0x00,0x00,,,,,"Set torque = 0"
474848,TX,0x201,3,0x90,0x90,0x00,0x00,,,,,"Set torque = 0"
474854,RX,0x181,6,0x40,0x40,0x10,0x43,0x80,0x00,0x0B,,"Status word = 0x4310"
474861,RX,0x181,4,0x30,0x30,0x00,0x00,0x01,,,,"Speed feedback = 0 rpm"
474874,TX,0x201,3,0x90,0x90,0x00,0x00,,,,,"Set torque = 0"
474900,TX,0x201,3,0x90,0x90,0x00,0x00,,,,,"Set torque = 0"
474926,TX,0x201,3,0x90,0x90,0x00,0x00,,,,,"Set torque = 0"
474952,TX,0x201,3,0x90,0x90,0x00,0x00,,,,,"Set torque = 0"
474958,RX,0x181,6,0x40,0x40,0x10,0x43,0x80,0x00,0x0B,,"Status word = 0x4310"
474965,RX,0x181,4,0x30,0x30,0x00,0x00,0x01,,,,"Speed feedback = 0 rpm"
474978,TX,0x201,3,0x90,0x90,0x00,0x00,,,,,"Set torque = 0"
475004,TX,0x201,3,0x90,0x90,0x00,0x00,,,,,"Set torque = 0"
475030,TX,0x201,3,0x90,0x90,0x00,0x00,,,,,"Set torque = 0"
475052,RX,0x181,6,0x40,0x40,0x10,0x43,0x80,0x00,0x0B,,"Status word = 0x4310"
475058,TX,0x201,3,0x90,0x90,0x00,0x00,,,,,"Set torque = 0"
475065,RX,0x181,4,0x30,0x30,0x00,0x00,0x01,,,,"Speed feedback = 0 rpm"
475085,TX,0x201,3,0x90,0x90,0x00,0x00,,,,,"Set torque = 0"
475111,TX,0x201,3,0x90,0x90,0x00,0x00,,,,,"Set torque = 0"
475137,TX,0x201,3,0x90,0x90,0x00,0x00,,,,,"Set torque = 0"
475240,RX,0x181,6,0x40,0x40,0x10,0x43,0x80,0x00,0x0B,,"Status word = 0x4310"
475246,RX,0x181,4,0x30,0x30,0x00,0x00,0x01,,,,"Speed feedback = 0 rpm"
475253,RX,0x181,6,0x40,0x40,0x10,0x43,0x80,0x00,0x0B,,"Status word = 0x4310"
475260,RX,0x181,4,0x30,0x30,0x00,0x00,0x01,,,,"Speed feedback = 0 rpm"
475267,TX,0x201,3,0x90,0x90,0x00,0x00,,,,,"Set torque = 0"
475293,TX,0x201,3,0x90,0x90,0x00,0x00,,,,,"Set torque = 0"
475319,TX,0x201,3,0x90,0x90,0x00,0x00,,,,,"Set torque = 0"
475345,TX,0x201,3,0x90,0x90,0x00,0x00,,,,,"Set torque = 0"
475351,RX,0x181,6,0x40,0x40,0x10,0x43,0x80,0x00,0x0B,,"Status word = 0x4310"
475358,RX,0x181,4,0x30,0x30,0x00,0x00,0x01,,,,"Speed feedback = 0 rpm"
475371,TX,0x201,3,0x90,0x90,0x00,0x00,,,,,"Set torque = 0"
475397,TX,0x201,3,0x90,0x90,0x00,0x00,,,,,"Set torque = 0"
475423,TX,0x201,3,0x90,0x90,0x00,0x00,,,,,"Set torque = 0"
475449,TX,0x201,3,0x90,0x90,0x00,0x00,,,,,"Set torque = 0"
475455,RX,0x181,6,0x40,0x40,0x10,0x43,0x80,0x00,0x0B,,"Status word = 0x4310"
475462,RX,0x181,4,0x30,0x30,0x00,0x00,0x01,,,,"Speed feedback = 0 rpm"
475475,TX,0x201,3,0x90,0x90,0x00,0x00,,,,,"Set torque = 0"
475503,TX,0x201,3,0x90,0x90,0x00,0x00,,,,,"Set torque = 0"
475529,TX,0x201,3,0x90,0x90,0x00,0x00,,,,,"Set torque = 0"
475551,RX,0x181,6,0x40,0x40,0x10,0x43,0x80,0x00,0x0B,,"Status word = 0x4310"
475558,TX,0x201,3,0x90,0x90,0x00,0x00,,,,,"Set torque = 0"
475564,RX,0x181,4,0x30,0x30,0x00,0x00,0x01,,,,"Speed feedback = 0 rpm"
475584,TX,0x201,3,0x90,0x90,0x00,0x00,,,,,"Set torque = 0"
475685,RX,0x181,6,0x40,0x40,0x10,0x43,0x80,0x00,0x0B,,"Status word = 0x4310"
475692,RX,0x181,4,0x30,0x30,0x00,0x00,0x01,,,,"Speed feedback = 0 rpm"
475705,TX,0x201,3,0x90,0x90,0x00,0x00,,,,,"Set torque = 0"
475732,TX,0x201,3,0x90,0x90,0x00,0x00,,,,,"Set torque = 0"
475750,RX,0x181,6,0x40,0x40,0x10,0x43,0x80,0x00,0x0B,,"Status word = 0x4310"
475757,RX,0x181,4,0x30,0x30,0x00,0x00,0x01,,,,"Speed feedback = 0 rpm"
475764,TX,0x201,3,0x90,0x90,0x00,0x00,,,,,"Set torque = 0"
475791,TX,0x201,3,0x90,0x90,0x00,0x00,,,,,"Set torque = 0"
475817,TX,0x201,3,0x90,0x90,0x00,0x00,,,,,"Set torque = 0"
475843,TX,0x201,3,0x90,0x90,0x00,0x00,,,,,"Set torque = 0"
475850,RX,0x181,6,0x40,0x40,0x10,0x43,0x80,0x00,0x0B,,"Status word = 0x4310"
475857,RX,0x181,4,0x30,0x30,0x00,0x00,0x01,,,,"Speed feedback = 0 rpm"
475869,TX,0x201,3,0x90,0x90,0x00,0x00,,,,,"Set torque = 0"
475895,TX,0x201,3,0x90,0x90,0x00,0x00,,,,,"Set torque = 0"
475921,TX,0x201,3,0x90,0x90,0x00,0x00,,,,,"Set torque = 0"
475947,TX,0x201,3,0x90,0x90,0x00,0x00,,,,,"Set torque = 0"
475953,RX,0x181,6,0x40,0x40,0x10,0x43,0x80,0x00,0x0B,,"Status word = 0x4310"
475960,RX,0x181,4,0x30,0x30,0x00,0x00,0x01,,,,"Speed feedback = 0 rpm"
475973,TX,0x201,3,0x90,0x90,0x00,0x00,,,,,"Set torque = 0"
475999,TX,0x201,3,0x90,0x90,0x00,0x00,,,,,"Set torque = 0"
476025,TX,0x201,3,0x90,0x90,0x00,0x00,,,,,"Set torque = 0"
476050,RX,0x181,6,0x40,0x40,0x10,0x43,0x80,0x00,0x0B,,"Status word = 0x4310"
476057,TX,0x201,3,0x90,0x90,0x00,0x00,,,,,"Set torque = 0"
476063,RX,0x181,4,0x30,0x30,0x00,0x00,0x01,,,,"Speed feedback = 0 rpm"
476203,RX,0x181,4,0x30,0x30,0x00,0x00,0x01,,,,"Speed feedback = 0 rpm"
476210,RX,0x181,6,0x40,0x40,0x10,0x43,0x80,0x00,0x0B,,"Status word = 0x4310"
476217,TX,0x201,3,0x90,0x90,0x00,0x00,,,,,"Set torque = 0"
476244,TX,0x201,3,0x90,0x90,0x00,0x00,,,,,"Set torque = 0"
476250,RX,0x181,6,0x40,0x40,0x10,0x43,0x80,0x00,0x0B,,"Status word = 0x4310"
476257,RX,0x181,4,0x30,0x30,0x00,0x00,0x01,,,,"Speed feedback = 0 rpm"
476270,TX,0x201,3,0x90,0x90,0x00,0x00,,,,,"Set torque = 0"
476296,TX,0x201,3,0x90,0x90,0x00,0x00,,,,,"Set torque = 0"
476322,TX,0x201,3,0x90,0x90,0x00,0x00,,,,,"Set torque = 0"
476348,TX,0x201,3,0x90,0x90,0x00,0x00,,,,,"Set torque = 0"
476354,RX,0x181,6,0x40,0x40,0x10,0x43,0x80,0x00,0x0B,,"Status word = 0x4310"
476361,RX,0x181,4,0x30,0x30,0x00,0x00,0x01,,,,"Speed feedback = 0 rpm"
476374,TX,0x201,3,0x90,0x90,0x00,0x00,,,,,"Set torque = 0"
476400,TX,0x201,3,0x90,0x90,0x00,0x00,,,,,"Set torque = 0"
476426,TX,0x201,3,0x90,0x90,0x00,0x00,,,,,"Set torque = 0"
476449,RX,0x181,6,0x40,0x40,0x10,0x43,0x80,0x00,0x0B,,"Status word = 0x4310"
476456,TX,0x201,3,0x90,0x90,0x00,0x00,,,,,"Set torque = 0"
476463,RX,0x181,4,0x30,0x30,0x00,0x00,0x01,,,,"Speed feedback = 0 rpm"
476483,TX,0x201,3,0x90,0x90,0x00,0x00,,,,,"Set torque = 0"
476509,TX,0x201,3,0x90,0x90,0x00,0x00,,,,,"Set torque = 0"
476535,TX,0x201,3,0x90,0x90,0x00,0x00,,,,,"Set torque = 0"
476549,RX,0x181,6,0x40,0x40,0x10,0x43,0x80,0x00,0x0B,,"Status word = 0x4310"
476556,RX,0x181,4,0x30,0x30,0x00,0x00,0x01,,,,"Speed feedback = 0 rpm"
476563,TX,0x201,3,0x90,0x90,0x00,0x00,,,,,"Set torque = 0"
476641,TX,0x201,3,0x90,0x90,0x00,0x00,,,,,"Set torque = 0"
476649,RX,0x181,6,0x40,0x40,0x10,0x43,0x80,0x00,0x0B,,"Status word = 0x4310"
476656,RX,0x181,4,0x30,0x30,0x00,0x00,0x01,,,,"Speed feedback = 0 rpm"
476667,TX,0x201,3,0x90,0x90,0x00,0x00,,,,,"Set torque = 0"
476693,TX,0x201,3,0x90,0x90,0x00,0x00,,,,,"Set torque = 0"
476719,TX,0x201,3,0x90,0x90,0x00,0x00,,,,,"Set torque = 0"
476745,TX,0x201,3,0x90,0x90,0x00,0x00,,,,,"Set torque = 0"
476751,RX,0x181,6,0x40,0x40,0x10,0x43,0x80,0x00,0x0B,,"Status word = 0x4310"
476761,RX,0x181,4,0x30,0x30,0x00,0x00,0x01,,,,"Speed feedback = 0 rpm"
476771,TX,0x201,3,0x90,0x90,0x00,0x00,,,,,"Set torque = 0"
476797,TX,0x201,3,0x90,0x90,0x00,0x00,,,,,"Set torque = 0"
476823,TX,0x201,3,0x90,0x90,0x00,0x00,,,,,"Set torque = 0"
476849,TX,0x201,3,0x90,0x90,0x00,0x00,,,,,"Set torque = 0"
476855,RX,0x181,6,0x40,0x40,0x10,0x43,0x80,0x00,0x0B,,"Status word = 0x4310"
476862,RX,0x181,4,0x30,0x30,0x00,0x00,0x01,,,,"Speed feedback = 0 rpm"
476875,TX,0x201,3,0x90,0x90,0x00,0x00,,,,,"Set torque = 0"
476901,TX,0x201,3,0x90,0x90,0x00,0x00,,,,,"Set torque = 0"
476928,TX,0x201,3,0x90,0x90,0x00,0x00,,,,,"Set torque = 0"
476949,RX,0x181,6,0x40,0x40,0x10,0x43,0x80,0x00,0x0B,,"Status word = 0x4310"
476955,TX,0x201,3,0x90,0x90,0x00,0x00,,,,,"Set torque = 0"
476962,RX,0x181,4,0x30,0x30,0x00,0x00,0x01,,,,"Speed feedback = 0 rpm"
476982,TX,0x201,3,0x90,0x90,0x00,0x00,,,,,"Set torque = 0"
477008,TX,0x201,3,0x90,0x90,0x00,0x00,,,,,"Set torque = 0"
477097,RX,0x181,6,0x40,0x40,0x10,0x43,0x80,0x00,0x0B,,"Status word = 0x4310"
477102,RX,0x181,4,0x30,0x30,0x00,0x00,0x01,,,,"Speed feedback = 0 rpm"
477117,TX,0x201,3,0x90,0x90,0x00,0x00,,,,,"Set torque = 0"
477144,TX,0x201,3,0x90,0x90,0x00,0x00,,,,,"Set torque = 0"
477150,RX,0x181,6,0x40,0x40,0x10,0x43,0x80,0x00,0x0B,,"Status word = 0x4310"
477157,RX,0x181,4,0x30,0x30,0x00,0x00,0x01,,,,"Speed feedback = 0 rpm"
477170,TX,0x201,3,0x90,0x90,0x00,0x00,,,,,"Set torque = 0"
477196,TX,0x201,3,0x90,0x90,0x00,0x00,,,,,"Set torque = 0"
477222,TX,0x201,3,0x90,0x90,0x00,0x00,,,,,"Set torque = 0"
477248,TX,0x201,3,0x90,0x90,0x00,0x00,,,,,"Set torque = 0"
477254,RX,0x181,6,0x40,0x40,0x10,0x43,0x80,0x00,0x0B,,"Status word = 0x4310"
477261,RX,0x181,4,0x30,0x30,0x00,0x00,0x01,,,,"Speed feedback = 0 rpm"
477274,TX,0x201,3,0x90,0x90,0x00,0x00,,,,,"Set torque = 0"
477300,TX,0x201,3,0x90,0x90,0x00,0x00,,,,,"Set torque = 0"
477326,TX,0x201,3,0x90,0x90,0x00,0x00,,,,,"Set torque = 0"
477348,RX,0x181,6,0x40,0x40,0x10,0x43,0x80,0x00,0x0B,,"Status word = 0x4310"
477355,TX,0x201,3,0x90,0x90,0x00,0x00,,,,,"Set torque = 0"
477362,RX,0x181,4,0x30,0x30,0x00,0x00,0x01,,,,"Speed feedback = 0 rpm"
477382,TX,0x201,3,0x90,0x90,0x00,0x00,,,,,"Set torque = 0"
477408,TX,0x201,3,0x90,0x90,0x00,0x00,,,,,"Set torque = 0"
477434,TX,0x201,3,0x90,0x90,0x00,0x00,,,,,"Set torque = 0"
477448,RX,0x181,6,0x40,0x40,0x10,0x43,0x80,0x00,0x0B,,"Status word = 0x4310"
477455,RX,0x181,4,0x30,0x30,0x00,0x00,0x01,,,,"Speed feedback = 0 rpm"
477461,TX,0x201,3,0x90,0x90,0x00,0x00,,,,,"Set torque = 0"
477551,RX,0x181,6,0x40,0x40,0x10,0x43,0x80,0x00,0x0B,,"Status word = 0x4310"
477558,RX,0x181,4,0x30,0x30,0x00,0x00,0x01,,,,"Speed feedback = 0 rpm"
477571,TX,0x201,3,0x90,0x90,0x00,0x00,,,,,"Set torque = 0"
477597,TX,0x201,3,0x90,0x90,0x00,0x00,,,,,"Set torque = 0"
477623,TX,0x201,3,0x90,0x90,0x00,0x00,,,,,"Set torque = 0"
477647,RX,0x181,6,0x40,0x40,0x10,0x43,0x80,0x00,0x0B,,"Status word = 0x4310"
477655,RX,0x181,4,0x30,0x30,0x00,0x00,0x01,,,,"Speed feedback = 0 rpm"
477661,TX,0x201,3,0x90,0x90,0x00,0x00,,,,,"Set torque = 0"
477688,TX,0x201,3,0x90,0x90,0x00,0x00,,,,,"Set torque = 0"
477714,TX,0x201,3,0x90,0x90,0x00,0x00,,,,,"Set torque = 0"
477740,TX,0x201,3,0x90,0x90,0x00,0x00,,,,,"Set torque = 0"
477747,RX,0x181,6,0x40,0x40,0x10,0x43,0x80,0x00,0x0B,,"Status word = 0x4310"
477754,RX,0x181,4,0x30,0x30,0x00,0x00,0x01,,,,"Speed feedback = 0 rpm"
477766,TX,0x201,3,0x90,0x90,0x00,0x00,,,,,"Set torque = 0"
477792,TX,0x201,3,0x90,0x90,0x00,0x00,,,,,"Set torque = 0"
477819,TX,0x201,3,0x90,0x90,0x00,0x00,,,,,"Set torque = 0"
477845,TX,0x201,3,0x90,0x90,0x00,0x00,,,,,"Set torque = 0"
477851,RX,0x181,6,0x40,0x40,0x10,0x43,0x80,0x00,0x0B,,"Status word = 0x4310"
477858,RX,0x181,4,0x30,0x30,0x00,0x00,0x01,,,,"Speed feedback = 0 rpm"
477871,TX,0x201,3,0x90,0x90,0x00,0x00,,,,,"Set torque = 0"
477897,TX,0x201,3,0x90,0x90,0x00,0x00,,,,,"Set torque = 0"
477923,TX,0x201,3,0x90,0x90,0x00,0x00,,,,,"Set torque = 0"
477947,RX,0x181,6,0x40,0x40,0x10,0x43,0x80,0x00,0x0B,,"Status word = 0x4310"
477954,TX,0x201,3,0x90,0x90,0x00,0x00,,,,,"Set torque = 0"
478036,RX,0x181,4,0x30,0x30,0x00,0x00,0x01,,,,"Speed feedback = 0 rpm"
478047,RX,0x181,6,0x40,0x40,0x10,0x43,0x80,0x00,0x0B,,"Status word = 0x4310"
478054,RX,0x181,4,0x30,0x30,0x00,0x00,0x01,,,,"Speed feedback = 0 rpm"
478061,TX,0x201,3,0x90,0x90,0x00,0x00,,,,,"Set torque = 0"
478087,TX,0x201,3,0x90,0x90,0x00,0x00,,,,,"Set torque = 0"
478113,TX,0x201,3,0x90,0x90,0x00,0x00,,,,,"Set torque = 0"
478139,TX,0x201,3,0x90,0x90,0x00,0x00,,,,,"Set torque = 0"
478147,RX,0x181,6,0x40,0x40,0x10,0x43,0x80,0x00,0x0B,,"Status word = 0x4310"
478154,RX,0x181,4,0x30,0x30,0x00,0x00,0x01,,,,"Speed feedback = 0 rpm"
478165,TX,0x201,3,0x90,0x90,0x00,0x00,,,,,"Set torque = 0"
478191,TX,0x201,3,0x90,0x90,0x00,0x00,,,,,"Set torque = 0"
478217,TX,0x201,3,0x90,0x90,0x00,0x00,,,,,"Set torque = 0"
478243,TX,0x201,3,0x90,0x90,0x00,0x00,,,,,"Set torque = 0"
478249,RX,0x181,6,0x40,0x40,0x10,0x43,0x80,0x00,0x0B,,"Status word = 0x4310"
478256,RX,0x181,4,0x30,0x30,0x00,0x00,0x01,,,,"Speed feedback = 0 rpm"
478269,TX,0x201,3,0x90,0x90,0x00,0x00,,,,,"Set torque = 0"
478295,TX,0x201,3,0x90,0x90,0x00,0x00,,,,,"Set torque = 0"
478321,TX,0x201,3,0x90,0x90,0x00,0x00,,,,,"Set torque = 0"
478346,RX,0x181,6,0x40,0x40,0x10,0x43,0x80,0x00,0x0B,,"Status word = 0x4310"
478353,TX,0x201,3,0x90,0x90,0x00,0x00,,,,,"Set torque = 0"
478360,RX,0x181,4,0x30,0x30,0x00,0x00,0x01,,,,"Speed feedback = 0 rpm"
478380,TX,0x201,3,0x90,0x90,0x00,0x00,,,,,"Set torque = 0"
478406,TX,0x201,3,0x90,0x90,0x00,0x00,,,,,"Set torque = 0"
478432,TX,0x201,3,0x90,0x90,0x00,0x00,,,,,"Set torque = 0"
478515,RX,0x181,6,0x40,0x40,0x10,0x43,0x80,0x00,0x0B,,"Status word = 0x4310"
478521,RX,0x181,4,0x30,0x30,0x00,0x00,0x01,,,,"Speed feedback = 0 rpm"
478535,TX,0x201,3,0x90,0x90,0x00,0x00,,,,,"Set torque = 0"
478546,RX,0x181,6,0x40,0x40,0x10,0x43,0x80,0x00,0x0B,,"Status word = 0x4310"
478553,RX,0x181,4,0x30,0x30,0x00,0x00,0x01,,,,"Speed feedback = 0 rpm"
478562,TX,0x201,3,0x90,0x90,0x00,0x00,,,,,"Set torque = 0"
478588,TX,0x201,3,0x90,0x90,0x00,0x00,,,,,"Set torque = 0"
478614,TX,0x201,3,0x90,0x90,0x00,0x00,,,,,"Set torque = 0"
478640,TX,0x201,3,0x90,0x90,0x00,0x00,,,,,"Set torque = 0"
478646,RX,0x181,6,0x40,0x40,0x10,0x43,0x80,0x00,0x0B,,"Status word = 0x4310"
478653,RX,0x181,4,0x30,0x30,0x00,0x00,0x01,,,,"Speed feedback = 0 rpm"
478666,TX,0x201,3,0x90,0x90,0x00,0x00,,,,,"Set torque = 0"
478693,TX,0x201,3,0x90,0x90,0x00,0x00,,,,,"Set torque = 0"
478719,TX,0x201,3,0x90,0x90,0x00,0x00,,,,,"Set torque = 0"
478745,TX,0x201,3,0x90,0x90,0x00,0x00,,,,,"Set torque = 0"
478751,RX,0x181,6,0x40,0x40,0x10,0x43,0x80,0x00,0x0B,,"Status word = 0x4310"
478758,RX,0x181,4,0x30,0x30,0x00,0x00,0x01,,,,"Speed feedback = 0 rpm"
478771,TX,0x201,3,0x90,0x90,0x00,0x00,,,,,"Set torque = 0"
478797,TX,0x201,3,0x90,0x90,0x00,0x00,,,,,"Set torque = 0"
478823,TX,0x201,3,0x90,0x90,0x00,0x00,,,,,"Set torque = 0"
478846,RX,0x181,6,0x40,0x40,0x10,0x43,0x80,0x00,0x0B,,"Status word = 0x4310"
478853,RX,0x181,4,0x30,0x30,0x00,0x00,0x01,,,,"Speed feedback = 0 rpm"
478859,TX,0x201,3,0x90,0x90,0x00,0x00,,,,,"Set torque = 0"
478886,TX,0x201,3,0x90,0x90,0x00,0x00,,,,,"Set torque = 0"
478971,RX,0x181,6,0x40,0x40,0x10,0x43,0x80,0x00,0x0B,,"Status word = 0x4310"
478977,RX,0x181,4,0x30,0x30,0x00,0x00,0x01,,,,"Speed feedback = 0 rpm"
478991,TX,0x201,3,0x90,0x90,0x00,0x00,,,,,"Set torque = 0"
479017,TX,0x201,3,0x90,0x90,0x00,0x00,,,,,"Set torque = 0"
479043,TX,0x201,3,0x90,0x90,0x00,0x00,,,,,"Set torque = 0"
479049,RX,0x181,6,0x40,0x40,0x10,0x43,0x80,0x00,0x0B,,"Status word = 0x4310"
479056,RX,0x181,4,0x30,0x30,0x00,0x00,0x01,,,,"Speed feedback = 0 rpm"
479069,TX,0x201,3,0x90,0x90,0x00,0x00,,,,,"Set torque = 0"
479095,TX,0x201,3,0x90,0x90,0x00,0x00,,,,,"Set torque = 0"
479121,TX,0x201,3,0x90,0x90,0x00,0x00,,,,,"Set torque = 0"
479145,RX,0x181,6,0x40,0x40,0x10,0x43,0x80,0x00,0x0B,,"Status word = 0x4310"
479152,TX,0x201,3,0x90,0x90,0x00,0x00,,,,,"Set torque = 0"
479159,RX,0x181,4,0x30,0x30,0x00,0x00,0x01,,,,"Speed feedback = 0 rpm"
479179,TX,0x201,3,0x90,0x90,0x00,0x00,,,,,"Set torque = 0"
479205,TX,0x201,3,0x90,0x90,0x00,0x00,,,,,"Set torque = 0"
479232,TX,0x201,3,0x90,0x90,0x00,0x00,,,,,"Set torque = 0"
479245,RX,0x181,6,0x40,0x40,0x10,0x43,0x80,0x00,0x0B,,"Status word = 0x4310"
479252,RX,0x181,4,0x30,0x30,0x00,0x00,0x01,,,,"Speed feedback = 0 rpm"
479259,TX,0x201,3,0x90,0x90,0x00,0x00,,,,,"Set torque = 0"
479285,TX,0x201,3,0x90,0x90,0x00,0x00,,,,,"Set torque = 0"
479311,TX,0x201,3,0x90,0x90,0x00,0x00,,,,,"Set torque = 0"
479337,TX,0x201,3,0x90,0x90,0x00,0x00,,,,,"Set torque = 0"
479345,RX,0x181,6,0x40,0x40,0x10,0x43,0x80,0x00,0x0B,,"Status word = 0x4310"
479352,RX,0x181,4,0x30,0x30,0x00,0x00,0x01,,,,"Speed feedback = 0 rpm"
479437,TX,0x201,3,0x90,0x90,0x00,0x00,,,,,"Set torque = 0"
479445,RX,0x181,6,0x40,0x40,0x10,0x43,0x80,0x00,0x0B,,"Status word = 0x4310"
479452,RX,0x181,4,0x30,0x30,0x00,0x00,0x01,,,,"Speed feedback = 0 rpm"
479464,TX,0x201,3,0x90,0x90,0x00,0x00,,,,,"Set torque = 0"
479490,TX,0x201,3,0x90,0x90,0x00,0x00,,,,,"Set torque = 0"
479516,TX,0x201,3,0x90,0x90,0x00,0x00,,,,,"Set torque = 0"
479542,TX,0x201,3,0x90,0x90,0x00,0x00,,,,,"Set torque = 0"
479548,RX,0x181,6,0x40,0x40,0x10,0x43,0x80,0x00,0x0B,,"Status word = 0x4310"
479555,RX,0x181,4,0x30,0x30,0x00,0x00,0x01,,,,"Speed feedback = 0 rpm"
479568,TX,0x201,3,0x90,0x90,0x00,0x00,,,,,"Set torque = 0"
479594,TX,0x201,3,0x90,0x90,0x00,0x00,,,,,"Set torque = 0"
479620,TX,0x201,3,0x90,0x90,0x00,0x00,,,,,"Set torque = 0"
479644,RX,0x181,6,0x40,0x40,0x10,0x43,0x80,0x00,0x0B,,"Status word = 0x4310"
479651,TX,0x201,3,0x90,0x90,0x00,0x00,,,,,"Set torque = 0"
479658,RX,0x181,4,0x30,0x30,0x00,0x00,0x01,,,,"Speed feedback = 0 rpm"
479678,TX,0x201,3,0x90,0x90,0x00,0x00,,,,,"Set torque = 0"
479704,TX,0x201,3,0x90,0x90,0x00,0x00,,,,,"Set torque = 0"
479730,TX,0x201,3,0x90,0x90,0x00,0x00,,,,,"Set torque = 0"
479744,RX,0x181,6,0x40,0x40,0x10,0x43,0x80,0x00,0x0B,,"Status word = 0x4310"
479751,RX,0x181,4,0x30,0x30,0x00,0x00,0x01,,,,"Speed feedback = 0 rpm"
479758,TX,0x201,3,0x90,0x90,0x00,0x00,,,,,"Set torque = 0"
479785,TX,0x201,3,0x90,0x90,0x00,0x00,,,,,"Set torque = 0"
479811,TX,0x201,3,0x90,0x90,0x00,0x00,,,,,"Set torque = 0"
479837,TX,0x201,3,0x90,0x90,0x00,0x00,,,,,"Set torque = 0"
479922,RX,0x181,6,0x40,0x40,0x10,0x43,0x80,0x00,0x0B,,"Status word = 0x4310"
479929,RX,0x181,4,0x30,0x30,0x00,0x00,0x01,,,,"Speed feedback = 0 rpm"
479942,TX,0x201,3,0x90,0x90,0x00,0x00,,,,,"Set torque = 0"
479949,RX,0x181,6,0x40,0x40,0x10,0x43,0x80,0x00,0x0B,,"Status word = 0x4310"
479955,RX,0x181,4,0x30,0x30,0x00,0x00,0x01,,,,"Speed feedback = 0 rpm"
479969,TX,0x201,3,0x90,0x90,0x00,0x00,,,,,"Set torque = 0"
479995,TX,0x201,3,0x90,0x90,0x00,0x00,,,,,"Set torque = 0"
480021,TX,0x201,3,0x90,0x90,0x00,0x00,,,,,"Set torque = 0"
480044,RX,0x181,6,0x40,0x40,0x10,0x43,0x80,0x00,0x0B,,"Status word = 0x4310"
480050,TX,0x201,3,0x90,0x90,0x00,0x00,,,,,"Set torque = 0"
480057,RX,0x181,4,0x30,0x30,0x00,0x00,0x01,,,,"Speed feedback = 0 rpm"
480077,TX,0x201,3,0x90,0x90,0x00,0x00,,,,,"Set torque = 0"
480104,TX,0x201,3,0x90,0x90,0x00,0x00,,,,,"Set torque = 0"
480130,TX,0x201,3,0x90,0x90,0x00,0x00,,,,,"Set torque = 0"
480143,RX,0x181,6,0x40,0x40,0x10,0x43,0x80,0x00,0x0B,,"Status word = 0x4310"
480150,RX,0x181,4,0x30,0x30,0x00,0x00,0x01,,,,"Speed feedback = 0 rpm"
480157,TX,0x201,3,0x90,0x90,0x00,0x00,,,,,"Set torque = 0"
480184,TX,0x201,3,0x90,0x90,0x00,0x00,,,,,"Set torque = 0"
480210,TX,0x201,3,0x90,0x90,0x00,0x00,,,,,"Set torque = 0"
480236,TX,0x201,3,0x90,0x90,0x00,0x00,,,,,"Set torque = 0"
480243,RX,0x181,6,0x40,0x40,0x10,0x43,0x80,0x00,0x0B,,"Status word = 0x4310"
480250,RX,0x181,4,0x30,0x30,0x00,0x00,0x01,,,,"Speed feedback = 0 rpm"
480262,TX,0x201,3,0x90,0x90,0x00,0x00,,,,,"Set torque = 0"
480288,TX,0x201,3,0x90,0x90,0x00,0x00,,,,,"Set torque = 0"
480372,RX,0x181,6,0x40,0x40,0x10,0x43,0x80,0x00,0x0B,,"Status word = 0x4310"
480378,RX,0x181,4,0x30,0x30,0x00,0x00,0x01,,,,"Speed feedback = 0 rpm"
480392,TX,0x201,3,0x90,0x90,0x00,0x00,,,,,"Set torque = 0"
480420,TX,0x201,3,0x90,0x90,0x00,0x00,,,,,"Set torque = 0"
480443,RX,0x181,6,0x40,0x40,0x10,0x43,0x80,0x00,0x0B,,"Status word = 0x4310"
480450,TX,0x201,3,0x90,0x90,0x00,0x00,,,,,"Set torque = 0"
480457,RX,0x181,4,0x30,0x30,0x00,0x00,0x01,,,,"Speed feedback = 0 rpm"
480477,TX,0x201,3,0x90,0x90,0x00,0x00,,,,,"Set torque = 0"
480503,TX,0x201,3,0x90,0x90,0x00,0x00,,,,,"Set torque = 0"
480529,TX,0x201,3,0x90,0x90,0x00,0x00,,,,,"Set torque = 0"
480543,RX,0x181,6,0x40,0x40,0x10,0x43,0x80,0x00,0x0B,,"Status word = 0x4310"
480550,RX,0x181,4,0x30,0x30,0x00,0x00,0x01,,,,"Speed feedback = 0 rpm"
480557,TX,0x201,3,0x90,0x90,0x00,0x00,,,,,"Set torque = 0"
480583,TX,0x201,3,0x90,0x90,0x00,0x00,,,,,"Set torque = 0"
480609,TX,0x201,3,0x90,0x90,0x00,0x00,,,,,"Set torque = 0"
480636,TX,0x201,3,0x90,0x90,0x00,0x00,,,,,"Set torque = 0"
480643,RX,0x181,6,0x40,0x40,0x10,0x43,0x80,0x00,0x0B,,"Status word = 0x4310"
480650,RX,0x181,4,0x30,0x30,0x00,0x00,0x01,,,,"Speed feedback = 0 rpm"
480662,TX,0x201,3,0x90,0x90,0x00,0x00,,,,,"Set torque = 0"
480688,TX,0x201,3,0x90,0x90,0x00,0x00,,,,,"Set torque = 0"
480714,TX,0x201,3,0x90,0x90,0x00,0x00,,,,,"Set torque = 0"
480740,TX,0x201,3,0x90,0x90,0x00,0x00,,,,,"Set torque = 0"
480746,RX,0x181,6,0x40,0x40,0x10,0x43,0x80,0x00,0x0B,,"Status word = 0x4310"
480753,RX,0x181,4,0x30,0x30,0x00,0x00,0x01,,,,"Speed feedback = 0 rpm"
480833,TX,0x201,3,0x90,0x90,0x00,0x00,,,,,"Set torque = 0"
480842,RX,0x181,6,0x40,0x40,0x10,0x43,0x80,0x00,0x0B,,"Status word = 0x4310"
480849,RX,0x181,4,0x30,0x30,0x00,0x00,0x01,,,,"Speed feedback = 0 rpm"
480860,TX,0x201,3,0x90,0x90,0x00,0x00,,,,,"Set torque = 0"
480886,TX,0x201,3,0x90,0x90,0x00,0x00,,,,,"Set torque = 0"
480912,TX,0x201,3,0x90,0x90,0x00,0x00,,,,,"Set torque = 0"
480938,TX,0x201,3,0x90,0x90,0x00,0x00,,,,,"Set torque = 0"
480944,RX,0x181,6,0x40,0x40,0x10,0x43,0x80,0x00,0x0B,,"Status word = 0x4310"
480951,RX,0x181,4,0x30,0x30,0x00,0x00,0x01,,,,"Speed feedback = 0 rpm"
480964,TX,0x201,3,0x90,0x90,0x00,0x00,,,,,"Set torque = 0"
480990,TX,0x201,3,0x90,0x90,0x00,0x00,,,,,"Set torque = 0"
481016,TX,0x201,3,0x90,0x90,0x00,0x00,,,,,"Set torque = 0"
481042,TX,0x201,3,0x90,0x90,0x00,0x00,,,,,"Set torque = 0"
481048,RX,0x181,6,0x40,0x40,0x10,0x43,0x80,0x00,0x0B,,"Status word = 0x4310"
481055,RX,0x181,4,0x30,0x30,0x00,0x00,0x01,,,,"Speed feedback = 0 rpm"
481068,TX,0x201,3,0x90,0x90,0x00,0x00,,,,,"Set torque = 0"
481094,TX,0x201,3,0x90,0x90,0x00,0x00,,,,,"Set torque = 0"
481120,TX,0x201,3,0x90,0x90,0x00,0x00,,,,,"Set torque = 0"
481142,RX,0x181,6,0x40,0x40,0x10,0x43,0x80,0x00,0x0B,,"Status word = 0x4310"
481149,TX,0x201,3,0x90,0x90,0x00,0x00,,,,,"Set torque = 0"
481155,RX,0x181,4,0x30,0x30,0x00,0x00,0x01,,,,"Speed feedback = 0 rpm"
481175,TX,0x201,3,0x90,0x90,0x00,0x00,,,,,"Set torque = 0"
481201,TX,0x201,3,0x90,0x90,0x00,0x00,,,,,"Set torque = 0"
481227,TX,0x201,3,0x90,0x90,0x00,0x00,,,,,"Set torque = 0"
481306,RX,0x181,6,0x40,0x40,0x10,0x43,0x80,0x00,0x0B,,"Status word = 0x4310"
481313,RX,0x181,4,0x30,0x30,0x00,0x00,0x01,,,,"Speed feedback = 0 rpm"
481326,TX,0x201,3,0x90,0x90,0x00,0x00,,,,,"Set torque = 0"
481342,RX,0x181,6,0x40,0x40,0x10,0x43,0x80,0x00,0x0B,,"Status word = 0x4310"
481349,RX,0x181,4,0x30,0x30,0x00,0x00,0x01,,,,"Speed feedback = 0 rpm"
481355,TX,0x201,3,0x90,0x90,0x00,0x00,,,,,"Set torque = 0"
481382,TX,0x201,3,0x90,0x90,0x00,0x00,,,,,"Set torque = 0"
481408,TX,0x201,3,0x90,0x90,0x00,0x00,,,,,"Set torque = 0"
481434,TX,0x201,3,0x90,0x90,0x00,0x00,,,,,"Set torque = 0"
481441,RX,0x181,6,0x40,0x40,0x10,0x43,0x80,0x00,0x0B,,"Status word = 0x4310"
481448,RX,0x181,4,0x30,0x30,0x00,0x00,0x01,,,,"Speed feedback = 0 rpm"
481460,TX,0x201,3,0x90,0x90,0x00,0x00,,,,,"Set torque = 0"
481487,TX,0x201,3,0x90,0x90,0x00,0x00,,,,,"Set torque = 0"
481513,TX,0x201,3,0x90,0x90,0x00,0x00,,,,,"Set torque = 0"
481539,TX,0x201,3,0x90,0x90,0x00,0x00,,,,,"Set torque = 0"
481545,RX,0x181,6,0x40,0x40,0x10,0x43,0x80,0x00,0x0B,,"Status word = 0x4310"
481552,RX,0x181,4,0x30,0x30,0x00,0x00,0x01,,,,"Speed feedback = 0 rpm"
481565,TX,0x201,3,0x90,0x90,0x00,0x00,,,,,"Set torque = 0"
481592,TX,0x201,3,0x90,0x90,0x00,0x00,,,,,"Set torque = 0"
481618,TX,0x201,3,0x90,0x90,0x00,0x00,,,,,"Set torque = 0"
481641,RX,0x181,6,0x40,0x40,0x10,0x43,0x80,0x00,0x0B,,"Status word = 0x4310"
481648,TX,0x201,3,0x90,0x90,0x00,0x00,,,,,"Set torque = 0"
481655,RX,0x181,4,0x30,0x30,0x00,0x00,0x01,,,,"Speed feedback = 0 rpm"
481736,TX,0x201,3,0x90,0x90,0x00,0x00,,,,,"Set torque = 0"
481743,RX,0x181,6,0x40,0x40,0x10,0x43,0x80,0x00,0x0B,,"Status word = 0x4310"
481750,RX,0x181,4,0x30,0x30,0x00,0x00,0x01,,,,"Speed feedback = 0 rpm"
481763,TX,0x201,3,0x90,0x90,0x00,0x00,,,,,"Set torque = 0"
481789,TX,0x201,3,0x90,0x90,0x00,0x00,,,,,"Set torque = 0"
481815,TX,0x201,3,0x90,0x90,0x00,0x00,,,,,"Set torque = 0"
481841,RX,0x181,6,0x40,0x40,0x10,0x43,0x80,0x00,0x0B,,"Status word = 0x4310"
481848,TX,0x201,3,0x90,0x90,0x00,0x00,,,,,"Set torque = 0"
481854,RX,0x181,4,0x30,0x30,0x00,0x00,0x01,,,,"Speed feedback = 0 rpm"
481874,TX,0x201,3,0x90,0x90,0x00,0x00,,,,,"Set torque = 0"
481900,TX,0x201,3,0x90,0x90,0x00,0x00,,,,,"Set torque = 0"
481926,TX,0x201,3,0x90,0x90,0x00,0x00,,,,,"Set torque = 0"
481941,RX,0x181,6,0x40,0x40,0x10,0x43,0x80,0x00,0x0B,,"Status word = 0x4310"
481948,RX,0x181,4,0x30,0x30,0x00,0x00,0x01,,,,"Speed feedback = 0 rpm"
481954,TX,0x201,3,0x90,0x90,0x00,0x00,,,,,"Set torque = 0"
481981,TX,0x201,3,0x90,0x90,0x00,0x00,,,,,"Set torque = 0"
482007,TX,0x201,3,0x90,0x90,0x00,0x00,,,,,"Set torque = 0"
482033,TX,0x201,3,0x90,0x90,0x00,0x00,,,,,"Set torque = 0"
482040,RX,0x181,6,0x40,0x40,0x10,0x43,0x80,0x00,0x0B,,"Status word = 0x4310"
482047,RX,0x181,4,0x30,0x30,0x00,0x00,0x01,,,,"Speed feedback = 0 rpm"
482059,TX,0x201,3,0x90,0x90,0x00,0x00,,,,,"Set torque = 0"
482085,TX,0x201,3,0x90,0x90,0x00,0x00,,,,,"Set torque = 0"
482111,TX,0x201,3,0x90,0x90,0x00,0x00,,,,,"Set torque = 0"
482137,TX,0x201,3,0x90,0x90,0x00,0x00,,,,,"Set torque = 0"
482221,RX,0x181,6,0x40,0x40,0x10,0x43,0x80,0x00,0x0B,,"Status word = 0x4310"
482228,RX,0x181,4,0x30,0x30,0x00,0x00,0x01,,,,"Speed feedback = 0 rpm"
482240,RX,0x181,6,0x40,0x40,0x10,0x43,0x80,0x00,0x0B,,"Status word = 0x4310"
482247,TX,0x201,3,0x90,0x90,0x00,0x00,,,,,"Set torque = 0"
482254,RX,0x181,4,0x30,0x30,0x00,0x00,0x01,,,,"Speed feedback = 0 rpm"
482274,TX,0x201,3,0x90,0x90,0x00,0x00,,,,,"Set torque = 0"
482300,TX,0x201,3,0x90,0x90,0x00,0x00,,,,,"Set torque = 0"
482326,TX,0x201,3,0x90,0x90,0x00,0x00,,,,,"Set torque = 0"
482340,RX,0x181,6,0x40,0x40,0x10,0x43,0x80,0x00,0x0B,,"Status word = 0x4310"
482347,RX,0x181,4,0x30,0x30,0x00,0x00,0x01,,,,"Speed feedback = 0 rpm"
482354,TX,0x201,3,0x90,0x90,0x00,0x00,,,,,"Set torque = 0"
482381,TX,0x201,3,0x90,0x90,0x00,0x00,,,,,"Set torque = 0"
482407,TX,0x201,3,0x90,0x90,0x00,0x00,,,,,"Set torque = 0"
482433,TX,0x201,3,0x90,0x90,0x00,0x00,,,,,"Set torque = 0"
482440,RX,0x181,6,0x40,0x40,0x10,0x43,0x80,0x00,0x0B,,"Status word = 0x4310"
482447,RX,0x181,4,0x30,0x30,0x00,0x00,0x01,,,,"Speed feedback = 0 rpm"
482459,TX,0x201,3,0x90,0x90,0x00,0x00,,,,,"Set torque = 0"
482485,TX,0x201,3,0x90,0x90,0x00,0x00,,,,,"Set torque = 0"
482512,TX,0x201,3,0x90,0x90,0x00,0x00,,,,,"Set torque = 0"
482538,TX,0x201,3,0x90,0x90,0x00,0x00,,,,,"Set torque = 0"
482544,RX,0x181,6,0x40,0x40,0x10,0x43,0x80,0x00,0x0B,,"Status word = 0x4310"
482551,RX,0x181,4,0x30,0x30,0x00,0x00,0x01,,,,"Speed feedback = 0 rpm"
482564,TX,0x201,3,0x90,0x90,0x00,0x00,,,,,"Set torque = 0"
482590,TX,0x201,3,0x90,0x90,0x00,0x00,,,,,"Set torque = 0"
482676,RX,0x181,6,0x40,0x40,0x10,0x43,0x80,0x00,0x0B,,"Status word = 0x4310"
482683,RX,0x181,4,0x30,0x30,0x00,0x00,0x01,,,,"Speed feedback = 0 rpm"
482696,TX,0x201,3,0x90,0x90,0x00,0x00,,,,,"Set torque = 0"
482723,TX,0x201,3,0x90,0x90,0x00,0x00,,,,,"Set torque = 0"
482739,RX,0x181,6,0x40,0x40,0x10,0x43,0x80,0x00,0x0B,,"Status word = 0x4310"
482746,RX,0x181,4,0x30,0x30,0x00,0x00,0x01,,,,"Speed feedback = 0 rpm"
482753,TX,0x201,3,0x90,0x90,0x00,0x00,,,,,"Set torque = 0"
482780,TX,0x201,3,0x90,0x90,0x00,0x00,,,,,"Set torque = 0"
482806,TX,0x201,3,0x90,0x90,0x00,0x00,,,,,"Set torque = 0"
482832,TX,0x201,3,0x90,0x90,0x00,0x00,,,,,"Set torque = 0"
482839,RX,0x181,6,0x40,0x40,0x10,0x43,0x80,0x00,0x0B,,"Status word = 0x4310"
482846,RX,0x181,4,0x30,0x30,0x00,0x00,0x01,,,,"Speed feedback = 0 rpm"
482858,TX,0x201,3,0x90,0x90,0x00,0x00,,,,,"Set torque = 0"
482884,TX,0x201,3,0x90,0x90,0x00,0x00,,,,,"Set torque = 0"
482910,TX,0x201,3,0x90,0x90,0x00,0x00,,,,,"Set torque = 0"
482936,TX,0x201,3,0x90,0x90,0x00,0x00,,,,,"Set torque = 0"
482942,RX,0x181,6,0x40,0x40,0x10,0x43,0x80,0x00,0x0B,,"Status word = 0x4310"
482949,RX,0x181,4,0x30,0x30,0x00,0x00,0x01,,,,"Speed feedback = 0 rpm"
482962,TX,0x201,3,0x90,0x90,0x00,0x00,,,,,"Set torque = 0"
482988,TX,0x201,3,0x90,0x90,0x00,0x00,,,,,"Set torque = 0"
483014,TX,0x201,3,0x90,0x90,0x00,0x00,,,,,"Set torque = 0"
483039,RX,0x181,6,0x40,0x40,0x10,0x43,0x80,0x00,0x0B,,"Status word = 0x4310"
483046,TX,0x201,3,0x90,0x90,0x00,0x00,,,,,"Set torque = 0"
483052,RX,0x181,4,0x30,0x30,0x00,0x00,0x01,,,,"Speed feedback = 0 rpm"
483137,TX,0x201,3,0x90,0x90,0x00,0x00,,,,,"Set torque = 0"
483144,RX,0x181,6,0x40,0x40,0x10,0x43,0x80,0x00,0x0B,,"Status word = 0x4310"
483151,RX,0x181,4,0x30,0x30,0x00,0x00,0x01,,,,"Speed feedback = 0 rpm"
483164,TX,0x201,3,0x90,0x90,0x00,0x00,,,,,"Set torque = 0"
483190,TX,0x201,3,0x90,0x90,0x00,0x00,,,,,"Set torque = 0"
483216,TX,0x201,3,0x90,0x90,0x00,0x00,,,,,"Set torque = 0"
483239,RX,0x181,6,0x40,0x40,0x10,0x43,0x80,0x00,0x0B,,"Status word = 0x4310"
483245,TX,0x201,3,0x90,0x90,0x00,0x00,,,,,"Set torque = 0"
483252,RX,0x181,4,0x30,0x30,0x00,0x00,0x01,,,,"Speed feedback = 0 rpm"
483272,TX,0x201,3,0x90,0x90,0x00,0x00,,,,,"Set torque = 0"
483298,TX,0x201,3,0x90,0x90,0x00,0x00,,,,,"Set torque = 0"
483324,TX,0x201,3,0x90,0x90,0x00,0x00,,,,,"Set torque = 0"
483338,RX,0x181,6,0x40,0x40,0x10,0x43,0x80,0x00,0x0B,,"Status word = 0x4310"
483345,RX,0x181,4,0x30,0x30,0x00,0x00,0x01,,,,"Speed feedback = 0 rpm"
483352,TX,0x201,3,0x90,0x90,0x00,0x00,,,,,"Set torque = 0"
483379,TX,0x201,3,0x90,0x90,0x00,0x00,,,,,"Set torque = 0"
483405,TX,0x201,3,0x90,0x90,0x00,0x00,,,,,"Set torque = 0"
483431,TX,0x201,3,0x90,0x90,0x00,0x00,,,,,"Set torque = 0"
483438,RX,0x181,6,0x40,0x40,0x10,0x43,0x80,0x00,0x0B,,"Status word = 0x4310"
483445,RX,0x181,4,0x30,0x30,0x00,0x00,0x01,,,,"Speed feedback = 0 rpm"
483457,TX,0x201,3,0x90,0x90,0x00,0x00,,,,,"Set torque = 0"
483483,TX,0x201,3,0x90,0x90,0x00,0x00,,,,,"Set torque = 0"
483509,TX,0x201,3,0x90,0x90,0x00,0x00,,,,,"Set torque = 0"
483535,TX,0x201,3,0x90,0x90,0x00,0x00,,,,,"Set torque = 0"
483618,RX,0x181,6,0x40,0x40,0x10,0x43,0x80,0x00,0x0B,,"Status word = 0x4310"
483625,RX,0x181,4,0x30,0x30,0x00,0x00,0x01,,,,"Speed feedback = 0 rpm"
483638,TX,0x201,3,0x90,0x90,0x00,0x00,,,,,"Set torque = 0"
483644,RX,0x181,6,0x40,0x40,0x10,0x43,0x80,0x00,0x0B,,"Status word = 0x4310"
483651,RX,0x181,4,0x30,0x30,0x00,0x00,0x01,,,,"Speed feedback = 0 rpm"
483664,TX,0x201,3,0x90,0x90,0x00,0x00,,,,,"Set torque = 0"
483690,TX,0x201,3,0x90,0x90,0x00,0x00,,,,,"Set torque = 0"
483716,TX,0x201,3,0x90,0x90,0x00,0x00,,,,,"Set torque = 0"
483738,RX,0x181,6,0x40,0x40,0x10,0x43,0x80,0x00,0x0B,,"Status word = 0x4310"
483745,RX,0x181,4,0x30,0x30,0x00,0x00,0x01,,,,"Speed feedback = 0 rpm"
483752,TX,0x201,3,0x90,0x90,0x00,0x00,,,,,"Set torque = 0"
483778,TX,0x201,3,0x90,0x90,0x00,0x00,,,,,"Set torque = 0"
483804,TX,0x201,3,0x90,0x90,0x00,0x00,,,,,"Set torque = 0"
483830,TX,0x201,3,0x90,0x90,0x00,0x00,,,,,"Set torque = 0"
483838,RX,0x181,6,0x40,0x40,0x10,0x43,0x80,0x00,0x0B,,"Status word = 0x4310"
483845,RX,0x181,4,0x30,0x30,0x00,0x00,0x01,,,,"Speed feedback = 0 rpm"
483856,TX,0x201,3,0x90,0x90,0x00,0x00,,,,,"Set torque = 0"
483882,TX,0x201,3,0x90,0x90,0x00,0x00,,,,,"Set torque = 0"
483909,TX,0x201,3,0x90,0x90,0x00,0x00,,,,,"Set torque = 0"
483935,TX,0x201,3,0x90,0x90,0x00,0x00,,,,,"Set torque = 0"
483941,RX,0x181,6,0x40,0x40,0x10,0x43,0x80,0x00,0x0B,,"Status word = 0x4310"
483948,RX,0x181,4,0x30,0x30,0x00,0x00,0x01,,,,"Speed feedback = 0 rpm"
483961,TX,0x201,3,0x90,0x90,0x00,0x00,,,,,"Set torque = 0"
483987,TX,0x201,3,0x90,0x90,0x00,0x00,,,,,"Set torque = 0"
484071,RX,0x181,6,0x40,0x40,0x10,0x43,0x80,0x00,0x0B,,"Status word = 0x4310"
484078,RX,0x181,4,0x30,0x30,0x00,0x00,0x01,,,,"Speed feedback = 0 rpm"
484091,TX,0x201,3,0x90,0x90,0x00,0x00,,,,,"Set torque = 0"
484118,TX,0x201,3,0x90,0x90,0x00,0x00,,,,,"Set torque = 0"
484137,RX,0x181,6,0x40,0x40,0x10,0x43,0x80,0x00,0x0B,,"Status word = 0x4310"
484144,TX,0x201,3,0x90,0x90,0x00,0x00,,,,,"Set torque = 0"
484151,RX,0x181,4,0x30,0x30,0x00,0x00,0x01,,,,"Speed feedback = 0 rpm"
484171,TX,0x201,3,0x90,0x90,0x00,0x00,,,,,"Set torque = 0"
484197,TX,0x201,3,0x90,0x90,0x00,0x00,,,,,"Set torque = 0"
484223,TX,0x201,3,0x90,0x90,0x00,0x00,,,,,"Set torque = 0"
484237,RX,0x181,6,0x40,0x40,0x10,0x43,0x80,0x00,0x0B,,"Status word = 0x4310"
484244,RX,0x181,4,0x30,0x30,0x00,0x00,0x01,,,,"Speed feedback = 0 rpm"
484251,TX,0x201,3,0x90,0x90,0x00,0x00,,,,,"Set torque = 0"
484278,TX,0x201,3,0x90,0x90,0x00,0x00,,,,,"Set torque = 0"
484304,TX,0x201,3,0x90,0x90,0x00,0x00,,,,,"Set torque = 0"
484330,TX,0x201,3,0x90,0x90,0x00,0x00,,,,,"Set torque = 0"
484337,RX,0x181,6,0x40,0x40,0x10,0x43,0x80,0x00,0x0B,,"Status word = 0x4310"
484344,RX,0x181,4,0x30,0x30,0x00,0x00,0x01,,,,"Speed feedback = 0 rpm"
484356,TX,0x201,3,0x90,0x90,0x00,0x00,,,,,"Set torque = 0"
484382,TX,0x201,3,0x90,0x90,0x00,0x00,,,,,"Set torque = 0"
484408,TX,0x201,3,0x90,0x90,0x00,0x00,,,,,"Set torque = 0"
484435,TX,0x201,3,0x90,0x90,0x00,0x00,,,,,"Set torque = 0"
484441,RX,0x181,6,0x40,0x40,0x10,0x43,0x80,0x00,0x0B,,"Status word = 0x4310"
484448,RX,0x181,4,0x30,0x30,0x00,0x00,0x01,,,,"Speed feedback = 0 rpm"
484533,TX,0x201,3,0x90,0x90,0x00,0x00,,,,,"Set torque = 0"
484540,RX,0x181,6,0x40,0x40,0x10,0x43,0x80,0x00,0x0B,,"Status word = 0x4310"
484547,RX,0x181,4,0x30,0x30,0x00,0x00,0x01,,,,"Speed feedback = 0 rpm"
484560,TX,0x201,3,0x90,0x90,0x00,0x00,,,,,"Set torque = 0"
484586,TX,0x201,3,0x90,0x90,0x00,0x00,,,,,"Set torque = 0"
484612,TX,0x201,3,0x90,0x90,0x00,0x00,,,,,"Set torque = 0"
484636,RX,0x181,6,0x40,0x40,0x10,0x43,0x80,0x00,0x0B,,"Status word = 0x4310"
484643,TX,0x201,3,0x90,0x90,0x00,0x00,,,,,"Set torque = 0"
484650,RX,0x181,4,0x30,0x30,0x00,0x00,0x01,,,,"Speed feedback = 0 rpm"
484670,TX,0x201,3,0x90,0x90,0x00,0x00,,,,,"Set torque = 0"
484696,TX,0x201,3,0x90,0x90,0x00,0x00,,,,,"Set torque = 0"
484722,TX,0x201,3,0x90,0x90,0x00,0x00,,,,,"Set torque = 0"
484736,RX,0x181,6,0x40,0x40,0x10,0x43,0x80,0x00,0x0B,,"Status word = 0x4310"
484743,RX,0x181,4,0x30,0x30,0x00,0x00,0x01,,,,"Speed feedback = 0 rpm"
484750,TX,0x201,3,0x90,0x90,0x00,0x00,,,,,"Set torque = 0"
484777,TX,0x201,3,0x90,0x90,0x00,0x00,,,,,"Set torque = 0"
484803,TX,0x201,3,0x90,0x90,0x00,0x00,,,,,"Set torque = 0"
484829,TX,0x201,3,0x90,0x90,0x00,0x00,,,,,"Set torque = 0"
484836,RX,0x181,6,0x40,0x40,0x10,0x43,0x80,0x00,0x0B,,"Status word = 0x4310"
484843,RX,0x181,4,0x30,0x30,0x00,0x00,0x01,,,,"Speed feedback = 0 rpm"
484855,TX,0x201,3,0x90,0x90,0x00,0x00,,,,,"Set torque = 0"
484881,TX,0x201,3,0x90,0x90,0x00,0x00,,,,,"Set torque = 0"
484907,TX,0x201,3,0x90,0x90,0x00,0x00,,,,,"Set torque = 0"
484933,TX,0x201,3,0x90,0x90,0x00,0x00,,,,,"Set torque = 0"
485018,RX,0x181,6,0x40,0x40,0x10,0x43,0x80,0x00,0x0B,,"Status word = 0x4310"
485024,RX,0x181,4,0x30,0x30,0x00,0x00,0x01,,,,"Speed feedback = 0 rpm"
485036,RX,0x181,6,0x40,0x40,0x10,0x43,0x80,0x00,0x0B,,"Status word = 0x4310"
485043,TX,0x201,3,0x90,0x90,0x00,0x00,,,,,"Set torque = 0"
485049,RX,0x181,4,0x30,0x30,0x00,0x00,0x01,,,,"Speed feedback = 0 rpm"
485069,TX,0x201,3,0x90,0x90,0x00,0x00,,,,,"Set torque = 0"
485095,TX,0x201,3,0x90,0x90,0x00,0x00,,,,,"Set torque = 0"
485121,TX,0x201,3,0x90,0x90,0x00,0x00,,,,,"Set torque = 0"
485136,RX,0x181,6,0x40,0x40,0x10,0x43,0x80,0x00,0x0B,,"Status word = 0x4310"
485143,RX,0x181,4,0x30,0x30,0x00,0x00,0x01,,,,"Speed feedback = 0 rpm"
485149,TX,0x201,3,0x90,0x90,0x00,0x00,,,,,"Set torque = 0"
485176,TX,0x201,3,0x90,0x90,0x00,0x00,,,,,"Set torque = 0"
485202,TX,0x201,3,0x90,0x90,0x00,0x00,,,,,"Set torque = 0"
485230,TX,0x201,3,0x90,0x90,0x00,0x00,,,,,"Set torque = 0"
485236,RX,0x181,6,0x40,0x40,0x10,0x43,0x80,0x00,0x0B,,"Status word = 0x4310"
485243,RX,0x181,4,0x30,0x30,0x00,0x00,0x01,,,,"Speed feedback = 0 rpm"
485256,TX,0x201,3,0x90,0x90,0x00,0x00,,,,,"Set torque = 0"
485283,TX,0x201,3,0x90,0x90,0x00,0x00,,,,,"Set torque = 0"
485309,TX,0x201,3,0x90,0x90,0x00,0x00,,,,,"Set torque = 0"
485335,TX,0x201,3,0x90,0x90,0x00,0x00,,,,,"Set torque = 0"
485341,RX,0x181,6,0x40,0x40,0x10,0x43,0x80,0x00,0x0B,,"Status word = 0x4310"
485348,RX,0x181,4,0x30,0x30,0x00,0x00,0x01,,,,"Speed feedback = 0 rpm"
485361,TX,0x201,3,0x90,0x90,0x00,0x00,,,,,"Set torque = 0"
485445,RX,0x181,6,0x40,0x40,0x10,0x43,0x80,0x00,0x0B,,"Status word = 0x4310"
485452,RX,0x181,4,0x30,0x30,0x00,0x00,0x01,,,,"Speed feedback = 0 rpm"
485465,TX,0x201,3,0x90,0x90,0x00,0x00,,,,,"Set torque = 0"
485492,TX,0x201,3,0x90,0x90,0x00,0x00,,,,,"Set torque = 0"
485518,TX,0x201,3,0x90,0x90,0x00,0x00,,,,,"Set torque = 0"
485535,RX,0x181,6,0x40,0x40,0x10,0x43,0x80,0x00,0x0B,,"Status word = 0x4310"
485542,RX,0x181,4,0x30,0x30,0x00,0x00,0x01,,,,"Speed feedback = 0 rpm"
485549,TX,0x201,3,0x90,0x90,0x00,0x00,,,,,"Set torque = 0"
485575,TX,0x201,3,0x90,0x90,0x00,0x00,,,,,"Set torque = 0"
485601,TX,0x201,3,0x90,0x90,0x00,0x00,,,,,"Set torque = 0"
485627,TX,0x201,3,0x90,0x90,0x00,0x00,,,,,"Set torque = 0"
485635,RX,0x181,6,0x40,0x40,0x10,0x43,0x80,0x00,0x0B,,"Status word = 0x4310"
485642,RX,0x181,4,0x30,0x30,0x00,0x00,0x01,,,,"Speed feedback = 0 rpm"
485653,TX,0x201,3,0x90,0x90,0x00,0x00,,,,,"Set torque = 0"
485679,TX,0x201,3,0x90,0x90,0x00,0x00,,,,,"Set torque = 0"
485705,TX,0x201,3,0x90,0x90,0x00,0x00,,,,,"Set torque = 0"
485731,TX,0x201,3,0x90,0x90,0x00,0x00,,,,,"Set torque = 0"
485737,RX,0x181,6,0x40,0x40,0x10,0x43,0x80,0x00,0x0B,,"Status word = 0x4310"
485744,RX,0x181,4,0x30,0x30,0x00,0x00,0x01,,,,"Speed feedback = 0 rpm"
485757,TX,0x201,3,0x90,0x90,0x00,0x00,,,,,"Set torque = 0"
485783,TX,0x201,3,0x90,0x90,0x00,0x00,,,,,"Set torque = 0"
485810,TX,0x201,3,0x90,0x90,0x00,0x00,,,,,"Set torque = 0"
485834,RX,0x181,6,0x40,0x40,0x10,0x43,0x80,0x00,0x0B,,"Status word = 0x4310"
485841,TX,0x201,3,0x90,0x90,0x00,0x00,,,,,"Set torque = 0"
485927,RX,0x181,4,0x30,0x30,0x00,0x00,0x01,,,,"Speed feedback = 0 rpm"
485934,RX,0x181,6,0x40,0x40,0x10,0x43,0x80,0x00,0x0B,,"Status word = 0x4310"
485941,RX,0x181,4,0x30,0x30,0x00,0x00,0x01,,,,"Speed feedback = 0 rpm"
485948,TX,0x201,3,0x90,0x90,0x00,0x00,,,,,"Set torque = 0"
485975,TX,0x201,3,0x90,0x90,0x00,0x00,,,,,"Set torque = 0"
486001,TX,0x201,3,0x90,0x90,0x00,0x00,,,,,"Set torque = 0"
486028,TX,0x201,3,0x90,0x90,0x00,0x00,,,,,"Set torque = 0"
486034,RX,0x181,6,0x40,0x40,0x10,0x43,0x80,0x00,0x0B,,"Status word = 0x4310"
486041,RX,0x181,4,0x30,0x30,0x00,0x00,0x01,,,,"Speed feedback = 0 rpm"
486054,TX,0x201,3,0x90,0x90,0x00,0x00,,,,,"Set torque = 0"
486080,TX,0x201,3,0x90,0x90,0x00,0x00,,,,,"Set torque = 0"
486106,TX,0x201,3,0x90,0x90,0x00,0x00,,,,,"Set torque = 0"
486132,TX,0x201,3,0x90,0x90,0x00,0x00,,,,,"Set torque = 0"
486138,RX,0x181,6,0x40,0x40,0x10,0x43,0x80,0x00,0x0B,,"Status word = 0x4310"
486145,RX,0x181,4,0x30,0x30,0x00,0x00,0x01,,,,"Speed feedback = 0 rpm"
486158,TX,0x201,3,0x90,0x90,0x00,0x00,,,,,"Set torque = 0"
486184,TX,0x201,3,0x90,0x90,0x00,0x00,,,,,"Set torque = 0"
486210,TX,0x201,3,0x90,0x90,0x00,0x00,,,,,"Set torque = 0"
486234,RX,0x181,6,0x40,0x40,0x10,0x43,0x80,0x00,0x0B,,"Status word = 0x4310"
486241,TX,0x201,3,0x90,0x90,0x00,0x00,,,,,"Set torque = 0"
486247,RX,0x181,4,0x30,0x30,0x00,0x00,0x01,,,,"Speed feedback = 0 rpm"
486267,TX,0x201,3,0x90,0x90,0x00,0x00,,,,,"Set torque = 0"
486293,TX,0x201,3,0x90,0x90,0x00,0x00,,,,,"Set torque = 0"
486319,TX,0x201,3,0x90,0x90,0x00,0x00,,,,,"Set torque = 0"
486410,RX,0x181,6,0x40,0x40,0x10,0x43,0x80,0x00,0x0B,,"Status word = 0x4310"
486417,RX,0x181,4,0x30,0x30,0x00,0x00,0x01,,,,"Speed feedback = 0 rpm"
486430,TX,0x201,3,0x90,0x90,0x00,0x00,,,,,"Set torque = 0"
486436,RX,0x181,6,0x40,0x40,0x10,0x43,0x80,0x00,0x0B,,"Status word = 0x4310"
486446,RX,0x181,4,0x30,0x30,0x00,0x00,0x01,,,,"Speed feedback = 0 rpm"
486456,TX,0x201,3,0x90,0x90,0x00,0x00,,,,,"Set torque = 0"
486482,TX,0x201,3,0x90,0x90,0x00,0x00,,,,,"Set torque = 0"
486508,TX,0x201,3,0x90,0x90,0x00,0x00,,,,,"Set torque = 0"
486533,RX,0x181,6,0x40,0x40,0x10,0x43,0x80,0x00,0x0B,,"Status word = 0x4310"
486540,TX,0x201,3,0x90,0x90,0x00,0x00,,,,,"Set torque = 0"
486547,RX,0x181,4,0x30,0x30,0x00,0x00,0x01,,,,"Speed feedback = 0 rpm"
486567,TX,0x201,3,0x90,0x90,0x00,0x00,,,,,"Set torque = 0"
486593,TX,0x201,3,0x90,0x90,0x00,0x00,,,,,"Set torque = 0"
486619,TX,0x201,3,0x90,0x90,0x00,0x00,,,,,"Set torque = 0"
486633,RX,0x181,6,0x40,0x40,0x10,0x43,0x80,0x00,0x0B,,"Status word = 0x4310"
486640,RX,0x181,4,0x30,0x30,0x00,0x00,0x01,,,,"Speed feedback = 0 rpm"
486647,TX,0x201,3,0x90,0x90,0x00,0x00,,,,,"Set torque = 0"
486674,TX,0x201,3,0x90,0x90,0x00,0x00,,,,,"Set torque = 0"
486700,TX,0x201,3,0x90,0x90,0x00,0x00,,,,,"Set torque = 0"
486726,TX,0x201,3,0x90,0x90,0x00,0x00,,,,,"Set torque = 0"
486733,RX,0x181,6,0x40,0x40,0x10,0x43,0x80,0x00,0x0B,,"Status word = 0x4310"
486740,RX,0x181,4,0x30,0x30,0x00,0x00,0x01,,,,"Speed feedback = 0 rpm"
486752,TX,0x201,3,0x90,0x90,0x00,0x00,,,,,"Set torque = 0"
486843,RX,0x181,6,0x40,0x40,0x10,0x43,0x80,0x00,0x0B,,"Status word = 0x4310"
486850,RX,0x181,4,0x30,0x30,0x00,0x00,0x01,,,,"Speed feedback = 0 rpm"
486863,TX,0x201,3,0x90,0x90,0x00,0x00,,,,,"Set torque = 0"
486890,TX,0x201,3,0x90,0x90,0x00,0x00,,,,,"Set torque = 0"
486916,TX,0x201,3,0x90,0x90,0x00,0x00,,,,,"Set torque = 0"
486933,RX,0x181,6,0x40,0x40,0x10,0x43,0x80,0x00,0x0B,,"Status word = 0x4310"
486940,RX,0x181,4,0x30,0x30,0x00,0x00,0x01,,,,"Speed feedback = 0 rpm"
486946,TX,0x201,3,0x90,0x90,0x00,0x00,,,,,"Set torque = 0"
486973,TX,0x201,3,0x90,0x90,0x00,0x00,,,,,"Set torque = 0"
486999,TX,0x201,3,0x90,0x90,0x00,0x00,,,,,"Set torque = 0"
487025,TX,0x201,3,0x90,0x90,0x00,0x00,,,,,"Set torque = 0"
487033,RX,0x181,6,0x40,0x40,0x10,0x43,0x80,0x00,0x0B,,"Status word = 0x4310"
487040,RX,0x181,4,0x30,0x30,0x00,0x00,0x01,,,,"Speed feedback = 0 rpm"
487051,TX,0x201,3,0x90,0x90,0x00,0x00,,,,,"Set torque = 0"
487077,TX,0x201,3,0x90,0x90,0x00,0x00,,,,,"Set torque = 0"
487103,TX,0x201,3,0x90,0x90,0x00,0x00,,,,,"Set torque = 0"
487129,TX,0x201,3,0x90,0x90,0x00,0x00,,,,,"Set torque = 0"
487135,RX,0x181,6,0x40,0x40,0x10,0x43,0x80,0x00,0x0B,,"Status word = 0x4310"
487142,RX,0x181,4,0x30,0x30,0x00,0x00,0x01,,,,"Speed feedback = 0 rpm"
487155,TX,0x201,3,0x90,0x90,0x00,0x00,,,,,"Set torque = 0"
487181,TX,0x201,3,0x90,0x90,0x00,0x00,,,,,"Set torque = 0"
487208,TX,0x201,3,0x90,0x90,0x00,0x00,,,,,"Set torque = 0"
487232,RX,0x181,6,0x40,0x40,0x10,0x43,0x80,0x00,0x0B,,"Status word = 0x4310"
487239,TX,0x201,3,0x90,0x90,0x00,0x00,,,,,"Set torque = 0"
487331,RX,0x181,4,0x30,0x30,0x00,0x00,0x01,,,,"Speed feedback = 0 rpm"
487338,RX,0x181,6,0x40,0x40,0x10,0x43,0x80,0x00,0x0B,,"Status word = 0x4310"
487344,RX,0x181,4,0x30,0x30,0x00,0x00,0x01,,,,"Speed feedback = 0 rpm"
487351,TX,0x201,3,0x90,0x90,0x00,0x00,,,,,"Set torque = 0"
487378,TX,0x201,3,0x90,0x90,0x00,0x00,,,,,"Set torque = 0"
487404,TX,0x201,3,0x90,0x90,0x00,0x00,,,,,"Set torque = 0"
487431,TX,0x201,3,0x90,0x90,0x00,0x00,,,,,"Set torque = 0"
487437,RX,0x181,6,0x40,0x40,0x10,0x43,0x80,0x00,0x0B,,"Status word = 0x4310"
487444,RX,0x181,4,0x30,0x30,0x00,0x00,0x01,,,,"Speed feedback = 0 rpm"
487457,TX,0x201,3,0x90,0x90,0x00,0x00,,,,,"Set torque = 0"
487483,TX,0x201,3,0x90,0x90,0x00,0x00,,,,,"Set torque = 0"
487509,TX,0x201,3,0x90,0x90,0x00,0x00,,,,,"Set torque = 0"
487532,RX,0x181,6,0x40,0x40,0x10,0x43,0x80,0x00,0x0B,,"Status word = 0x4310"
487539,TX,0x201,3,0x90,0x90,0x00,0x00,,,,,"Set torque = 0"
487545,RX,0x181,4,0x30,0x30,0x00,0x00,0x01,,,,"Speed feedback = 0 rpm"
487565,TX,0x201,3,0x90,0x90,0x00,0x00,,,,,"Set torque = 0"
487591,TX,0x201,3,0x90,0x90,0x00,0x00,,,,,"Set torque = 0"
487617,TX,0x201,3,0x90,0x90,0x00,0x00,,,,,"Set torque = 0"
487632,RX,0x181,6,0x40,0x40,0x10,0x43,0x80,0x00,0x0B,,"Status word = 0x4310"
487639,RX,0x181,4,0x30,0x30,0x00,0x00,0x01,,,,"Speed feedback = 0 rpm"
487645,TX,0x201,3,0x90,0x90,0x00,0x00,,,,,"Set torque = 0"
487672,TX,0x201,3,0x90,0x90,0x00,0x00,,,,,"Set torque = 0"
487698,TX,0x201,3,0x90,0x90,0x00,0x00,,,,,"Set torque = 0"
487724,TX,0x201,3,0x90,0x90,0x00,0x00,,,,,"Set torque = 0"
487816,RX,0x181,6,0x40,0x40,0x10,0x43,0x80,0x00,0x0B,,"Status word = 0x4310"
487823,RX,0x181,4,0x30,0x30,0x00,0x00,0x01,,,,"Speed feedback = 0 rpm"
487831,RX,0x181,6,0x40,0x40,0x10,0x43,0x80,0x00,0x0B,,"Status word = 0x4310"
487838,TX,0x201,3,0x90,0x90,0x00,0x00,,,,,"Set torque = 0"
487845,RX,0x181,4,0x30,0x30,0x00,0x00,0x01,,,,"Speed feedback = 0 rpm"
487865,TX,0x201,3,0x90,0x90,0x00,0x00,,,,,"Set torque = 0"
487891,TX,0x201,3,0x90,0x90,0x00,0x00,,,,,"Set torque = 0"
487917,TX,0x201,3,0x90,0x90,0x00,0x00,,,,,"Set torque = 0"
487931,RX,0x181,6,0x40,0x40,0x10,0x43,0x80,0x00,0x0B,,"Status word = 0x4310"
487938,RX,0x181,4,0x30,0x30,0x00,0x00,0x01,,,,"Speed feedback = 0 rpm"
487945,TX,0x201,3,0x90,0x90,0x00,0x00,,,,,"Set torque = 0"
487972,TX,0x201,3,0x90,0x90,0x00,0x00,,,,,"Set torque = 0"
487998,TX,0x201,3,0x90,0x90,0x00,0x00,,,,,"Set torque = 0"
488024,TX,0x201,3,0x90,0x90,0x00,0x00,,,,,"Set torque = 0"
488031,RX,0x181,6,0x40,0x40,0x10,0x43,0x80,0x00,0x0B,,"Status word = 0x4310"
488038,RX,0x181,4,0x30,0x30,0x00,0x00,0x01,,,,"Speed feedback = 0 rpm"
488050,TX,0x201,3,0x90,0x90,0x00,0x00,,,,,"Set torque = 0"
488076,TX,0x201,3,0x90,0x90,0x00,0x00,,,,,"Set torque = 0"
488103,TX,0x201,3,0x90,0x90,0x00,0x00,,,,,"Set torque = 0"
488129,TX,0x201,3,0x90,0x90,0x00,0x00,,,,,"Set torque = 0"
488135,RX,0x181,6,0x40,0x40,0x10,0x43,0x80,0x00,0x0B,,"Status word = 0x4310"
488142,RX,0x181,4,0x30,0x30,0x00,0x00,0x01,,,,"Speed feedback = 0 rpm"
488155,TX,0x201,3,0x90,0x90,0x00,0x00,,,,,"Set torque = 0"
488181,TX,0x201,3,0x90,0x90,0x00,0x00,,,,,"Set torque = 0"
488276,RX,0x181,6,0x40,0x40,0x10,0x43,0x80,0x00,0x0B,,"Status word = 0x4310"
488282,RX,0x181,4,0x30,0x30,0x00,0x00,0x01,,,,"Speed feedback = 0 rpm"
488296,TX,0x201,3,0x90,0x90,0x00,0x00,,,,,"Set torque = 0"
488323,TX,0x201,3,0x90,0x90,0x00,0x00,,,,,"Set torque = 0"
488331,RX,0x181,6,0x40,0x40,0x10,0x43,0x80,0x00,0x0B,,"Status word = 0x4310"
488337,RX,0x181,4,0x30,0x30,0x00,0x00,0x01,,,,"Speed feedback = 0 rpm"
488349,TX,0x201,3,0x90,0x90,0x00,0x00,,,,,"Set torque = 0"
488375,TX,0x201,3,0x90,0x90,0x00,0x00,,,,,"Set torque = 0"
488401,TX,0x201,3,0x90,0x90,0x00,0x00,,,,,"Set torque = 0"
488427,TX,0x201,3,0x90,0x90,0x00,0x00,,,,,"Set torque = 0"
488433,RX,0x181,6,0x40,0x40,0x10,0x43,0x80,0x00,0x0B,,"Status word = 0x4310"
488438,RX,0x181,4,0x30,0x30,0x00,0x00,0x01,,,,"Speed feedback = 0 rpm"
488453,TX,0x201,3,0x90,0x90,0x00,0x00,,,,,"Set torque = 0"
488479,TX,0x201,3,0x90,0x90,0x00,0x00,,,,,"Set torque = 0"
488505,TX,0x201,3,0x90,0x90,0x00,0x00,,,,,"Set torque = 0"
488530,RX,0x181,6,0x40,0x40,0x10,0x43,0x80,0x00,0x0B,,"Status word = 0x4310"
488537,TX,0x201,3,0x90,0x90,0x00,0x00,,,,,"Set torque = 0"
488544,RX,0x181,4,0x30,0x30,0x00,0x00,0x01,,,,"Speed feedback = 0 rpm"
488564,TX,0x201,3,0x90,0x90,0x00,0x00,,,,,"Set torque = 0"
488590,TX,0x201,3,0x90,0x90,0x00,0x00,,,,,"Set torque = 0"
488616,TX,0x201,3,0x90,0x90,0x00,0x00,,,,,"Set torque = 0"
488630,RX,0x181,6,0x40,0x40,0x10,0x43,0x80,0x00,0x0B,,"Status word = 0x4310"
488637,RX,0x181,4,0x30,0x30,0x00,0x00,0x01,,,,"Speed feedback = 0 rpm"
488644,TX,0x201,3,0x90,0x90,0x00,0x00,,,,,"Set torque = 0"
488734,RX,0x181,6,0x40,0x40,0x10,0x43,0x80,0x00,0x0B,,"Status word = 0x4310"
488741,RX,0x181,4,0x30,0x30,0x00,0x00,0x01,,,,"Speed feedback = 0 rpm"
488754,TX,0x201,3,0x90,0x90,0x00,0x00,,,,,"Set torque = 0"
488780,TX,0x201,3,0x90,0x90,0x00,0x00,,,,,"Set torque = 0"
488806,TX,0x201,3,0x90,0x90,0x00,0x00,,,,,"Set torque = 0"
488830,RX,0x181,6,0x40,0x40,0x10,0x43,0x80,0x00,0x0B,,"Status word = 0x4310"
488837,RX,0x181,4,0x30,0x30,0x00,0x00,0x01,,,,"Speed feedback = 0 rpm"
488844,TX,0x201,3,0x90,0x90,0x00,0x00,,,,,"Set torque = 0"
488870,TX,0x201,3,0x90,0x90,0x00,0x00,,,,,"Set torque = 0"
488896,TX,0x201,3,0x90,0x90,0x00,0x00,,,,,"Set torque = 0"
488922,TX,0x201,3,0x90,0x90,0x00,0x00,,,,,"Set torque = 0"
488930,RX,0x181,6,0x40,0x40,0x10,0x43,0x80,0x00,0x0B,,"Status word = 0x4310"
488937,RX,0x181,4,0x30,0x30,0x00,0x00,0x01,,,,"Speed feedback = 0 rpm"
488948,TX,0x201,3,0x90,0x90,0x00,0x00,,,,,"Set torque = 0"
488974,TX,0x201,3,0x90,0x90,0x00,0x00,,,,,"Set torque = 0"
489001,TX,0x201,3,0x90,0x90,0x00,0x00,,,,,"Set torque = 0"
489027,TX,0x201,3,0x90,0x90,0x00,0x00,,,,,"Set torque = 0"
489033,RX,0x181,6,0x40,0x40,0x10,0x43,0x80,0x00,0x0B,,"Status word = 0x4310"
489040,RX,0x181,4,0x30,0x30,0x00,0x00,0x01,,,,"Speed feedback = 0 rpm"
489053,TX,0x201,3,0x90,0x90,0x00,0x00,,,,,"Set torque = 0"
489079,TX,0x201,3,0x90,0x90,0x00,0x00,,,,,"Set torque = 0"
489105,TX,0x201,3,0x90,0x90,0x00,0x00,,,,,"Set torque = 0"
489129,RX,0x181,6,0x40,0x40,0x10,0x43,0x80,0x00,0x0B,,"Status word = 0x4310"
489136,TX,0x201,3,0x90,0x90,0x00,0x00,,,,,"Set torque = 0"
489143,RX,0x181,4,0x30,0x30,0x00,0x00,0x01,,,,"Speed feedback = 0 rpm"
489163,TX,0x201,3,0x90,0x90,0x00,0x00,,,,,"Set torque = 0"
489189,TX,0x201,3,0x90,0x90,0x00,0x00,,,,,"Set torque = 0"
489215,TX,0x201,3,0x90,0x90,0x00,0x00,,,,,"Set torque = 0"
489229,RX,0x181,6,0x40,0x40,0x10,0x43,0x80,0x00,0x0B,,"Status word = 0x4310"
489236,RX,0x181,4,0x30,0x30,0x00,0x00,0x01,,,,"Speed feedback = 0 rpm"
489243,TX,0x201,3,0x90,0x90,0x00,0x00,,,,,"Set torque = 0"
489270,TX,0x201,3,0x90,0x90,0x00,0x00,,,,,"Set torque = 0"
489296,TX,0x201,3,0x90,0x90,0x00,0x00,,,,,"Set torque = 0"
489323,TX,0x201,3,0x90,0x90,0x00,0x00,,,,,"Set torque = 0"
489329,RX,0x181,6,0x40,0x40,0x10,0x43,0x80,0x00,0x0B,,"Status word = 0x4310"
489336,RX,0x181,4,0x30,0x30,0x00,0x00,0x01,,,,"Speed feedback = 0 rpm"
489349,TX,0x201,3,0x90,0x90,0x00,0x00,,,,,"Set torque = 0"
489375,TX,0x201,3,0x90,0x90,0x00,0x00,,,,,"Set torque = 0"
489401,TX,0x201,3,0x90,0x90,0x00,0x00,,,,,"Set torque = 0"
489427,TX,0x201,3,0x90,0x90,0x00,0x00,,,,,"Set torque = 0"
489433,RX,0x181,6,0x40,0x40,0x10,0x43,0x80,0x00,0x0B,,"Status word = 0x4310"
489440,RX,0x181,4,0x30,0x30,0x00,0x00,0x01,,,,"Speed feedback = 0 rpm"
489453,TX,0x201,3,0x90,0x90,0x00,0x00,,,,,"Set torque = 0"
489479,TX,0x201,3,0x90,0x90,0x00,0x00,,,,,"Set torque = 0"
489505,TX,0x201,3,0x90,0x90,0x00,0x00,,,,,"Set torque = 0"
489529,RX,0x181,6,0x40,0x40,0x10,0x43,0x80,0x00,0x0B,,"Status word = 0x4310"
489535,TX,0x201,3,0x90,0x90,0x00,0x00,,,,,"Set torque = 0"
489542,RX,0x181,4,0x30,0x30,0x00,0x00,0x01,,,,"Speed feedback = 0 rpm"
489562,TX,0x201,3,0x90,0x90,0x00,0x00,,,,,"Set torque = 0"
489588,TX,0x201,3,0x90,0x90,0x00,0x00,,,,,"Set torque = 0"
489614,TX,0x201,3,0x90,0x90,0x00,0x00,,,,,"Set torque = 0"
489628,RX,0x181,6,0x40,0x40,0x10,0x43,0x80,0x00,0x0B,,"Status word = 0x4310"
489635,RX,0x181,4,0x30,0x30,0x00,0x00,0x01,,,,"Speed feedback = 0 rpm"
489642,TX,0x201,3,0x90,0x90,0x00,0x00,,,,,"Set torque = 0"
489669,TX,0x201,3,0x90,0x90,0x00,0x00,,,,,"Set torque = 0"
489695,TX,0x201,3,0x90,0x90,0x00,0x00,,,,,"Set torque = 0"
489721,TX,0x201,3,0x90,0x90,0x00,0x00,,,,,"Set torque = 0"
489728,RX,0x181,6,0x40,0x40,0x10,0x43,0x80,0x00,0x0B,,"Status word = 0x4310"
489735,RX,0x181,4,0x30,0x30,0x00,0x00,0x01,,,,"Speed feedback = 0 rpm"
489747,TX,0x201,3,0x90,0x90,0x00,0x00,,,,,"Set torque = 0"
489774,TX,0x201,3,0x90,0x90,0x00,0x00,,,,,"Set torque = 0"
489800,TX,0x201,3,0x90,0x90,0x00,0x00,,,,,"Set torque = 0"
489826,TX,0x201,3,0x90,0x90,0x00,0x00,,,,,"Set torque = 0"
489832,RX,0x181,6,0x40,0x40,0x10,0x43,0x80,0x00,0x0B,,"Status word = 0x4310"
489839,RX,0x181,4,0x30,0x30,0x00,0x00,0x01,,,,"Speed feedback = 0 rpm"
489852,TX,0x201,3,0x90,0x90,0x00,0x00,,,,,"Set torque = 0"
489878,TX,0x201,3,0x90,0x90,0x00,0x00,,,,,"Set torque = 0"
489904,TX,0x201,3,0x90,0x90,0x00,0x00,,,,,"Set torque = 0"
489928,RX,0x181,6,0x40,0x40,0x10,0x43,0x80,0x00,0x0B,,"Status word = 0x4310"
489935,RX,0x181,4,0x30,0x30,0x00,0x00,0x01,,,,"Speed feedback = 0 rpm"
489942,TX,0x201,3,0x90,0x90,0x00,0x00,,,,,"Set torque = 0"
489968,TX,0x201,3,0x90,0x90,0x00,0x00,,,,,"Set torque = 0"
489997,TX,0x201,3,0x90,0x90,0x00,0x00,,,,,"Set torque = 0"
490023,TX,0x201,3,0x90,0x90,0x00,0x00,,,,,"Set torque = 0"
490029,RX,0x181,6,0x40,0x40,0x10,0x43,0x80,0x00,0x0B,,"Status word = 0x4310"
490036,RX,0x181,4,0x30,0x30,0x00,0x00,0x01,,,,"Speed feedback = 0 rpm"
490049,TX,0x201,3,0x90,0x90,0x00,0x00,,,,,"Set torque = 0"
490075,TX,0x201,3,0x90,0x90,0x00,0x00,,,,,"Set torque = 0"
490102,TX,0x201,3,0x90,0x90,0x00,0x00,,,,,"Set torque = 0"
490128,TX,0x201,3,0x90,0x90,0x00,0x00,,,,,"Set torque = 0"
490134,RX,0x181,6,0x40,0x40,0x10,0x43,0x80,0x00,0x0B,,"Status word = 0x4310"
490141,RX,0x181,4,0x30,0x30,0x00,0x00,0x01,,,,"Speed feedback = 0 rpm"
490154,TX,0x201,3,0x90,0x90,0x00,0x00,,,,,"Set torque = 0"
490180,TX,0x201,3,0x90,0x90,0x00,0x00,,,,,"Set torque = 0"
490206,TX,0x201,3,0x90,0x90,0x00,0x00,,,,,"Set torque = 0"
490228,RX,0x181,6,0x40,0x40,0x10,0x43,0x80,0x00,0x0B,,"Status word = 0x4310"
490234,TX,0x201,3,0x90,0x90,0x00,0x00,,,,,"Set torque = 0"
490241,RX,0x181,4,0x30,0x30,0x00,0x00,0x01,,,,"Speed feedback = 0 rpm"
490261,TX,0x201,3,0x90,0x90,0x00,0x00,,,,,"Set torque = 0"
490287,TX,0x201,3,0x90,0x90,0x00,0x00,,,,,"Set torque = 0"
490313,TX,0x201,3,0x90,0x90,0x00,0x00,,,,,"Set torque = 0"
490327,RX,0x181,6,0x40,0x40,0x10,0x43,0x80,0x00,0x0B,,"Status word = 0x4310"
490334,RX,0x181,4,0x30,0x30,0x00,0x00,0x01,,,,"Speed feedback = 0 rpm"
490341,TX,0x201,3,0x90,0x90,0x00,0x00,,,,,"Set torque = 0"
490368,TX,0x201,3,0x90,0x90,0x00,0x00,,,,,"Set torque = 0"
490394,TX,0x201,3,0x90,0x90,0x00,0x00,,,,,"Set torque = 0"
490421,TX,0x201,3,0x90,0x90,0x00,0x00,,,,,"Set torque = 0"
490427,RX,0x181,6,0x40,0x40,0x10,0x43,0x80,0x00,0x0B,,"Status word = 0x4310"
490434,RX,0x181,4,0x30,0x30,0x00,0x00,0x01,,,,"Speed feedback = 0 rpm"
490447,TX,0x201,3,0x90,0x90,0x00,0x00,,,,,"Set torque = 0"
490473,TX,0x201,3,0x90,0x90,0x00,0x00,,,,,"Set torque = 0"
490499,TX,0x201,3,0x90,0x90,0x00,0x00,,,,,"Set torque = 0"
490525,TX,0x201,3,0x90,0x90,0x00,0x00,,,,,"Set torque = 0"
490531,RX,0x181,6,0x40,0x40,0x10,0x43,0x80,0x00,0x0B,,"Status word = 0x4310"
490538,RX,0x181,4,0x30,0x30,0x00,0x00,0x01,,,,"Speed feedback = 0 rpm"
490551,TX,0x201,3,0x90,0x90,0x00,0x00,,,,,"Set torque = 0"
490577,TX,0x201,3,0x90,0x90,0x00,0x00,,,,,"Set torque = 0"
490603,TX,0x201,3,0x90,0x90,0x00,0x00,,,,,"Set torque = 0"
490627,RX,0x181,6,0x40,0x40,0x10,0x43,0x80,0x00,0x0B,,"Status word = 0x4310"
490634,TX,0x201,3,0x90,0x90,0x00,0x00,,,,,"Set torque = 0"
490640,RX,0x181,4,0x30,0x30,0x00,0x00,0x01,,,,"Speed feedback = 0 rpm"
490660,TX,0x201,3,0x90,0x90,0x00,0x00,,,,,"Set torque = 0"
490686,TX,0x201,3,0x90,0x90,0x00,0x00,,,,,"Set torque = 0"
490712,TX,0x201,3,0x90,0x90,0x00,0x00,,,,,"Set torque = 0"
490727,RX,0x181,6,0x40,0x40,0x10,0x43,0x80,0x00,0x0B,,"Status word = 0x4310"
490734,RX,0x181,4,0x30,0x30,0x00,0x00,0x01,,,,"Speed feedback = 0 rpm"
490740,TX,0x201,3,0x90,0x90,0x00,0x00,,,,,"Set torque = 0"
490767,TX,0x201,3,0x90,0x90,0x00,0x00,,,,,"Set torque = 0"
490793,TX,0x201,3,0x90,0x90,0x00,0x00,,,,,"Set torque = 0"
490819,TX,0x201,3,0x90,0x90,0x00,0x00,,,,,"Set torque = 0"
490827,RX,0x181,6,0x40,0x40,0x10,0x43,0x80,0x00,0x0B,,"Status word = 0x4310"
490833,RX,0x181,4,0x30,0x30,0x00,0x00,0x01,,,,"Speed feedback = 0 rpm"
490845,TX,0x201,3,0x90,0x90,0x00,0x00,,,,,"Set torque = 0"
490872,TX,0x201,3,0x90,0x90,0x00,0x00,,,,,"Set torque = 0"
490898,TX,0x201,3,0x90,0x90,0x00,0x00,,,,,"Set torque = 0"
490924,TX,0x201,3,0x90,0x90,0x00,0x00,,,,,"Set torque = 0"
490930,RX,0x181,6,0x40,0x40,0x10,0x43,0x80,0x00,0x0B,,"Status word = 0x4310"
490937,RX,0x181,4,0x30,0x30,0x00,0x00,0x01,,,,"Speed feedback = 0 rpm"
490950,TX,0x201,3,0x90,0x90,0x00,0x00,,,,,"Set torque = 0"
490976,TX,0x201,3,0x90,0x90,0x00,0x00,,,,,"Set torque = 0"
491002,TX,0x201,3,0x90,0x90,0x00,0x00,,,,,"Set torque = 0"
491026,RX,0x181,6,0x40,0x40,0x10,0x43,0x80,0x00,0x0B,,"Status word = 0x4310"
491033,RX,0x181,4,0x30,0x30,0x00,0x00,0x01,,,,"Speed feedback = 0 rpm"
491040,TX,0x201,3,0x90,0x90,0x00,0x00,,,,,"Set torque = 0"
491067,TX,0x201,3,0x90,0x90,0x00,0x00,,,,,"Set torque = 0"
491096,TX,0x201,3,0x90,0x90,0x00,0x00,,,,,"Set torque = 0"
491122,TX,0x201,3,0x90,0x90,0x00,0x00,,,,,"Set torque = 0"
491128,RX,0x181,6,0x40,0x40,0x10,0x43,0x80,0x00,0x0B,,"Status word = 0x4310"
491135,RX,0x181,4,0x30,0x30,0x00,0x00,0x01,,,,"Speed feedback = 0 rpm"
491148,TX,0x201,3,0x90,0x90,0x00,0x00,,,,,"Set torque = 0"
491175,TX,0x201,3,0x90,0x90,0x00,0x00,,,,,"Set torque = 0"
491201,TX,0x201,3,0x90,0x90,0x00,0x00,,,,,"Set torque = 0"
491226,RX,0x181,6,0x40,0x40,0x10,0x43,0x80,0x00,0x0B,,"Status word = 0x4310"
491233,TX,0x201,3,0x90,0x90,0x00,0x00,,,,,"Set torque = 0"
491239,RX,0x181,4,0x30,0x30,0x00,0x00,0x01,,,,"Speed feedback = 0 rpm"
491259,TX,0x201,3,0x90,0x90,0x00,0x00,,,,,"Set torque = 0"
491285,TX,0x201,3,0x90,0x90,0x00,0x00,,,,,"Set torque = 0"
491311,TX,0x201,3,0x90,0x90,0x00,0x00,,,,,"Set torque = 0"
491326,RX,0x181,6,0x40,0x40,0x10,0x43,0x80,0x00,0x0B,,"Status word = 0x4310"
491333,RX,0x181,4,0x30,0x30,0x00,0x00,0x01,,,,"Speed feedback = 0 rpm"
491340,TX,0x201,3,0x90,0x90,0x00,0x00,,,,,"Set torque = 0"
491366,TX,0x201,3,0x90,0x90,0x00,0x00,,,,,"Set torque = 0"
491392,TX,0x201,3,0x90,0x90,0x00,0x00,,,,,"Set torque = 0"
491418,TX,0x201,3,0x90,0x90,0x00,0x00,,,,,"Set torque = 0"
491426,RX,0x181,6,0x40,0x40,0x10,0x43,0x80,0x00,0x0B,,"Status word = 0x4310"
491433,RX,0x181,4,0x30,0x30,0x00,0x00,0x01,,,,"Speed feedback = 0 rpm"
491444,TX,0x201,3,0x90,0x90,0x00,0x00,,,,,"Set torque = 0"
491470,TX,0x201,3,0x90,0x90,0x00,0x00,,,,,"Set torque = 0"
491497,TX,0x201,3,0x90,0x90,0x00,0x00,,,,,"Set torque = 0"
491523,TX,0x201,3,0x90,0x90,0x00,0x00,,,,,"Set torque = 0"
491529,RX,0x181,6,0x40,0x40,0x10,0x43,0x80,0x00,0x0B,,"Status word = 0x4310"
491536,RX,0x181,4,0x30,0x30,0x00,0x00,0x01,,,,"Speed feedback = 0 rpm"
491549,TX,0x201,3,0x90,0x90,0x00,0x00,,,,,"Set torque = 0"
491575,TX,0x201,3,0x90,0x90,0x00,0x00,,,,,"Set torque = 0"
491601,TX,0x201,3,0x90,0x90,0x00,0x00,,,,,"Set torque = 0"
491625,RX,0x181,6,0x40,0x40,0x10,0x43,0x80,0x00,0x0B,,"Status word = 0x4310"
491632,TX,0x201,3,0x90,0x90,0x00,0x00,,,,,"Set torque = 0"
491639,RX,0x181,4,0x30,0x30,0x00,0x00,0x01,,,,"Speed feedback = 0 rpm"
491659,TX,0x201,3,0x90,0x90,0x00,0x00,,,,,"Set torque = 0"
491685,TX,0x201,3,0x90,0x90,0x00,0x00,,,,,"Set torque = 0"
491711,TX,0x201,3,0x90,0x90,0x00,0x00,,,,,"Set torque = 0"
491725,RX,0x181,6,0x40,0x40,0x11,0x43,0x80,0x00,0x0B,,"Status word = 0x4311"
491732,RX,0x181,4,0x30,0x30,0x00,0x00,0x01,,,,"Speed feedback = 0 rpm"
491739,TX,0x201,3,0x90,0x90,0x00,0x00,,,,,"Set torque = 0"
491766,TX,0x201,3,0x90,0x90,0x00,0x00,,,,,"Set torque = 0"
491792,TX,0x201,3,0x90,0x90,0x00,0x00,,,,,"Set torque = 0"
491819,TX,0x201,3,0x90,0x90,0x00,0x00,,,,,"Set torque = 0"
491825,RX,0x181,6,0x40,0x40,0x11,0x43,0x80,0x00,0x0B,,"Status word = 0x4311"
491832,RX,0x181,4,0x30,0x30,0x00,0x00,0x01,,,,"Speed feedback = 0 rpm"
491845,TX,0x201,3,0x90,0x90,0x00,0x00,,,,,"Set torque = 0"
491871,TX,0x201,3,0x90,0x90,0x00,0x00,,,,,"Set torque = 0"
491897,TX,0x201,3,0x90,0x90,0x00,0x00,,,,,"Set torque = 0"
491923,TX,0x201,3,0x90,0x90,0x00,0x00,,,,,"Set torque = 0"
491929,RX,0x181,6,0x40,0x40,0x11,0x43,0x80,0x00,0x0B,,"Status word = 0x4311"
491936,RX,0x181,4,0x30,0x30,0x00,0x00,0x01,,,,"Speed feedback = 0 rpm"
491949,TX,0x201,3,0x90,0x90,0x00,0x00,,,,,"Set torque = 0"
491975,TX,0x201,3,0x90,0x90,0x00,0x00,,,,,"Set torque = 0"
492001,TX,0x201,3,0x90,0x90,0x00,0x00,,,,,"Set torque = 0"
492025,RX,0x181,6,0x40,0x40,0x11,0x43,0x80,0x00,0x0B,,"Status word = 0x4311"
492031,TX,0x201,3,0x90,0x90,0x00,0x00,,,,,"Set torque = 0"
492038,RX,0x181,4,0x30,0x30,0x00,0x00,0x01,,,,"Speed feedback = 0 rpm"
492058,TX,0x201,3,0x90,0x90,0x00,0x00,,,,,"Set torque = 0"
492084,TX,0x201,3,0x90,0x90,0x00,0x00,,,,,"Set torque = 0"
492110,TX,0x201,3,0x90,0x90,0x00,0x00,,,,,"Set torque = 0"
492125,RX,0x181,6,0x40,0x40,0x11,0x43,0x80,0x00,0x0B,,"Status word = 0x4311"
492131,RX,0x181,4,0x30,0x30,0x00,0x00,0x01,,,,"Speed feedback = 0 rpm"
492138,TX,0x201,3,0x90,0x90,0x00,0x00,,,,,"Set torque = 0"
492165,TX,0x201,3,0x90,0x90,0x00,0x00,,,,,"Set torque = 0"
492191,TX,0x201,3,0x90,0x90,0x00,0x00,,,,,"Set torque = 0"
492217,TX,0x201,3,0x90,0x90,0x00,0x00,,,,,"Set torque = 0"
492224,RX,0x181,6,0x40,0x40,0x11,0x43,0x80,0x00,0x0B,,"Status word = 0x4311"
492231,RX,0x181,4,0x30,0x30,0x00,0x00,0x01,,,,"Speed feedback = 0 rpm"
492243,TX,0x201,3,0x90,0x90,0x00,0x00,,,,,"Set torque = 0"
492270,TX,0x201,3,0x90,0x90,0x00,0x00,,,,,"Set torque = 0"
492296,TX,0x201,3,0x90,0x90,0x00,0x00,,,,,"Set torque = 0"
492322,TX,0x201,3,0x90,0x90,0x00,0x00,,,,,"Set torque = 0"
492328,RX,0x181,6,0x40,0x40,0x11,0x43,0x80,0x00,0x0B,,"Status word = 0x4311"
492335,RX,0x181,4,0x30,0x30,0x00,0x00,0x01,,,,"Speed feedback = 0 rpm"
492348,TX,0x201,3,0x90,0x90,0x00,0x00,,,,,"Set torque = 0"
492374,TX,0x201,3,0x90,0x90,0x00,0x00,,,,,"Set torque = 0"
492400,TX,0x201,3,0x90,0x90,0x00,0x00,,,,,"Set torque = 0"
492424,RX,0x181,6,0x40,0x40,0x11,0x43,0x80,0x00,0x0B,,"Status word = 0x4311"
492431,RX,0x181,4,0x30,0x30,0x00,0x00,0x01,,,,"Speed feedback = 0 rpm"
492438,TX,0x201,3,0x90,0x90,0x00,0x00,,,,,"Set torque = 0"
492465,TX,0x201,3,0x90,0x90,0x00,0x00,,,,,"Set torque = 0"
492491,TX,0x201,3,0x90,0x90,0x00,0x00,,,,,"Set torque = 0"
492517,TX,0x201,3,0x90,0x90,0x00,0x00,,,,,"Set torque = 0"
492524,RX,0x181,6,0x40,0x40,0x11,0x43,0x80,0x00,0x0B,,"Status word = 0x4311"
492531,RX,0x181,4,0x30,0x30,0x00,0x00,0x01,,,,"Speed feedback = 0 rpm"
492543,TX,0x201,3,0x90,0x90,0x00,0x00,,,,,"Set torque = 0"
492569,TX,0x201,3,0x90,0x90,0x00,0x00,,,,,"Set torque = 0"
492596,TX,0x201,3,0x90,0x90,0x00,0x00,,,,,"Set torque = 0"
492620,TX,0x201,3,0x90,0x90,0x00,0x00,,,,,"Set torque = 0"
492626,RX,0x181,6,0x40,0x40,0x11,0x43,0x80,0x00,0x0B,,"Status word = 0x4311"
492633,RX,0x181,4,0x30,0x30,0x00,0x00,0x01,,,,"Speed feedback = 0 rpm"
492646,TX,0x201,3,0x90,0x90,0x00,0x00,,,,,"Set torque = 0"
492672,TX,0x201,3,0x90,0x90,0x00,0x00,,,,,"Set torque = 0"
492698,TX,0x201,3,0x90,0x90,0x00,0x00,,,,,"Set torque = 0"
492724,TX,0x201,3,0x90,0x90,0x00,0x00,,,,,"Set torque = 0"
492730,RX,0x181,6,0x40,0x40,0x11,0x43,0x80,0x00,0x0B,,"Status word = 0x4311"
492737,RX,0x181,4,0x30,0x30,0x00,0x00,0x01,,,,"Speed feedback = 0 rpm"
492750,TX,0x201,3,0x90,0x90,0x00,0x00,,,,,"Set torque = 0"
492776,TX,0x201,3,0x90,0x90,0x00,0x00,,,,,"Set torque = 0"
492802,TX,0x201,3,0x90,0x90,0x00,0x00,,,,,"Set torque = 0"
492823,RX,0x181,6,0x40,0x40,0x11,0x43,0x80,0x00,0x0B,,"Status word = 0x4311"
492830,TX,0x201,3,0x90,0x90,0x00,0x00,,,,,"Set torque = 0"
492837,RX,0x181,4,0x30,0x30,0x00,0x00,0x01,,,,"Speed feedback = 0 rpm"
492857,TX,0x201,3,0x90,0x90,0x00,0x00,,,,,"Set torque = 0"
492883,TX,0x201,3,0x90,0x90,0x00,0x00,,,,,"Set torque = 0"
492910,TX,0x201,3,0x90,0x90,0x00,0x00,,,,,"Set torque = 0"
492923,RX,0x181,6,0x40,0x40,0x11,0x43,0x80,0x00,0x0B,,"Status word = 0x4311"
492930,RX,0x181,4,0x30,0x30,0x00,0x00,0x01,,,,"Speed feedback = 0 rpm"
492937,TX,0x201,3,0x90,0x90,0x00,0x00,,,,,"Set torque = 0"
492964,TX,0x201,3,0x90,0x90,0x00,0x00,,,,,"Set torque = 0"
492990,TX,0x201,3,0x90,0x90,0x00,0x00,,,,,"Set torque = 0"
493016,TX,0x201,3,0x90,0x90,0x00,0x00,,,,,"Set torque = 0"
493023,RX,0x181,6,0x40,0x40,0x11,0x43,0x80,0x00,0x0B,,"Status word = 0x4311"
493030,RX,0x181,4,0x30,0x30,0x00,0x00,0x01,,,,"Speed feedback = 0 rpm"
493042,TX,0x201,3,0x90,0x90,0x00,0x00,,,,,"Set torque = 0"
493068,TX,0x201,3,0x90,0x90,0x00,0x00,,,,,"Set torque = 0"
493094,TX,0x201,3,0x90,0x90,0x00,0x00,,,,,"Set torque = 0"
493120,TX,0x201,3,0x90,0x90,0x00,0x00,,,,,"Set torque = 0"
493126,RX,0x181,6,0x40,0x40,0x11,0x43,0x80,0x00,0x0B,,"Status word = 0x4311"
493133,RX,0x181,4,0x30,0x30,0x00,0x00,0x01,,,,"Speed feedback = 0 rpm"
493146,TX,0x201,3,0x90,0x90,0x00,0x00,,,,,"Set torque = 0"
493172,TX,0x201,3,0x90,0x90,0x00,0x00,,,,,"Set torque = 0"
493198,TX,0x201,3,0x90,0x90,0x00,0x00,,,,,"Set torque = 0"
493223,RX,0x181,6,0x40,0x40,0x11,0x43,0x80,0x00,0x0B,,"Status word = 0x4311"
493230,TX,0x201,3,0x90,0x90,0x00,0x00,,,,,"Set torque = 0"
493237,RX,0x181,4,0x30,0x30,0x00,0x00,0x01,,,,"Speed feedback = 0 rpm"
493257,TX,0x201,3,0x90,0x90,0x00,0x00,,,,,"Set torque = 0"
493283,TX,0x201,3,0x90,0x90,0x00,0x00,,,,,"Set torque = 0"
493309,TX,0x201,3,0x90,0x90,0x00,0x00,,,,,"Set torque = 0"
493323,RX,0x181,6,0x40,0x40,0x11,0x43,0x80,0x00,0x0B,,"Status word = 0x4311"
493330,RX,0x181,4,0x30,0x30,0x00,0x00,0x01,,,,"Speed feedback = 0 rpm"
493337,TX,0x201,3,0x90,0x90,0x00,0x00,,,,,"Set torque = 0"
493364,TX,0x201,3,0x90,0x90,0x00,0x00,,,,,"Set torque = 0"
493390,TX,0x201,3,0x90,0x90,0x00,0x00,,,,,"Set torque = 0"
493416,TX,0x201,3,0x90,0x90,0x00,0x00,,,,,"Set torque = 0"
493422,RX,0x181,6,0x40,0x40,0x11,0x43,0x80,0x00,0x0B,,"Status word = 0x4311"
493429,RX,0x181,4,0x30,0x30,0x00,0x00,0x01,,,,"Speed feedback = 0 rpm"
493442,TX,0x201,3,0x90,0x90,0x00,0x00,,,,,"Set torque = 0"
493468,TX,0x201,3,0x90,0x90,0x00,0x00,,,,,"Set torque = 0"
493494,TX,0x201,3,0x90,0x90,0x00,0x00,,,,,"Set torque = 0"
493520,TX,0x201,3,0x90,0x90,0x00,0x00,,,,,"Set torque = 0"
493527,RX,0x181,6,0x40,0x40,0x11,0x43,0x80,0x00,0x0B,,"Status word = 0x4311"
493534,RX,0x181,4,0x30,0x30,0x00,0x00,0x01,,,,"Speed feedback = 0 rpm"
493547,TX,0x201,3,0x90,0x90,0x00,0x00,,,,,"Set torque = 0"
493573,TX,0x201,3,0x90,0x90,0x00,0x00,,,,,"Set torque = 0"
493599,TX,0x201,3,0x90,0x90,0x00,0x00,,,,,"Set torque = 0"
493622,RX,0x181,6,0x40,0x40,0x11,0x43,0x80,0x00,0x0B,,"Status word = 0x4311"
493629,TX,0x201,3,0x90,0x90,0x00,0x00,,,,,"Set torque = 0"
493636,RX,0x181,4,0x30,0x30,0x00,0x00,0x01,,,,"Speed feedback = 0 rpm"
493656,TX,0x201,3,0x90,0x90,0x00,0x00,,,,,"Set torque = 0"
493683,TX,0x201,3,0x90,0x90,0x00,0x00,,,,,"Set torque = 0"
493709,TX,0x201,3,0x90,0x90,0x00,0x00,,,,,"Set torque = 0"
493722,RX,0x181,6,0x40,0x40,0x11,0x43,0x80,0x00,0x0B,,"Status word = 0x4311"
493729,RX,0x181,4,0x30,0x30,0x00,0x00,0x01,,,,"Speed feedback = 0 rpm"
493736,TX,0x201,3,0x90,0x90,0x00,0x00,,,,,"Set torque = 0"
493763,TX,0x201,3,0x90,0x90,0x00,0x00,,,,,"Set torque = 0"
493789,TX,0x201,3,0x90,0x90,0x00,0x00,,,,,"Set torque = 0"
493815,TX,0x201,3,0x90,0x90,0x00,0x00,,,,,"Set torque = 0"
493822,RX,0x181,6,0x40,0x40,0x11,0x43,0x80,0x00,0x0B,,"Status word = 0x4311"
493829,RX,0x181,4,0x30,0x30,0x00,0x00,0x01,,,,"Speed feedback = 0 rpm"
493841,TX,0x201,3,0x90,0x90,0x00,0x00,,,,,"Set torque = 0"
493867,TX,0x201,3,0x90,0x90,0x00,0x00,,,,,"Set torque = 0"
493893,TX,0x201,3,0x90,0x90,0x00,0x00,,,,,"Set torque = 0"
493919,TX,0x201,3,0x90,0x90,0x00,0x00,,,,,"Set torque = 0"
493925,RX,0x181,6,0x40,0x40,0x11,0x43,0x80,0x00,0x0B,,"Status word = 0x4311"
493932,RX,0x181,4,0x30,0x30,0x00,0x00,0x01,,,,"Speed feedback = 0 rpm"
493945,TX,0x201,3,0x90,0x90,0x00,0x00,,,,,"Set torque = 0"
493971,TX,0x201,3,0x90,0x90,0x00,0x00,,,,,"Set torque = 0"
493998,TX,0x201,3,0x90,0x90,0x00,0x00,,,,,"Set torque = 0"
494021,RX,0x181,6,0x40,0x40,0x11,0x43,0x80,0x00,0x0B,,"Status word = 0x4311"
494028,TX,0x201,3,0x90,0x90,0x00,0x00,,,,,"Set torque = 0"
494035,RX,0x181,4,0x30,0x30,0x00,0x00,0x01,,,,"Speed feedback = 0 rpm"
494055,TX,0x201,3,0x90,0x90,0x00,0x00,,,,,"Set torque = 0"
494081,TX,0x201,3,0x90,0x90,0x00,0x00,,,,,"Set torque = 0"
494107,TX,0x201,3,0x90,0x90,0x00,0x00,,,,,"Set torque = 0"
494121,RX,0x181,6,0x40,0x40,0x11,0x43,0x80,0x00,0x0B,,"Status word = 0x4311"
494128,RX,0x181,4,0x30,0x30,0x00,0x00,0x01,,,,"Speed feedback = 0 rpm"
494135,TX,0x201,3,0x90,0x90,0x00,0x00,,,,,"Set torque = 0"
494162,TX,0x201,3,0x90,0x90,0x00,0x00,,,,,"Set torque = 0"
494188,TX,0x201,3,0x90,0x90,0x00,0x00,,,,,"Set torque = 0"
494214,TX,0x201,3,0x90,0x90,0x00,0x00,,,,,"Set torque = 0"
494221,RX,0x181,6,0x40,0x40,0x11,0x43,0x80,0x00,0x0B,,"Status word = 0x4311"
494228,RX,0x181,4,0x30,0x30,0x00,0x00,0x01,,,,"Speed feedback = 0 rpm"
494240,TX,0x201,3,0x90,0x90,0x00,0x00,,,,,"Set torque = 0"
494266,TX,0x201,3,0x90,0x90,0x00,0x00,,,,,"Set torque = 0"
494292,TX,0x201,3,0x90,0x90,0x00,0x00,,,,,"Set torque = 0"
494319,TX,0x201,3,0x90,0x90,0x00,0x00,,,,,"Set torque = 0"
494325,RX,0x181,6,0x40,0x40,0x11,0x43,0x80,0x00,0x0B,,"Status word = 0x4311"
494332,RX,0x181,4,0x30,0x30,0x00,0x00,0x01,,,,"Speed feedback = 0 rpm"
494345,TX,0x201,3,0x90,0x90,0x00,0x00,,,,,"Set torque = 0"
494371,TX,0x201,3,0x90,0x90,0x00,0x00,,,,,"Set torque = 0"
494397,TX,0x201,3,0x90,0x90,0x00,0x00,,,,,"Set torque = 0"
494421,RX,0x181,6,0x40,0x40,0x11,0x43,0x80,0x00,0x0B,,"Status word = 0x4311"
494428,TX,0x201,3,0x90,0x90,0x00,0x00,,,,,"Set torque = 0"
494435,RX,0x181,4,0x30,0x30,0x00,0x00,0x01,,,,"Speed feedback = 0 rpm"
494455,TX,0x201,3,0x90,0x90,0x00,0x00,,,,,"Set torque = 0"
494481,TX,0x201,3,0x90,0x90,0x00,0x00,,,,,"Set torque = 0"
494507,TX,0x201,3,0x90,0x90,0x00,0x00,,,,,"Set torque = 0"
494521,RX,0x181,6,0x40,0x40,0x11,0x43,0x80,0x00,0x0B,,"Status word = 0x4311"
494528,RX,0x181,4,0x30,0x30,0x00,0x00,0x01,,,,"Speed feedback = 0 rpm"
494534,TX,0x201,3,0x90,0x90,0x00,0x00,,,,,"Set torque = 0"
494561,TX,0x201,3,0x90,0x90,0x00,0x00,,,,,"Set torque = 0"
494587,TX,0x201,3,0x90,0x90,0x00,0x00,,,,,"Set torque = 0"
494614,TX,0x201,3,0x90,0x90,0x00,0x00,,,,,"Set torque = 0"
494621,RX,0x181,6,0x40,0x40,0x11,0x43,0x80,0x00,0x0B,,"Status word = 0x4311"
494628,RX,0x181,4,0x30,0x30,0x00,0x00,0x01,,,,"Speed feedback = 0 rpm"
494640,TX,0x201,3,0x90,0x90,0x00,0x00,,,,,"Set torque = 0"
494666,TX,0x201,3,0x90,0x90,0x00,0x00,,,,,"Set torque = 0"
494692,TX,0x201,3,0x90,0x90,0x00,0x00,,,,,"Set torque = 0"
494718,TX,0x201,3,0x90,0x90,0x00,0x00,,,,,"Set torque = 0"
494724,RX,0x181,6,0x40,0x40,0x11,0x43,0x80,0x00,0x0B,,"Status word = 0x4311"
494731,RX,0x181,4,0x30,0x30,0x00,0x00,0x01,,,,"Speed feedback = 0 rpm"
494744,TX,0x201,3,0x90,0x90,0x00,0x00,,,,,"Set torque = 0"
494770,TX,0x201,3,0x90,0x90,0x00,0x00,,,,,"Set torque = 0"
494796,TX,0x201,3,0x90,0x90,0x00,0x00,,,,,"Set torque = 0"
494820,RX,0x181,6,0x40,0x40,0x11,0x43,0x80,0x00,0x0B,,"Status word = 0x4311"
494827,TX,0x201,3,0x90,0x90,0x00,0x00,,,,,"Set torque = 0"
494834,RX,0x181,4,0x30,0x30,0x00,0x00,0x01,,,,"Speed feedback = 0 rpm"
494854,TX,0x201,3,0x90,0x90,0x00,0x00,,,,,"Set torque = 0"
494880,TX,0x201,3,0x90,0x90,0x00,0x00,,,,,"Set torque = 0"
494906,TX,0x201,3,0x90,0x90,0x00,0x00,,,,,"Set torque = 0"
494920,RX,0x181,6,0x40,0x40,0x11,0x43,0x80,0x00,0x0B,,"Status word = 0x4311"
494927,RX,0x181,4,0x30,0x30,0x00,0x00,0x01,,,,"Speed feedback = 0 rpm"
494934,TX,0x201,3,0x90,0x90,0x00,0x00,,,,,"Set torque = 0"
494961,TX,0x201,3,0x90,0x90,0x00,0x00,,,,,"Set torque = 0"
494987,TX,0x201,3,0x90,0x90,0x00,0x00,,,,,"Set torque = 0"
495013,TX,0x201,3,0x90,0x90,0x00,0x00,,,,,"Set torque = 0"
495020,RX,0x181,6,0x40,0x40,0x11,0x43,0x80,0x00,0x0B,,"Status word = 0x4311"
495027,RX,0x181,4,0x30,0x30,0x00,0x00,0x01,,,,"Speed feedback = 0 rpm"
495039,TX,0x201,3,0x90,0x90,0x6F,0x01,,,,,"Set torque = 367"
495066,TX,0x201,3,0x90,0x90,0x00,0x00,,,,,"Set torque = 0"
495092,TX,0x201,3,0x90,0x90,0x00,0x00,,,,,"Set torque = 0"
495118,TX,0x201,3,0x90,0x90,0x00,0x00,,,,,"Set torque = 0"
495124,RX,0x181,6,0x40,0x40,0x11,0x43,0x80,0x00,0x0B,,"Status word = 0x4311"
495131,RX,0x181,4,0x30,0x30,0x00,0x00,0x01,,,,"Speed feedback = 0 rpm"
495144,TX,0x201,3,0x90,0x90,0x00,0x00,,,,,"Set torque = 0"
495170,TX,0x201,3,0x90,0x90,0x00,0x00,,,,,"Set torque = 0"
495196,TX,0x201,3,0x90,0x90,0x00,0x00,,,,,"Set torque = 0"
495220,RX,0x181,6,0x40,0x40,0x11,0x43,0x80,0x00,0x0B,,"Status word = 0x4311"
495227,RX,0x181,4,0x30,0x30,0x00,0x00,0x01,,,,"Speed feedback = 0 rpm"
495234,TX,0x201,3,0x90,0x90,0x00,0x00,,,,,"Set torque = 0"
495260,TX,0x201,3,0x90,0x90,0x00,0x00,,,,,"Set torque = 0"
495286,TX,0x201,3,0x90,0x90,0x00,0x00,,,,,"Set torque = 0"
495312,TX,0x201,3,0x90,0x90,0x00,0x00,,,,,"Set torque = 0"
495319,RX,0x181,6,0x40,0x40,0x11,0x43,0x80,0x00,0x0B,,"Status word = 0x4311"
495326,RX,0x181,4,0x30,0x30,0x00,0x00,0x01,,,,"Speed feedback = 0 rpm"
495338,TX,0x201,3,0x90,0x90,0x00,0x00,,,,,"Set torque = 0"
495364,TX,0x201,3,0x90,0x90,0x00,0x00,,,,,"Set torque = 0"
495391,TX,0x201,3,0x90,0x90,0x00,0x00,,,,,"Set torque = 0"
495417,TX,0x201,3,0x90,0x90,0x00,0x00,,,,,"Set torque = 0"
495423,RX,0x181,6,0x40,0x40,0x11,0x43,0x80,0x00,0x0B,,"Status word = 0x4311"
495430,RX,0x181,4,0x30,0x30,0x00,0x00,0x01,,,,"Speed feedback = 0 rpm"
495443,TX,0x201,3,0x90,0x90,0x00,0x00,,,,,"Set torque = 0"
495469,TX,0x201,3,0x90,0x90,0x00,0x00,,,,,"Set torque = 0"
495495,TX,0x201,3,0x90,0x90,0x00,0x00,,,,,"Set torque = 0"
495519,RX,0x181,6,0x40,0x40,0x11,0x43,0x80,0x00,0x0B,,"Status word = 0x4311"
495526,RX,0x181,4,0x30,0x30,0x00,0x00,0x01,,,,"Speed feedback = 0 rpm"
495533,TX,0x201,3,0x90,0x90,0x00,0x00,,,,,"Set torque = 0"
495560,TX,0x201,3,0x90,0x90,0x00,0x00,,,,,"Set torque = 0"
495586,TX,0x201,3,0x90,0x90,0x00,0x00,,,,,"Set torque = 0"
495612,TX,0x201,3,0x90,0x90,0x00,0x00,,,,,"Set torque = 0"
495619,RX,0x181,6,0x40,0x40,0x11,0x43,0x80,0x00,0x0B,,"Status word = 0x4311"
495626,RX,0x181,4,0x30,0x30,0x00,0x00,0x01,,,,"Speed feedback = 0 rpm"
495638,TX,0x201,3,0x90,0x90,0x00,0x00,,,,,"Set torque = 0"
495664,TX,0x201,3,0x90,0x90,0x00,0x00,,,,,"Set torque = 0"
495691,TX,0x201,3,0x90,0x90,0x00,0x00,,,,,"Set torque = 0"
495717,TX,0x201,3,0x90,0x90,0x00,0x00,,,,,"Set torque = 0"
495723,RX,0x181,6,0x40,0x40,0x11,0x43,0x80,0x00,0x0B,,"Status word = 0x4311"
495730,RX,0x181,4,0x30,0x30,0x00,0x00,0x01,,,,"Speed feedback = 0 rpm"
495743,TX,0x201,3,0x90,0x90,0x00,0x00,,,,,"Set torque = 0"
495769,TX,0x201,3,0x90,0x90,0x00,0x00,,,,,"Set torque = 0"
495795,TX,0x201,3,0x90,0x90,0x00,0x00,,,,,"Set torque = 0"
495819,RX,0x181,6,0x40,0x40,0x11,0x43,0x80,0x00,0x0B,,"Status word = 0x4311"
495825,TX,0x201,3,0x90,0x90,0x00,0x00,,,,,"Set torque = 0"
495833,RX,0x181,4,0x30,0x30,0x00,0x00,0x01,,,,"Speed feedback = 0 rpm"
495853,TX,0x201,3,0x90,0x90,0x00,0x00,,,,,"Set torque = 0"
495879,TX,0x201,3,0x90,0x90,0x00,0x00,,,,,"Set torque = 0"
495905,TX,0x201,3,0x90,0x90,0x00,0x00,,,,,"Set torque = 0"
495918,RX,0x181,6,0x40,0x40,0x11,0x43,0x80,0x00,0x0B,,"Status word = 0x4311"
495925,RX,0x181,4,0x30,0x30,0x00,0x00,0x01,,,,"Speed feedback = 0 rpm"
495932,TX,0x201,3,0x90,0x90,0x00,0x00,,,,,"Set torque = 0"
495959,TX,0x201,3,0x90,0x90,0x00,0x00,,,,,"Set torque = 0"
495985,TX,0x201,3,0x90,0x90,0x00,0x00,,,,,"Set torque = 0"
496012,TX,0x201,3,0x90,0x90,0x00,0x00,,,,,"Set torque = 0"
496018,RX,0x181,6,0x40,0x40,0x11,0x43,0x80,0x00,0x0B,,"Status word = 0x4311"
496025,RX,0x181,4,0x30,0x30,0x00,0x00,0x01,,,,"Speed feedback = 0 rpm"
496038,TX,0x201,3,0x90,0x90,0x00,0x00,,,,,"Set torque = 0"
496064,TX,0x201,3,0x90,0x90,0x00,0x00,,,,,"Set torque = 0"
496090,TX,0x201,3,0x90,0x90,0x00,0x00,,,,,"Set torque = 0"
496116,TX,0x201,3,0x90,0x90,0x00,0x00,,,,,"Set torque = 0"
496122,RX,0x181,6,0x40,0x40,0x11,0x43,0x80,0x00,0x0B,,"Status word = 0x4311"
496129,RX,0x181,4,0x30,0x30,0x00,0x00,0x01,,,,"Speed feedback = 0 rpm"
496142,TX,0x201,3,0x90,0x90,0x00,0x00,,,,,"Set torque = 0"
496168,TX,0x201,3,0x90,0x90,0x00,0x00,,,,,"Set torque = 0"
496194,TX,0x201,3,0x90,0x90,0x00,0x00,,,,,"Set torque = 0"
496218,RX,0x181,6,0x40,0x40,0x11,0x43,0x80,0x00,0x0B,,"Status word = 0x4311"
496225,TX,0x201,3,0x90,0x90,0x00,0x00,,,,,"Set torque = 0"
496232,RX,0x181,4,0x30,0x30,0x00,0x00,0x01,,,,"Speed feedback = 0 rpm"
496252,TX,0x201,3,0x90,0x90,0x00,0x00,,,,,"Set torque = 0"
496278,TX,0x201,3,0x90,0x90,0x00,0x00,,,,,"Set torque = 0"
496304,TX,0x201,3,0x90,0x90,0x00,0x00,,,,,"Set torque = 0"
496318,RX,0x181,6,0x40,0x40,0x11,0x43,0x80,0x00,0x0B,,"Status word = 0x4311"
496325,RX,0x181,4,0x30,0x30,0x00,0x00,0x01,,,,"Speed feedback = 0 rpm"
496332,TX,0x201,3,0x90,0x90,0x00,0x00,,,,,"Set torque = 0"
496358,TX,0x201,3,0x90,0x90,0x00,0x00,,,,,"Set torque = 0"
496384,TX,0x201,3,0x90,0x90,0x00,0x00,,,,,"Set torque = 0"
496410,TX,0x201,3,0x90,0x90,0x00,0x00,,,,,"Set torque = 0"
496418,RX,0x181,6,0x40,0x40,0x11,0x43,0x80,0x00,0x0B,,"Status word = 0x4311"
496425,RX,0x181,4,0x30,0x30,0x00,0x00,0x01,,,,"Speed feedback = 0 rpm"
496436,TX,0x201,3,0x90,0x90,0x00,0x00,,,,,"Set torque = 0"
496463,TX,0x201,3,0x90,0x90,0x00,0x00,,,,,"Set torque = 0"
496489,TX,0x201,3,0x90,0x90,0x00,0x00,,,,,"Set torque = 0"
496515,TX,0x201,3,0x90,0x90,0x00,0x00,,,,,"Set torque = 0"
496521,RX,0x181,6,0x40,0x40,0x11,0x43,0x80,0x00,0x0B,,"Status word = 0x4311"
496528,RX,0x181,4,0x30,0x30,0x00,0x00,0x01,,,,"Speed feedback = 0 rpm"
496541,TX,0x201,3,0x90,0x90,0x00,0x00,,,,,"Set torque = 0"
496567,TX,0x201,3,0x90,0x90,0x00,0x00,,,,,"Set torque = 0"
496593,TX,0x201,3,0x90,0x90,0x00,0x00,,,,,"Set torque = 0"
496617,RX,0x181,6,0x40,0x40,0x11,0x43,0x80,0x00,0x0B,,"Status word = 0x4311"
496625,RX,0x181,4,0x30,0x30,0x00,0x00,0x01,,,,"Speed feedback = 0 rpm"
496633,TX,0x201,3,0x90,0x90,0x00,0x00,,,,,"Set torque = 0"
496659,TX,0x201,3,0x90,0x90,0x00,0x00,,,,,"Set torque = 0"
496685,TX,0x201,3,0x90,0x90,0x00,0x00,,,,,"Set torque = 0"
496711,TX,0x201,3,0x90,0x90,0x00,0x00,,,,,"Set torque = 0"
496717,RX,0x181,6,0x40,0x40,0x11,0x43,0x80,0x00,0x0B,,"Status word = 0x4311"
496724,RX,0x181,4,0x30,0x30,0x00,0x00,0x01,,,,"Speed feedback = 0 rpm"
496737,TX,0x201,3,0x90,0x90,0x00,0x00,,,,,"Set torque = 0"
496763,TX,0x201,3,0x90,0x90,0x00,0x00,,,,,"Set torque = 0"
496790,TX,0x201,3,0x90,0x90,0x00,0x00,,,,,"Set torque = 0"
496816,TX,0x201,3,0x90,0x90,0x00,0x00,,,,,"Set torque = 0"
496822,RX,0x181,6,0x40,0x40,0x11,0x43,0x80,0x00,0x0B,,"Status word = 0x4311"
496829,RX,0x181,4,0x30,0x30,0x00,0x00,0x01,,,,"Speed feedback = 0 rpm"
496842,TX,0x201,3,0x90,0x90,0x00,0x00,,,,,"Set torque = 0"
496868,TX,0x201,3,0x90,0x90,0x00,0x00,,,,,"Set torque = 0"
496894,TX,0x201,3,0x90,0x90,0x00,0x00,,,,,"Set torque = 0"
496917,RX,0x181,6,0x40,0x40,0x11,0x43,0x80,0x00,0x0B,,"Status word = 0x4311"
496924,TX,0x201,3,0x90,0x90,0x00,0x00,,,,,"Set torque = 0"
496931,RX,0x181,4,0x30,0x30,0x00,0x00,0x01,,,,"Speed feedback = 0 rpm"
496951,TX,0x201,3,0x90,0x90,0x00,0x00,,,,,"Set torque = 0"
496977,TX,0x201,3,0x90,0x90,0x00,0x00,,,,,"Set torque = 0"
497003,TX,0x201,3,0x90,0x90,0x00,0x00,,,,,"Set torque = 0"
497017,RX,0x181,6,0x40,0x40,0x11,0x43,0x80,0x00,0x0B,,"Status word = 0x4311"
497024,RX,0x181,4,0x30,0x30,0x00,0x00,0x01,,,,"Speed feedback = 0 rpm"
497030,TX,0x201,3,0x90,0x90,0x00,0x00,,,,,"Set torque = 0"
497057,TX,0x201,3,0x90,0x90,0x00,0x00,,,,,"Set torque = 0"
497083,TX,0x201,3,0x90,0x90,0x00,0x00,,,,,"Set torque = 0"
497110,TX,0x201,3,0x90,0x90,0x00,0x00,,,,,"Set torque = 0"
497117,RX,0x181,6,0x40,0x40,0x11,0x43,0x80,0x00,0x0B,,"Status word = 0x4311"
497124,RX,0x181,4,0x30,0x30,0x00,0x00,0x01,,,,"Speed feedback = 0 rpm"
497136,TX,0x201,3,0x90,0x90,0x00,0x00,,,,,"Set torque = 0"
497162,TX,0x201,3,0x90,0x90,0x00,0x00,,,,,"Set torque = 0"
497188,TX,0x201,3,0x90,0x90,0x00,0x00,,,,,"Set torque = 0"
497214,TX,0x201,3,0x90,0x90,0x00,0x00,,,,,"Set torque = 0"
497220,RX,0x181,6,0x40,0x40,0x11,0x43,0x80,0x00,0x0B,,"Status word = 0x4311"
497227,RX,0x181,4,0x30,0x30,0x00,0x00,0x01,,,,"Speed feedback = 0 rpm"
497240,TX,0x201,3,0x90,0x90,0x00,0x00,,,,,"Set torque = 0"
497266,TX,0x201,3,0x90,0x90,0x00,0x00,,,,,"Set torque = 0"
497292,TX,0x201,3,0x90,0x90,0x00,0x00,,,,,"Set torque = 0"
497316,RX,0x181,6,0x40,0x40,0x11,0x43,0x80,0x00,0x0B,,"Status word = 0x4311"
497323,TX,0x201,3,0x90,0x90,0x00,0x00,,,,,"Set torque = 0"
497330,RX,0x181,4,0x30,0x30,0x00,0x00,0x01,,,,"Speed feedback = 0 rpm"
497350,TX,0x201,3,0x90,0x90,0x00,0x00,,,,,"Set torque = 0"
497376,TX,0x201,3,0x90,0x90,0x00,0x00,,,,,"Set torque = 0"
497402,TX,0x201,3,0x90,0x90,0x00,0x00,,,,,"Set torque = 0"
497416,RX,0x181,6,0x40,0x40,0x11,0x43,0x80,0x00,0x0B,,"Status word = 0x4311"
497423,RX,0x181,4,0x30,0x30,0x00,0x00,0x01,,,,"Speed feedback = 0 rpm"
497430,TX,0x201,3,0x90,0x90,0x00,0x00,,,,,"Set torque = 0"
497457,TX,0x201,3,0x90,0x90,0x00,0x00,,,,,"Set torque = 0"
497483,TX,0x201,3,0x90,0x90,0x00,0x00,,,,,"Set torque = 0"
497509,TX,0x201,3,0x90,0x90,0x00,0x00,,,,,"Set torque = 0"
497516,RX,0x181,6,0x40,0x40,0x11,0x43,0x80,0x00,0x0B,,"Status word = 0x4311"
497523,RX,0x181,4,0x30,0x30,0x00,0x00,0x01,,,,"Speed feedback = 0 rpm"
497535,TX,0x201,3,0x90,0x90,0x00,0x00,,,,,"Set torque = 0"
497562,TX,0x201,3,0x90,0x90,0x00,0x00,,,,,"Set torque = 0"
497588,TX,0x201,3,0x90,0x90,0x00,0x00,,,,,"Set torque = 0"
497614,TX,0x201,3,0x90,0x90,0x00,0x00,,,,,"Set torque = 0"
497620,RX,0x181,6,0x40,0x40,0x11,0x43,0x80,0x00,0x0B,,"Status word = 0x4311"
497627,RX,0x181,4,0x30,0x30,0x00,0x00,0x01,,,,"Speed feedback = 0 rpm"
497640,TX,0x201,3,0x90,0x90,0x00,0x00,,,,,"Set torque = 0"
497666,TX,0x201,3,0x90,0x90,0x00,0x00,,,,,"Set torque = 0"
497692,TX,0x201,3,0x90,0x90,0x00,0x00,,,,,"Set torque = 0"
497716,RX,0x181,6,0x40,0x40,0x11,0x43,0x80,0x00,0x0B,,"Status word = 0x4311"
497723,RX,0x181,4,0x30,0x30,0x00,0x00,0x01,,,,"Speed feedback = 0 rpm"
497730,TX,0x201,3,0x90,0x90,0x00,0x00,,,,,"Set torque = 0"
497756,TX,0x201,3,0x90,0x90,0x00,0x00,,,,,"Set torque = 0"
497782,TX,0x201,3,0x90,0x90,0x00,0x00,,,,,"Set torque = 0"
497808,TX,0x201,3,0x90,0x90,0x00,0x00,,,,,"Set torque = 0"
497815,RX,0x181,6,0x40,0x40,0x11,0x43,0x80,0x00,0x0B,,"Status word = 0x4311"
497822,RX,0x181,4,0x30,0x30,0x00,0x00,0x01,,,,"Speed feedback = 0 rpm"
497834,TX,0x201,3,0x90,0x90,0x00,0x00,,,,,"Set torque = 0"
497860,TX,0x201,3,0x90,0x90,0x00,0x00,,,,,"Set torque = 0"
497887,TX,0x201,3,0x90,0x90,0x00,0x00,,,,,"Set torque = 0"
497913,TX,0x201,3,0x90,0x90,0x00,0x00,,,,,"Set torque = 0"
497919,RX,0x181,6,0x40,0x40,0x11,0x43,0x80,0x00,0x0B,,"Status word = 0x4311"
497926,RX,0x181,4,0x30,0x30,0x00,0x00,0x01,,,,"Speed feedback = 0 rpm"
497939,TX,0x201,3,0x90,0x90,0x00,0x00,,,,,"Set torque = 0"
497965,TX,0x201,3,0x90,0x90,0x00,0x00,,,,,"Set torque = 0"
497991,TX,0x201,3,0x90,0x90,0x00,0x00,,,,,"Set torque = 0"
498015,RX,0x181,6,0x40,0x40,0x11,0x43,0x80,0x00,0x0B,,"Status word = 0x4311"
498022,TX,0x201,3,0x90,0x90,0x00,0x00,,,,,"Set torque = 0"
498029,RX,0x181,4,0x30,0x30,0x00,0x00,0x01,,,,"Speed feedback = 0 rpm"
498049,TX,0x201,3,0x90,0x90,0x00,0x00,,,,,"Set torque = 0"
498075,TX,0x201,3,0x90,0x90,0x00,0x00,,,,,"Set torque = 0"
498101,TX,0x201,3,0x90,0x90,0x00,0x00,,,,,"Set torque = 0"
498115,RX,0x181,6,0x40,0x40,0x11,0x43,0x80,0x00,0x0B,,"Status word = 0x4311"
498122,RX,0x181,4,0x30,0x30,0x00,0x00,0x01,,,,"Speed feedback = 0 rpm"
498129,TX,0x201,3,0x90,0x90,0x00,0x00,,,,,"Set torque = 0"
498155,TX,0x201,3,0x90,0x90,0x00,0x00,,,,,"Set torque = 0"
498181,TX,0x201,3,0x90,0x90,0x00,0x00,,,,,"Set torque = 0"
498208,TX,0x201,3,0x90,0x90,0x00,0x00,,,,,"Set torque = 0"
498215,RX,0x181,6,0x40,0x40,0x11,0x43,0x80,0x00,0x0B,,"Status word = 0x4311"
498222,RX,0x181,4,0x30,0x30,0x00,0x00,0x01,,,,"Speed feedback = 0 rpm"
498234,TX,0x201,3,0x90,0x90,0x00,0x00,,,,,"Set torque = 0"
498260,TX,0x201,3,0x90,0x90,0x00,0x00,,,,,"Set torque = 0"
498286,TX,0x201,3,0x90,0x90,0x00,0x00,,,,,"Set torque = 0"
498312,TX,0x201,3,0x90,0x90,0x00,0x00,,,,,"Set torque = 0"
498318,RX,0x181,6,0x40,0x40,0x11,0x43,0x80,0x00,0x0B,,"Status word = 0x4311"
498325,RX,0x181,4,0x30,0x30,0x00,0x00,0x01,,,,"Speed feedback = 0 rpm"
498338,TX,0x201,3,0x90,0x90,0x00,0x00,,,,,"Set torque = 0"
498364,TX,0x201,3,0x90,0x90,0x00,0x00,,,,,"Set torque = 0"
498390,TX,0x201,3,0x90,0x90,0x00,0x00,,,,,"Set torque = 0"
498415,RX,0x181,6,0x40,0x40,0x11,0x43,0x80,0x00,0x0B,,"Status word = 0x4311"
498421,TX,0x201,3,0x90,0x90,0x00,0x00,,,,,"Set torque = 0"
498428,RX,0x181,4,0x30,0x30,0x00,0x00,0x01,,,,"Speed feedback = 0 rpm"
498448,TX,0x201,3,0x90,0x90,0x00,0x00,,,,,"Set torque = 0"
498474,TX,0x201,3,0x90,0x90,0x00,0x00,,,,,"Set torque = 0"
498500,TX,0x201,3,0x90,0x90,0x00,0x00,,,,,"Set torque = 0"
498514,RX,0x181,6,0x40,0x40,0x11,0x43,0x80,0x00,0x0B,,"Status word = 0x4311"
498521,RX,0x181,4,0x30,0x30,0x00,0x00,0x01,,,,"Speed feedback = 0 rpm"
498528,TX,0x201,3,0x90,0x90,0x00,0x00,,,,,"Set torque = 0"
498555,TX,0x201,3,0x90,0x90,0x00,0x00,,,,,"Set torque = 0"
498581,TX,0x201,3,0x90,0x90,0x00,0x00,,,,,"Set torque = 0"
498607,TX,0x201,3,0x90,0x90,0x00,0x00,,,,,"Set torque = 0"
498614,RX,0x181,6,0x40,0x40,0x11,0x43,0x80,0x00,0x0B,,"Status word = 0x4311"
498621,RX,0x181,4,0x30,0x30,0x00,0x00,0x01,,,,"Speed feedback = 0 rpm"
498633,TX,0x201,3,0x90,0x90,0x00,0x00,,,,,"Set torque = 0"
498660,TX,0x201,3,0x90,0x90,0x00,0x00,,,,,"Set torque = 0"
498686,TX,0x201,3,0x90,0x90,0x00,0x00,,,,,"Set torque = 0"
498712,TX,0x201,3,0x90,0x90,0x00,0x00,,,,,"Set torque = 0"
498718,RX,0x181,6,0x40,0x40,0x11,0x43,0x80,0x00,0x0B,,"Status word = 0x4311"
498725,RX,0x181,4,0x30,0x30,0x00,0x00,0x01,,,,"Speed feedback = 0 rpm"
498738,TX,0x201,3,0x90,0x90,0x00,0x00,,,,,"Set torque = 0"
498764,TX,0x201,3,0x90,0x90,0x00,0x00,,,,,"Set torque = 0"
498790,TX,0x201,3,0x90,0x90,0x00,0x00,,,,,"Set torque = 0"
498814,RX,0x181,6,0x40,0x40,0x11,0x43,0x80,0x00,0x0B,,"Status word = 0x4311"
498821,RX,0x181,4,0x30,0x30,0x00,0x00,0x01,,,,"Speed feedback = 0 rpm"
498828,TX,0x201,3,0x90,0x90,0x00,0x00,,,,,"Set torque = 0"
498855,TX,0x201,3,0x90,0x90,0x00,0x00,,,,,"Set torque = 0"
498881,TX,0x201,3,0x90,0x90,0x00,0x00,,,,,"Set torque = 0"
498905,TX,0x201,3,0x90,0x90,0x00,0x00,,,,,"Set torque = 0"
498914,RX,0x181,6,0x40,0x40,0x11,0x43,0x80,0x00,0x0B,,"Status word = 0x4311"
498921,RX,0x181,4,0x30,0x30,0x00,0x00,0x01,,,,"Speed feedback = 0 rpm"
498931,TX,0x201,3,0x90,0x90,0x00,0x00,,,,,"Set torque = 0"
498957,TX,0x201,3,0x90,0x90,0x00,0x00,,,,,"Set torque = 0"
498984,TX,0x201,3,0x90,0x90,0x00,0x00,,,,,"Set torque = 0"
499010,TX,0x201,3,0x90,0x90,0x00,0x00,,,,,"Set torque = 0"
499016,RX,0x181,6,0x40,0x40,0x11,0x43,0x80,0x00,0x0B,,"Status word = 0x4311"
499023,RX,0x181,4,0x30,0x30,0x00,0x00,0x01,,,,"Speed feedback = 0 rpm"
499036,TX,0x201,3,0x90,0x90,0x00,0x00,,,,,"Set torque = 0"
499062,TX,0x201,3,0x90,0x90,0x00,0x00,,,,,"Set torque = 0"
499088,TX,0x201,3,0x90,0x90,0x00,0x00,,,,,"Set torque = 0"
499113,RX,0x181,6,0x40,0x40,0x11,0x43,0x80,0x00,0x0B,,"Status word = 0x4311"
499120,TX,0x201,3,0x90,0x90,0x00,0x00,,,,,"Set torque = 0"
499127,RX,0x181,4,0x30,0x30,0x00,0x00,0x01,,,,"Speed feedback = 0 rpm"
499147,TX,0x201,3,0x90,0x90,0x00,0x00,,,,,"Set torque = 0"
499173,TX,0x201,3,0x90,0x90,0x00,0x00,,,,,"Set torque = 0"
499199,TX,0x201,3,0x90,0x90,0x00,0x00,,,,,"Set torque = 0"
499213,RX,0x181,6,0x40,0x40,0x11,0x43,0x80,0x00,0x0B,,"Status word = 0x4311"
499220,RX,0x181,4,0x30,0x30,0x00,0x00,0x01,,,,"Speed feedback = 0 rpm"
499227,TX,0x201,3,0x90,0x90,0x00,0x00,,,,,"Set torque = 0"
499254,TX,0x201,3,0x90,0x90,0x00,0x00,,,,,"Set torque = 0"
499280,TX,0x201,3,0x90,0x90,0x00,0x00,,,,,"Set torque = 0"
499307,TX,0x201,3,0x90,0x90,0x00,0x00,,,,,"Set torque = 0"
499313,RX,0x181,6,0x40,0x40,0x11,0x43,0x80,0x00,0x0B,,"Status word = 0x4311"
499320,RX,0x181,4,0x30,0x30,0x00,0x00,0x01,,,,"Speed feedback = 0 rpm"
499333,TX,0x201,3,0x90,0x90,0x00,0x00,,,,,"Set torque = 0"
499359,TX,0x201,3,0x90,0x90,0x00,0x00,,,,,"Set torque = 0"
499385,TX,0x201,3,0x90,0x90,0x00,0x00,,,,,"Set torque = 0"
499411,TX,0x201,3,0x90,0x90,0x00,0x00,,,,,"Set torque = 0"
499417,RX,0x181,6,0x40,0x40,0x11,0x43,0x80,0x00,0x0B,,"Status word = 0x4311"
499424,RX,0x181,4,0x30,0x30,0x00,0x00,0x01,,,,"Speed feedback = 0 rpm"
499437,TX,0x201,3,0x90,0x90,0x00,0x00,,,,,"Set torque = 0"
499463,TX,0x201,3,0x90,0x90,0x00,0x00,,,,,"Set torque = 0"
499489,TX,0x201,3,0x90,0x90,0x00,0x00,,,,,"Set torque = 0"
499513,RX,0x181,6,0x40,0x40,0x11,0x43,0x80,0x00,0x0B,,"Status word = 0x4311"
499520,TX,0x201,3,0x90,0x90,0x00,0x00,,,,,"Set torque = 0"
499526,RX,0x181,4,0x30,0x30,0x00,0x00,0x01,,,,"Speed feedback = 0 rpm"
499546,TX,0x201,3,0x90,0x90,0x00,0x00,,,,,"Set torque = 0"
499572,TX,0x201,3,0x90,0x90,0x00,0x00,,,,,"Set torque = 0"
499598,TX,0x201,3,0x90,0x90,0x00,0x00,,,,,"Set torque = 0"
499613,RX,0x181,6,0x40,0x40,0x11,0x43,0x80,0x00,0x0B,,"Status word = 0x4311"
499620,RX,0x181,4,0x30,0x30,0x00,0x00,0x01,,,,"Speed feedback = 0 rpm"
499626,TX,0x201,3,0x90,0x90,0x00,0x00,,,,,"Set torque = 0"
499653,TX,0x201,3,0x90,0x90,0x00,0x00,,,,,"Set torque = 0"
499679,TX,0x201,3,0x90,0x90,0x00,0x00,,,,,"Set torque = 0"
499705,TX,0x201,3,0x90,0x90,0x00,0x00,,,,,"Set torque = 0"
499712,RX,0x181,6,0x40,0x40,0x11,0x43,0x80,0x00,0x0B,,"Status word = 0x4311"
499719,RX,0x181,4,0x30,0x30,0x00,0x00,0x01,,,,"Speed feedback = 0 rpm"
499731,TX,0x201,3,0x90,0x90,0x00,0x00,,,,,"Set torque = 0"
499758,TX,0x201,3,0x90,0x90,0x00,0x00,,,,,"Set torque = 0"
499784,TX,0x201,3,0x90,0x90,0x00,0x00,,,,,"Set torque = 0"
499810,TX,0x201,3,0x90,0x90,0x00,0x00,,,,,"Set torque = 0"
499816,RX,0x181,6,0x40,0x40,0x11,0x43,0x80,0x00,0x0B,,"Status word = 0x4311"
499826,RX,0x181,4,0x30,0x30,0x00,0x00,0x01,,,,"Speed feedback = 0 rpm"
499836,TX,0x201,3,0x90,0x90,0x00,0x00,,,,,"Set torque = 0"
499862,TX,0x201,3,0x90,0x90,0x00,0x00,,,,,"Set torque = 0"
499888,TX,0x201,3,0x90,0x90,0x00,0x00,,,,,"Set torque = 0"
499912,RX,0x181,6,0x40,0x40,0x11,0x43,0x80,0x00,0x0B,,"Status word = 0x4311"
499919,TX,0x201,3,0x90,0x90,0x00,0x00,,,,,"Set torque = 0"
499926,RX,0x181,4,0x30,0x30,0x00,0x00,0x01,,,,"Speed feedback = 0 rpm"
499946,TX,0x201,3,0x90,0x90,0x00,0x00,,,,,"Set torque = 0"
499972,TX,0x201,3,0x90,0x90,0x00,0x00,,,,,"Set torque = 0"
499998,TX,0x201,3,0x90,0x90,0x00,0x00,,,,,"Set torque = 0"
500012,RX,0x181,6,0x40,0x40,0x11,0x43,0x80,0x00,0x0B,,"Status word = 0x4311"
500019,RX,0x181,4,0x30,0x30,0x00,0x00,0x01,,,,"Speed feedback = 0 rpm"
500026,TX,0x201,3,0x90,0x90,0x00,0x00,,,,,"Set torque = 0"
500053,TX,0x201,3,0x90,0x90,0x00,0x00,,,,,"Set torque = 0"
500079,TX,0x201,3,0x90,0x90,0x00,0x00,,,,,"Set torque = 0"
500105,TX,0x201,3,0x90,0x90,0x00,0x00,,,,,"Set torque = 0"
500112,RX,0x181,6,0x40,0x40,0x11,0x43,0x80,0x00,0x0B,,"Status word = 0x4311"
500119,RX,0x181,4,0x30,0x30,0x00,0x00,0x01,,,,"Speed feedback = 0 rpm"
500131,TX,0x201,3,0x90,0x90,0x00,0x00,,,,,"Set torque = 0"
500157,TX,0x201,3,0x90,0x90,0x00,0x00,,,,,"Set torque = 0"
500183,TX,0x201,3,0x90,0x90,0x00,0x00,,,,,"Set torque = 0"
500209,TX,0x201,3,0x90,0x90,0x00,0x00,,,,,"Set torque = 0"
500216,RX,0x181,6,0x40,0x40,0x11,0x43,0x80,0x00,0x0B,,"Status word = 0x4311"
500222,RX,0x181,4,0x30,0x30,0x00,0x00,0x01,,,,"Speed feedback = 0 rpm"
500236,TX,0x201,3,0x90,0x90,0x00,0x00,,,,,"Set torque = 0"
500262,TX,0x201,3,0x90,0x90,0x00,0x00,,,,,"Set torque = 0"
500288,TX,0x201,3,0x90,0x90,0x00,0x00,,,,,"Set torque = 0"
500312,RX,0x181,6,0x40,0x40,0x11,0x43,0x80,0x00,0x0B,,"Status word = 0x4311"
500318,TX,0x201,3,0x90,0x90,0x00,0x00,,,,,"Set torque = 0"
500325,RX,0x181,4,0x30,0x30,0x00,0x00,0x01,,,,"Speed feedback = 0 rpm"
500345,TX,0x201,3,0x90,0x90,0x00,0x00,,,,,"Set torque = 0"
500372,TX,0x201,3,0x90,0x90,0x00,0x00,,,,,"Set torque = 0"
500398,TX,0x201,3,0x90,0x90,0x00,0x00,,,,,"Set torque = 0"
500411,RX,0x181,6,0x40,0x40,0x11,0x43,0x80,0x00,0x0B,,"Status word = 0x4311"
500418,RX,0x181,4,0x30,0x30,0x00,0x00,0x01,,,,"Speed feedback = 0 rpm"
500425,TX,0x201,3,0x90,0x90,0x00,0x00,,,,,"Set torque = 0"
500452,TX,0x201,3,0x90,0x90,0x00,0x00,,,,,"Set torque = 0"
500478,TX,0x201,3,0x90,0x90,0x00,0x00,,,,,"Set torque = 0"
500504,TX,0x201,3,0x90,0x90,0x00,0x00,,,,,"Set torque = 0"
500511,RX,0x181,6,0x40,0x40,0x11,0x43,0x80,0x00,0x0B,,"Status word = 0x4311"
500518,RX,0x181,4,0x30,0x30,0x00,0x00,0x01,,,,"Speed feedback = 0 rpm"
500530,TX,0x201,3,0x90,0x90,0x00,0x00,,,,,"Set torque = 0"
500556,TX,0x201,3,0x90,0x90,0x00,0x00,,,,,"Set torque = 0"
500582,TX,0x201,3,0x90,0x90,0x00,0x00,,,,,"Set torque = 0"
500608,TX,0x201,3,0x90,0x90,0x00,0x00,,,,,"Set torque = 0"
500614,RX,0x181,6,0x40,0x40,0x11,0x43,0x80,0x00,0x0B,,"Status word = 0x4311"
500621,RX,0x181,4,0x30,0x30,0x00,0x00,0x01,,,,"Speed feedback = 0 rpm"
500634,TX,0x201,3,0x90,0x90,0x00,0x00,,,,,"Set torque = 0"
500660,TX,0x201,3,0x90,0x90,0x00,0x00,,,,,"Set torque = 0"
500687,TX,0x201,3,0x90,0x90,0x00,0x00,,,,,"Set torque = 0"
500711,RX,0x181,6,0x40,0x40,0x11,0x43,0x80,0x00,0x0B,,"Status word = 0x4311"
500718,TX,0x201,3,0x90,0x90,0x00,0x00,,,,,"Set torque = 0"
500724,RX,0x181,4,0x30,0x30,0x00,0x00,0x01,,,,"Speed feedback = 0 rpm"
500744,TX,0x201,3,0x90,0x90,0x00,0x00,,,,,"Set torque = 0"
500770,TX,0x201,3,0x90,0x90,0x00,0x00,,,,,"Set torque = 0"
500796,TX,0x201,3,0x90,0x90,0x00,0x00,,,,,"Set torque = 0"
500811,RX,0x181,6,0x40,0x40,0x11,0x43,0x80,0x00,0x0B,,"Status word = 0x4311"
500818,RX,0x181,4,0x30,0x30,0x00,0x00,0x01,,,,"Speed feedback = 0 rpm"
500825,TX,0x201,3,0x90,0x90,0x00,0x00,,,,,"Set torque = 0"
500852,TX,0x201,3,0x90,0x90,0x00,0x00,,,,,"Set torque = 0"
500878,TX,0x201,3,0x90,0x90,0x00,0x00,,,,,"Set torque = 0"
500904,TX,0x201,3,0x90,0x90,0x00,0x00,,,,,"Set torque = 0"
500911,RX,0x181,6,0x40,0x40,0x11,0x43,0x80,0x00,0x0B,,"Status word = 0x4311"
500918,RX,0x181,4,0x30,0x30,0x00,0x00,0x01,,,,"Speed feedback = 0 rpm"
500930,TX,0x201,3,0x90,0x90,0x00,0x00,,,,,"Set torque = 0"
500956,TX,0x201,3,0x90,0x90,0x00,0x00,,,,,"Set torque = 0"
500982,TX,0x201,3,0x90,0x90,0x00,0x00,,,,,"Set torque = 0"
501009,TX,0x201,3,0x90,0x90,0x00,0x00,,,,,"Set torque = 0"
501015,RX,0x181,6,0x40,0x40,0x11,0x43,0x80,0x00,0x0B,,"Status word = 0x4311"
501022,RX,0x181,4,0x30,0x30,0x00,0x00,0x01,,,,"Speed feedback = 0 rpm"
501035,TX,0x201,3,0x90,0x90,0x00,0x00,,,,,"Set torque = 0"
501061,TX,0x201,3,0x90,0x90,0x00,0x00,,,,,"Set torque = 0"
501087,TX,0x201,3,0x90,0x90,0x00,0x00,,,,,"Set torque = 0"
501110,RX,0x181,6,0x40,0x40,0x11,0x43,0x80,0x00,0x0B,,"Status word = 0x4311"
501117,TX,0x201,3,0x90,0x90,0x00,0x00,,,,,"Set torque = 0"
501124,RX,0x181,4,0x30,0x30,0x00,0x00,0x01,,,,"Speed feedback = 0 rpm"
501144,TX,0x201,3,0x90,0x90,0x00,0x00,,,,,"Set torque = 0"
501170,TX,0x201,3,0x90,0x90,0x00,0x00,,,,,"Set torque = 0"
501196,TX,0x201,3,0x90,0x90,0x00,0x00,,,,,"Set torque = 0"
501210,RX,0x181,6,0x40,0x40,0x11,0x43,0x80,0x00,0x0B,,"Status word = 0x4311"
501217,RX,0x181,4,0x30,0x30,0x00,0x00,0x01,,,,"Speed feedback = 0 rpm"
501224,TX,0x201,3,0x90,0x90,0x00,0x00,,,,,"Set torque = 0"
501251,TX,0x201,3,0x90,0x90,0x00,0x00,,,,,"Set torque = 0"
501277,TX,0x201,3,0x90,0x90,0x00,0x00,,,,,"Set torque = 0"
501303,TX,0x201,3,0x90,0x90,0x00,0x00,,,,,"Set torque = 0"
501310,RX,0x181,6,0x40,0x40,0x11,0x43,0x80,0x00,0x0B,,"Status word = 0x4311"
501317,RX,0x181,4,0x30,0x30,0x00,0x00,0x01,,,,"Speed feedback = 0 rpm"
501330,TX,0x201,3,0x90,0x90,0x00,0x00,,,,,"Set torque = 0"
501356,TX,0x201,3,0x90,0x90,0x00,0x00,,,,,"Set torque = 0"
501382,TX,0x201,3,0x90,0x90,0x00,0x00,,,,,"Set torque = 0"
501408,TX,0x201,3,0x90,0x90,0x00,0x00,,,,,"Set torque = 0"
501414,RX,0x181,6,0x40,0x40,0x11,0x43,0x80,0x00,0x0B,,"Status word = 0x4311"
501421,RX,0x181,4,0x30,0x30,0x00,0x00,0x01,,,,"Speed feedback = 0 rpm"
501434,TX,0x201,3,0x90,0x90,0x00,0x00,,,,,"Set torque = 0"
501461,TX,0x201,3,0x90,0x90,0x00,0x00,,,,,"Set torque = 0"
501487,TX,0x201,3,0x90,0x90,0x00,0x00,,,,,"Set torque = 0"
501510,RX,0x181,6,0x40,0x40,0x11,0x43,0x80,0x00,0x0B,,"Status word = 0x4311"
501516,TX,0x201,3,0x90,0x90,0x00,0x00,,,,,"Set torque = 0"
501523,RX,0x181,4,0x30,0x30,0x00,0x00,0x01,,,,"Speed feedback = 0 rpm"
501543,TX,0x201,3,0x90,0x90,0x00,0x00,,,,,"Set torque = 0"
501569,TX,0x201,3,0x90,0x90,0x00,0x00,,,,,"Set torque = 0"
501595,TX,0x201,3,0x90,0x90,0x00,0x00,,,,,"Set torque = 0"
501609,RX,0x181,6,0x40,0x40,0x11,0x43,0x80,0x00,0x0B,,"Status word = 0x4311"
501617,RX,0x181,4,0x30,0x30,0x00,0x00,0x01,,,,"Speed feedback = 0 rpm"
501623,TX,0x201,3,0x90,0x90,0x00,0x00,,,,,"Set torque = 0"
501650,TX,0x201,3,0x90,0x90,0x00,0x00,,,,,"Set torque = 0"
501676,TX,0x201,3,0x90,0x90,0x00,0x00,,,,,"Set torque = 0"
501702,TX,0x201,3,0x90,0x90,0x00,0x00,,,,,"Set torque = 0"
501709,RX,0x181,6,0x40,0x40,0x11,0x43,0x80,0x00,0x0B,,"Status word = 0x4311"
501716,RX,0x181,4,0x30,0x30,0x00,0x00,0x01,,,,"Speed feedback = 0 rpm"
501728,TX,0x201,3,0x90,0x90,0x00,0x00,,,,,"Set torque = 0"
501754,TX,0x201,3,0x90,0x90,0x00,0x00,,,,,"Set torque = 0"
501781,TX,0x201,3,0x90,0x90,0x00,0x00,,,,,"Set torque = 0"
501807,TX,0x201,3,0x90,0x90,0x00,0x00,,,,,"Set torque = 0"
501813,RX,0x181,6,0x40,0x40,0x11,0x43,0x80,0x00,0x0B,,"Status word = 0x4311"
501820,RX,0x181,4,0x30,0x30,0x00,0x00,0x01,,,,"Speed feedback = 0 rpm"
501833,TX,0x201,3,0x90,0x90,0x00,0x00,,,,,"Set torque = 0"
501859,TX,0x201,3,0x90,0x90,0x00,0x00,,,,,"Set torque = 0"
501885,TX,0x201,3,0x90,0x90,0x00,0x00,,,,,"Set torque = 0"
501909,RX,0x181,6,0x40,0x40,0x11,0x43,0x80,0x00,0x0B,,"Status word = 0x4311"
501916,TX,0x201,3,0x90,0x90,0x00,0x00,,,,,"Set torque = 0"
501923,RX,0x181,4,0x30,0x30,0x00,0x00,0x01,,,,"Speed feedback = 0 rpm"
501943,TX,0x201,3,0x90,0x90,0x00,0x00,,,,,"Set torque = 0"
501969,TX,0x201,3,0x90,0x90,0x00,0x00,,,,,"Set torque = 0"
501995,TX,0x201,3,0x90,0x90,0x00,0x00,,,,,"Set torque = 0"
502009,RX,0x181,6,0x40,0x40,0x11,0x43,0x80,0x00,0x0B,,"Status word = 0x4311"
502016,RX,0x181,4,0x30,0x30,0x00,0x00,0x01,,,,"Speed feedback = 0 rpm"
502023,TX,0x201,3,0x90,0x90,0x00,0x00,,,,,"Set torque = 0"
502049,TX,0x201,3,0x90,0x90,0x00,0x00,,,,,"Set torque = 0"
502075,TX,0x201,3,0x90,0x90,0x00,0x00,,,,,"Set torque = 0"
502102,TX,0x201,3,0x90,0x90,0x00,0x00,,,,,"Set torque = 0"
502109,RX,0x181,6,0x40,0x40,0x11,0x43,0x80,0x00,0x0B,,"Status word = 0x4311"
502116,RX,0x181,4,0x30,0x30,0x00,0x00,0x01,,,,"Speed feedback = 0 rpm"
502128,TX,0x201,3,0x90,0x90,0x00,0x00,,,,,"Set torque = 0"
502154,TX,0x201,3,0x90,0x90,0x00,0x00,,,,,"Set torque = 0"
502180,TX,0x201,3,0x90,0x90,0x00,0x00,,,,,"Set torque = 0"
502206,TX,0x201,3,0x90,0x90,0x00,0x00,,,,,"Set torque = 0"
502212,RX,0x181,6,0x40,0x40,0x11,0x43,0x80,0x00,0x0B,,"Status word = 0x4311"
502219,RX,0x181,4,0x30,0x30,0x00,0x00,0x01,,,,"Speed feedback = 0 rpm"
502232,TX,0x201,3,0x90,0x90,0x00,0x00,,,,,"Set torque = 0"
502258,TX,0x201,3,0x90,0x90,0x00,0x00,,,,,"Set torque = 0"
502284,TX,0x201,3,0x90,0x90,0x00,0x00,,,,,"Set torque = 0"
502308,RX,0x181,6,0x40,0x40,0x11,0x43,0x80,0x00,0x0B,,"Status word = 0x4311"
502315,TX,0x201,3,0x90,0x90,0x00,0x00,,,,,"Set torque = 0"
502322,RX,0x181,4,0x30,0x30,0x00,0x00,0x01,,,,"Speed feedback = 0 rpm"
502342,TX,0x201,3,0x90,0x90,0x00,0x00,,,,,"Set torque = 0"
502368,TX,0x201,3,0x90,0x90,0x00,0x00,,,,,"Set torque = 0"
502394,TX,0x201,3,0x90,0x90,0x00,0x00,,,,,"Set torque = 0"
502408,RX,0x181,6,0x40,0x40,0x11,0x43,0x80,0x00,0x0B,,"Status word = 0x4311"
502415,RX,0x181,4,0x30,0x30,0x00,0x00,0x01,,,,"Speed feedback = 0 rpm"
502422,TX,0x201,3,0x90,0x90,0x00,0x00,,,,,"Set torque = 0"
502449,TX,0x201,3,0x90,0x90,0x00,0x00,,,,,"Set torque = 0"
502475,TX,0x201,3,0x90,0x90,0x00,0x00,,,,,"Set torque = 0"
502501,TX,0x201,3,0x90,0x90,0x00,0x00,,,,,"Set torque = 0"
502508,RX,0x181,6,0x40,0x40,0x11,0x43,0x80,0x00,0x0B,,"Status word = 0x4311"
502515,RX,0x181,4,0x30,0x30,0x00,0x00,0x01,,,,"Speed feedback = 0 rpm"
502527,TX,0x201,3,0x90,0x90,0x00,0x00,,,,,"Set torque = 0"
502554,TX,0x201,3,0x90,0x90,0x00,0x00,,,,,"Set torque = 0"
502580,TX,0x201,3,0x90,0x90,0x00,0x00,,,,,"Set torque = 0"
502606,TX,0x201,3,0x90,0x90,0x00,0x00,,,,,"Set torque = 0"
502612,RX,0x181,6,0x40,0x40,0x11,0x43,0x80,0x00,0x0B,,"Status word = 0x4311"
502619,RX,0x181,4,0x30,0x30,0x00,0x00,0x01,,,,"Speed feedback = 0 rpm"
502632,TX,0x201,3,0x90,0x90,0x00,0x00,,,,,"Set torque = 0"
502658,TX,0x201,3,0x90,0x90,0x00,0x00,,,,,"Set torque = 0"
502684,TX,0x201,3,0x90,0x90,0x00,0x00,,,,,"Set torque = 0"
502708,RX,0x181,6,0x40,0x40,0x11,0x43,0x80,0x00,0x0B,,"Status word = 0x4311"
502715,RX,0x181,4,0x30,0x30,0x00,0x00,0x01,,,,"Speed feedback = 0 rpm"
502722,TX,0x201,3,0x90,0x90,0x00,0x00,,,,,"Set torque = 0"
502748,TX,0x201,3,0x90,0x90,0x00,0x00,,,,,"Set torque = 0"
502774,TX,0x201,3,0x90,0x90,0x00,0x00,,,,,"Set torque = 0"
502800,TX,0x201,3,0x90,0x90,0x00,0x00,,,,,"Set torque = 0"
502808,RX,0x181,6,0x40,0x40,0x11,0x43,0x80,0x00,0x0B,,"Status word = 0x4311"
502815,RX,0x181,4,0x30,0x30,0x00,0x00,0x01,,,,"Speed feedback = 0 rpm"
502826,TX,0x201,3,0x90,0x90,0x00,0x00,,,,,"Set torque = 0"
502852,TX,0x201,3,0x90,0x90,0x00,0x00,,,,,"Set torque = 0"
502879,TX,0x201,3,0x90,0x90,0x00,0x00,,,,,"Set torque = 0"
502905,TX,0x201,3,0x90,0x90,0x00,0x00,,,,,"Set torque = 0"
502911,RX,0x181,6,0x40,0x40,0x11,0x43,0x80,0x00,0x0B,,"Status word = 0x4311"
502918,RX,0x181,4,0x30,0x30,0x00,0x00,0x01,,,,"Speed feedback = 0 rpm"
502931,TX,0x201,3,0x90,0x90,0x00,0x00,,,,,"Set torque = 0"
502957,TX,0x201,3,0x90,0x90,0x00,0x00,,,,,"Set torque = 0"
502983,TX,0x201,3,0x90,0x90,0x00,0x00,,,,,"Set torque = 0"
503007,RX,0x181,6,0x40,0x40,0x11,0x43,0x80,0x00,0x0B,,"Status word = 0x4311"
503014,TX,0x201,3,0x90,0x90,0x00,0x00,,,,,"Set torque = 0"
503021,RX,0x181,4,0x30,0x30,0x00,0x00,0x01,,,,"Speed feedback = 0 rpm"
503041,TX,0x201,3,0x90,0x90,0x00,0x00,,,,,"Set torque = 0"
503067,TX,0x201,3,0x90,0x90,0x00,0x00,,,,,"Set torque = 0"
503093,TX,0x201,3,0x90,0x90,0x00,0x00,,,,,"Set torque = 0"
503107,RX,0x181,6,0x40,0x40,0x11,0x43,0x80,0x00,0x0B,,"Status word = 0x4311"
503115,RX,0x181,4,0x30,0x30,0x00,0x00,0x01,,,,"Speed feedback = 0 rpm"
503122,TX,0x201,3,0x90,0x90,0x00,0x00,,,,,"Set torque = 0"
503149,TX,0x201,3,0x90,0x90,0x00,0x00,,,,,"Set torque = 0"
503176,TX,0x201,3,0x90,0x90,0x00,0x00,,,,,"Set torque = 0"
503202,TX,0x201,3,0x90,0x90,0x00,0x00,,,,,"Set torque = 0"
503208,RX,0x181,6,0x40,0x40,0x11,0x43,0x80,0x00,0x0B,,"Status word = 0x4311"
503215,RX,0x181,4,0x30,0x30,0x00,0x00,0x01,,,,"Speed feedback = 0 rpm"
503228,TX,0x201,3,0x90,0x90,0x00,0x00,,,,,"Set torque = 0"
503254,TX,0x201,3,0x90,0x90,0x00,0x00,,,,,"Set torque = 0"
503280,TX,0x201,3,0x90,0x90,0x00,0x00,,,,,"Set torque = 0"
503307,RX,0x181,6,0x40,0x40,0x11,0x43,0x80,0x00,0x0B,,"Status word = 0x4311"
503314,TX,0x201,3,0x90,0x90,0x00,0x00,,,,,"Set torque = 0"
503321,RX,0x181,4,0x30,0x30,0x00,0x00,0x01,,,,"Speed feedback = 0 rpm"
503341,TX,0x201,3,0x90,0x90,0x00,0x00,,,,,"Set torque = 0"
503367,TX,0x201,3,0x90,0x90,0x00,0x00,,,,,"Set torque = 0"
503393,TX,0x201,3,0x90,0x90,0x00,0x00,,,,,"Set torque = 0"
503407,RX,0x181,6,0x40,0x40,0x11,0x43,0x80,0x00,0x0B,,"Status word = 0x4311"
503414,RX,0x181,4,0x30,0x30,0x00,0x00,0x01,,,,"Speed feedback = 0 rpm"
503420,TX,0x201,3,0x90,0x90,0x00,0x00,,,,,"Set torque = 0"
503447,TX,0x201,3,0x90,0x90,0x00,0x00,,,,,"Set torque = 0"
503473,TX,0x201,3,0x90,0x90,0x00,0x00,,,,,"Set torque = 0"
503500,TX,0x201,3,0x90,0x90,0x00,0x00,,,,,"Set torque = 0"
503506,RX,0x181,6,0x40,0x40,0x11,0x43,0x80,0x00,0x0B,,"Status word = 0x4311"
503513,RX,0x181,4,0x30,0x30,0x00,0x00,0x01,,,,"Speed feedback = 0 rpm"
503526,TX,0x201,3,0x90,0x90,0x00,0x00,,,,,"Set torque = 0"
503552,TX,0x201,3,0x90,0x90,0x00,0x00,,,,,"Set torque = 0"
503578,TX,0x201,3,0x90,0x90,0x00,0x00,,,,,"Set torque = 0"
503604,TX,0x201,3,0x90,0x90,0x00,0x00,,,,,"Set torque = 0"
503610,RX,0x181,6,0x40,0x40,0x11,0x43,0x80,0x00,0x0B,,"Status word = 0x4311"
503617,RX,0x181,4,0x30,0x30,0x00,0x00,0x01,,,,"Speed feedback = 0 rpm"
503630,TX,0x201,3,0x90,0x90,0x00,0x00,,,,,"Set torque = 0"
503656,TX,0x201,3,0x90,0x90,0x00,0x00,,,,,"Set torque = 0"
503682,TX,0x201,3,0x90,0x90,0x00,0x00,,,,,"Set torque = 0"
503706,RX,0x181,6,0x40,0x40,0x11,0x43,0x80,0x00,0x0B,,"Status word = 0x4311"
503713,TX,0x201,3,0x90,0x90,0x00,0x00,,,,,"Set torque = 0"
503720,RX,0x181,4,0x30,0x30,0x00,0x00,0x01,,,,"Speed feedback = 0 rpm"
503740,TX,0x201,3,0x90,0x90,0x00,0x00,,,,,"Set torque = 0"
503766,TX,0x201,3,0x90,0x90,0x00,0x00,,,,,"Set torque = 0"
503792,TX,0x201,3,0x90,0x90,0x00,0x00,,,,,"Set torque = 0"
503806,RX,0x181,6,0x40,0x40,0x11,0x43,0x80,0x00,0x0B,,"Status word = 0x4311"
503813,RX,0x181,4,0x30,0x30,0x00,0x00,0x01,,,,"Speed feedback = 0 rpm"
503820,TX,0x201,3,0x90,0x90,0x00,0x00,,,,,"Set torque = 0"
503846,TX,0x201,3,0x90,0x90,0x00,0x00,,,,,"Set torque = 0"
503872,TX,0x201,3,0x90,0x90,0x00,0x00,,,,,"Set torque = 0"
503898,TX,0x201,3,0x90,0x90,0x00,0x00,,,,,"Set torque = 0"
503906,RX,0x181,6,0x40,0x40,0x11,0x43,0x80,0x00,0x0B,,"Status word = 0x4311"
503913,RX,0x181,4,0x30,0x30,0x00,0x00,0x01,,,,"Speed feedback = 0 rpm"
503924,TX,0x201,3,0x90,0x90,0x00,0x00,,,,,"Set torque = 0"
503951,TX,0x201,3,0x90,0x90,0x00,0x00,,,,,"Set torque = 0"
503977,TX,0x201,3,0x90,0x90,0x00,0x00,,,,,"Set torque = 0"
504003,TX,0x201,3,0x90,0x90,0x00,0x00,,,,,"Set torque = 0"
504009,RX,0x181,6,0x40,0x40,0x11,0x43,0x80,0x00,0x0B,,"Status word = 0x4311"
504016,RX,0x181,4,0x30,0x30,0x00,0x00,0x01,,,,"Speed feedback = 0 rpm"
504029,TX,0x201,3,0x90,0x90,0x00,0x00,,,,,"Set torque = 0"
504055,TX,0x201,3,0x90,0x90,0x00,0x00,,,,,"Set torque = 0"
504081,TX,0x201,3,0x90,0x90,0x00,0x00,,,,,"Set torque = 0"
504106,RX,0x181,6,0x40,0x40,0x11,0x43,0x80,0x00,0x0B,,"Status word = 0x4311"
504113,RX,0x181,4,0x30,0x30,0x00,0x00,0x01,,,,"Speed feedback = 0 rpm"
504119,TX,0x201,3,0x90,0x90,0x00,0x00,,,,,"Set torque = 0"
504146,TX,0x201,3,0x90,0x90,0x00,0x00,,,,,"Set torque = 0"
504172,TX,0x201,3,0x90,0x90,0x00,0x00,,,,,"Set torque = 0"
504198,TX,0x201,3,0x90,0x90,0x00,0x00,,,,,"Set torque = 0"
504205,RX,0x181,6,0x40,0x40,0x11,0x43,0x80,0x00,0x0B,,"Status word = 0x4311"
504215,RX,0x181,4,0x30,0x30,0x00,0x00,0x01,,,,"Speed feedback = 0 rpm"
504224,TX,0x201,3,0x90,0x90,0x00,0x00,,,,,"Set torque = 0"
504251,TX,0x201,3,0x90,0x90,0x00,0x00,,,,,"Set torque = 0"
504277,TX,0x201,3,0x90,0x90,0x00,0x00,,,,,"Set torque = 0"
504303,TX,0x201,3,0x90,0x90,0x00,0x00,,,,,"Set torque = 0"
504309,RX,0x181,6,0x40,0x40,0x11,0x43,0x80,0x00,0x0B,,"Status word = 0x4311"
504316,RX,0x181,4,0x30,0x30,0x00,0x00,0x01,,,,"Speed feedback = 0 rpm"
504329,TX,0x201,3,0x90,0x90,0x00,0x00,,,,,"Set torque = 0"
504355,TX,0x201,3,0x90,0x90,0x00,0x00,,,,,"Set torque = 0"
504381,TX,0x201,3,0x90,0x90,0x00,0x00,,,,,"Set torque = 0"
504405,RX,0x181,6,0x40,0x40,0x11,0x43,0x80,0x00,0x0B,,"Status word = 0x4311"
504412,RX,0x181,4,0x30,0x30,0x00,0x00,0x01,,,,"Speed feedback = 0 rpm"
504419,TX,0x201,3,0x90,0x90,0x00,0x00,,,,,"Set torque = 0"
504446,TX,0x201,3,0x90,0x90,0x00,0x00,,,,,"Set torque = 0"
504472,TX,0x201,3,0x90,0x90,0x00,0x00,,,,,"Set torque = 0"
504498,TX,0x201,3,0x90,0x90,0x00,0x00,,,,,"Set torque = 0"
504505,RX,0x181,6,0x40,0x40,0x11,0x43,0x80,0x00,0x0B,,"Status word = 0x4311"
504512,RX,0x181,4,0x30,0x30,0x00,0x00,0x01,,,,"Speed feedback = 0 rpm"
504524,TX,0x201,3,0x90,0x90,0x00,0x00,,,,,"Set torque = 0"
504550,TX,0x201,3,0x90,0x90,0x00,0x00,,,,,"Set torque = 0"
504577,TX,0x201,3,0x90,0x90,0x00,0x00,,,,,"Set torque = 0"
504603,TX,0x201,3,0x90,0x90,0x00,0x00,,,,,"Set torque = 0"
504609,RX,0x181,6,0x40,0x40,0x11,0x43,0x80,0x00,0x0B,,"Status word = 0x4311"
504616,RX,0x181,4,0x30,0x30,0x00,0x00,0x01,,,,"Speed feedback = 0 rpm"
504629,TX,0x201,3,0x90,0x90,0x00,0x00,,,,,"Set torque = 0"
504655,TX,0x201,3,0x90,0x90,0x00,0x00,,,,,"Set torque = 0"
504681,TX,0x201,3,0x90,0x90,0x00,0x00,,,,,"Set torque = 0"
504705,RX,0x181,6,0x40,0x40,0x11,0x43,0x80,0x00,0x0B,,"Status word = 0x4311"
504711,TX,0x201,3,0x90,0x90,0x00,0x00,,,,,"Set torque = 0"
504719,RX,0x181,4,0x30,0x30,0x00,0x00,0x01,,,,"Speed feedback = 0 rpm"
504739,TX,0x201,3,0x90,0x90,0x00,0x00,,,,,"Set torque = 0"
504765,TX,0x201,3,0x90,0x90,0x00,0x00,,,,,"Set torque = 0"
504791,TX,0x201,3,0x90,0x90,0x00,0x00,,,,,"Set torque = 0"
504804,RX,0x181,6,0x40,0x40,0x11,0x43,0x80,0x00,0x0B,,"Status word = 0x4311"
504811,RX,0x181,4,0x30,0x30,0x00,0x00,0x01,,,,"Speed feedback = 0 rpm"
504818,TX,0x201,3,0x90,0x90,0x00,0x00,,,,,"Set torque = 0"
504845,TX,0x201,3,0x90,0x90,0x00,0x00,,,,,"Set torque = 0"
504871,TX,0x201,3,0x90,0x90,0x00,0x00,,,,,"Set torque = 0"
504898,TX,0x201,3,0x90,0x90,0x00,0x00,,,,,"Set torque = 0"
504904,RX,0x181,6,0x40,0x40,0x11,0x43,0x80,0x00,0x0B,,"Status word = 0x4311"
504911,RX,0x181,4,0x30,0x30,0x00,0x00,0x01,,,,"Speed feedback = 0 rpm"
504924,TX,0x201,3,0x90,0x90,0x00,0x00,,,,,"Set torque = 0"
504950,TX,0x201,3,0x90,0x90,0x00,0x00,,,,,"Set torque = 0"
504976,TX,0x201,3,0x90,0x90,0x00,0x00,,,,,"Set torque = 0"
505002,TX,0x201,3,0x90,0x90,0x00,0x00,,,,,"Set torque = 0"
505008,RX,0x181,6,0x40,0x40,0x11,0x43,0x80,0x00,0x0B,,"Status word = 0x4311"
505015,RX,0x181,4,0x30,0x30,0x00,0x00,0x01,,,,"Speed feedback = 0 rpm"
505028,TX,0x201,3,0x90,0x90,0x00,0x00,,,,,"Set torque = 0"
505054,TX,0x201,3,0x90,0x90,0x00,0x00,,,,,"Set torque = 0"
505080,TX,0x201,3,0x90,0x90,0x00,0x00,,,,,"Set torque = 0"
505104,RX,0x181,6,0x40,0x40,0x11,0x43,0x80,0x00,0x0B,,"Status word = 0x4311"
505111,TX,0x201,3,0x90,0x90,0x00,0x00,,,,,"Set torque = 0"
505118,RX,0x181,4,0x30,0x30,0x00,0x00,0x01,,,,"Speed feedback = 0 rpm"
505138,TX,0x201,3,0x90,0x90,0x00,0x00,,,,,"Set torque = 0"
505164,TX,0x201,3,0x90,0x90,0x00,0x00,,,,,"Set torque = 0"
505190,TX,0x201,3,0x90,0x90,0x00,0x00,,,,,"Set torque = 0"
505204,RX,0x181,6,0x40,0x40,0x11,0x43,0x80,0x00,0x0B,,"Status word = 0x4311"
505211,RX,0x181,4,0x30,0x30,0x00,0x00,0x01,,,,"Speed feedback = 0 rpm"
505218,TX,0x201,3,0x90,0x90,0x00,0x00,,,,,"Set torque = 0"
505244,TX,0x201,3,0x90,0x90,0x00,0x00,,,,,"Set torque = 0"
505270,TX,0x201,3,0x90,0x90,0x00,0x00,,,,,"Set torque = 0"
505296,TX,0x201,3,0x90,0x90,0x00,0x00,,,,,"Set torque = 0"
505304,RX,0x181,6,0x40,0x40,0x11,0x43,0x80,0x00,0x0B,,"Status word = 0x4311"
505311,RX,0x181,4,0x30,0x30,0x00,0x00,0x01,,,,"Speed feedback = 0 rpm"
505322,TX,0x201,3,0x90,0x90,0x00,0x00,,,,,"Set torque = 0"
505349,TX,0x201,3,0x90,0x90,0x00,0x00,,,,,"Set torque = 0"
505375,TX,0x201,3,0x90,0x90,0x00,0x00,,,,,"Set torque = 0"
505401,TX,0x201,3,0x90,0x90,0x00,0x00,,,,,"Set torque = 0"
505407,RX,0x181,6,0x40,0x40,0x11,0x43,0x80,0x00,0x0B,,"Status word = 0x4311"
505414,RX,0x181,4,0x30,0x30,0x00,0x00,0x01,,,,"Speed feedback = 0 rpm"
505427,TX,0x201,3,0x90,0x90,0x00,0x00,,,,,"Set torque = 0"
505453,TX,0x201,3,0x90,0x90,0x00,0x00,,,,,"Set torque = 0"
505479,TX,0x201,3,0x90,0x90,0x00,0x00,,,,,"Set torque = 0"
505503,RX,0x181,6,0x40,0x40,0x11,0x43,0x80,0x00,0x0B,,"Status word = 0x4311"
505510,RX,0x181,4,0x30,0x30,0x00,0x00,0x01,,,,"Speed feedback = 0 rpm"
505517,TX,0x201,3,0x90,0x90,0x00,0x00,,,,,"Set torque = 0"
505544,TX,0x201,3,0x90,0x90,0x00,0x00,,,,,"Set torque = 0"
505570,TX,0x201,3,0x90,0x90,0x00,0x00,,,,,"Set torque = 0"
505596,TX,0x201,3,0x90,0x90,0x00,0x00,,,,,"Set torque = 0"
505603,RX,0x181,6,0x40,0x40,0x11,0x43,0x80,0x00,0x0B,,"Status word = 0x4311"
505610,RX,0x181,4,0x30,0x30,0x00,0x00,0x01,,,,"Speed feedback = 0 rpm"
505622,TX,0x201,3,0x90,0x90,0x00,0x00,,,,,"Set torque = 0"
505648,TX,0x201,3,0x90,0x90,0x00,0x00,,,,,"Set torque = 0"
505675,TX,0x201,3,0x90,0x90,0x00,0x00,,,,,"Set torque = 0"
505701,TX,0x201,3,0x90,0x90,0x00,0x00,,,,,"Set torque = 0"
505707,RX,0x181,6,0x40,0x40,0x11,0x43,0x80,0x00,0x0B,,"Status word = 0x4311"
505714,RX,0x181,4,0x30,0x30,0x00,0x00,0x01,,,,"Speed feedback = 0 rpm"
505727,TX,0x201,3,0x90,0x90,0x00,0x00,,,,,"Set torque = 0"
505753,TX,0x201,3,0x90,0x90,0x00,0x00,,,,,"Set torque = 0"
505779,TX,0x201,3,0x90,0x90,0x00,0x00,,,,,"Set torque = 0"
505803,RX,0x181,6,0x40,0x40,0x11,0x43,0x80,0x00,0x0B,,"Status word = 0x4311"
505810,TX,0x201,3,0x90,0x90,0x00,0x00,,,,,"Set torque = 0"
505817,RX,0x181,4,0x30,0x30,0x00,0x00,0x01,,,,"Speed feedback = 0 rpm"
505837,TX,0x201,3,0x90,0x90,0x00,0x00,,,,,"Set torque = 0"
505863,TX,0x201,3,0x90,0x90,0x00,0x00,,,,,"Set torque = 0"
505889,TX,0x201,3,0x90,0x90,0x00,0x00,,,,,"Set torque = 0"
505903,RX,0x181,6,0x40,0x40,0x11,0x43,0x80,0x00,0x0B,,"Status word = 0x4311"
505910,RX,0x181,4,0x30,0x30,0x00,0x00,0x01,,,,"Speed feedback = 0 rpm"
505916,TX,0x201,3,0x90,0x90,0x00,0x00,,,,,"Set torque = 0"
505943,TX,0x201,3,0x90,0x90,0x00,0x00,,,,,"Set torque = 0"
505969,TX,0x201,3,0x90,0x90,0x00,0x00,,,,,"Set torque = 0"
505996,TX,0x201,3,0x90,0x90,0x00,0x00,,,,,"Set torque = 0"
506003,RX,0x181,6,0x40,0x40,0x11,0x43,0x80,0x00,0x0B,,"Status word = 0x4311"
506009,RX,0x181,4,0x30,0x30,0x00,0x00,0x01,,,,"Speed feedback = 0 rpm"
506022,TX,0x201,3,0x90,0x90,0x00,0x00,,,,,"Set torque = 0"
506048,TX,0x201,3,0x90,0x90,0x00,0x00,,,,,"Set torque = 0"
506074,TX,0x201,3,0x90,0x90,0x00,0x00,,,,,"Set torque = 0"
506100,TX,0x201,3,0x90,0x90,0x00,0x00,,,,,"Set torque = 0"
506106,RX,0x181,6,0x40,0x40,0x11,0x43,0x80,0x00,0x0B,,"Status word = 0x4311"
506113,RX,0x181,4,0x30,0x30,0x00,0x00,0x01,,,,"Speed feedback = 0 rpm"
506126,TX,0x201,3,0x90,0x90,0x00,0x00,,,,,"Set torque = 0"
506152,TX,0x201,3,0x90,0x90,0x00,0x00,,,,,"Set torque = 0"
506178,TX,0x201,3,0x90,0x90,0x00,0x00,,,,,"Set torque = 0"
506202,RX,0x181,6,0x40,0x40,0x11,0x43,0x80,0x00,0x0B,,"Status word = 0x4311"
506209,TX,0x201,3,0x90,0x90,0x00,0x00,,,,,"Set torque = 0"
506216,RX,0x181,4,0x30,0x30,0x00,0x00,0x01,,,,"Speed feedback = 0 rpm"
506236,TX,0x201,3,0x90,0x90,0x00,0x00,,,,,"Set torque = 0"
506262,TX,0x201,3,0x90,0x90,0x00,0x00,,,,,"Set torque = 0"
506288,TX,0x201,3,0x90,0x90,0x00,0x00,,,,,"Set torque = 0"
506302,RX,0x181,6,0x40,0x40,0x11,0x43,0x80,0x00,0x0B,,"Status word = 0x4311"
506309,RX,0x181,4,0x30,0x30,0x00,0x00,0x01,,,,"Speed feedback = 0 rpm"
506316,TX,0x201,3,0x90,0x90,0x00,0x00,,,,,"Set torque = 0"
506343,TX,0x201,3,0x90,0x90,0x00,0x00,,,,,"Set torque = 0"
506369,TX,0x201,3,0x90,0x90,0x00,0x00,,,,,"Set torque = 0"
506395,TX,0x201,3,0x90,0x90,0x00,0x00,,,,,"Set torque = 0"
506402,RX,0x181,6,0x40,0x40,0x11,0x43,0x80,0x00,0x0B,,"Status word = 0x4311"
506409,RX,0x181,4,0x30,0x30,0x00,0x00,0x01,,,,"Speed feedback = 0 rpm"
506421,TX,0x201,3,0x90,0x90,0x00,0x00,,,,,"Set torque = 0"
506448,TX,0x201,3,0x90,0x90,0x00,0x00,,,,,"Set torque = 0"
506474,TX,0x201,3,0x90,0x90,0x00,0x00,,,,,"Set torque = 0"
506500,TX,0x201,3,0x90,0x90,0x00,0x00,,,,,"Set torque = 0"
506506,RX,0x181,6,0x40,0x40,0x11,0x43,0x80,0x00,0x0B,,"Status word = 0x4311"
506513,RX,0x181,4,0x30,0x30,0x00,0x00,0x01,,,,"Speed feedback = 0 rpm"
506526,TX,0x201,3,0x90,0x90,0x00,0x00,,,,,"Set torque = 0"
506552,TX,0x201,3,0x90,0x90,0x00,0x00,,,,,"Set torque = 0"
506578,TX,0x201,3,0x90,0x90,0x00,0x00,,,,,"Set torque = 0"
506602,RX,0x181,6,0x40,0x40,0x11,0x43,0x80,0x00,0x0B,,"Status word = 0x4311"
506609,RX,0x181,4,0x30,0x30,0x00,0x00,0x01,,,,"Speed feedback = 0 rpm"
506617,TX,0x201,3,0x90,0x90,0x00,0x00,,,,,"Set torque = 0"
506644,TX,0x201,3,0x90,0x90,0x00,0x00,,,,,"Set torque = 0"
506670,TX,0x201,3,0x90,0x90,0x00,0x00,,,,,"Set torque = 0"
506696,TX,0x201,3,0x90,0x90,0x00,0x00,,,,,"Set torque = 0"
506702,RX,0x181,6,0x40,0x40,0x11,0x43,0x80,0x00,0x0B,,"Status word = 0x4311"
506709,RX,0x181,4,0x30,0x30,0x00,0x00,0x01,,,,"Speed feedback = 0 rpm"
506722,TX,0x201,3,0x90,0x90,0x00,0x00,,,,,"Set torque = 0"
506748,TX,0x201,3,0x90,0x90,0x00,0x00,,,,,"Set torque = 0"
506775,TX,0x201,3,0x90,0x90,0x00,0x00,,,,,"Set torque = 0"
506801,TX,0x201,3,0x90,0x90,0x00,0x00,,,,,"Set torque = 0"
506807,RX,0x181,6,0x40,0x40,0x11,0x43,0x80,0x00,0x0B,,"Status word = 0x4311"
506814,RX,0x181,4,0x30,0x30,0x00,0x00,0x01,,,,"Speed feedback = 0 rpm"
506827,TX,0x201,3,0x90,0x90,0x00,0x00,,,,,"Set torque = 0"
506853,TX,0x201,3,0x90,0x90,0x00,0x00,,,,,"Set torque = 0"
506879,TX,0x201,3,0x90,0x90,0x00,0x00,,,,,"Set torque = 0"
506901,RX,0x181,6,0x40,0x40,0x11,0x43,0x80,0x00,0x0B,,"Status word = 0x4311"
506908,TX,0x201,3,0x90,0x90,0x00,0x00,,,,,"Set torque = 0"
506915,RX,0x181,4,0x30,0x30,0x00,0x00,0x01,,,,"Speed feedback = 0 rpm"
506935,TX,0x201,3,0x90,0x90,0x00,0x00,,,,,"Set torque = 0"
506961,TX,0x201,3,0x90,0x90,0x00,0x00,,,,,"Set torque = 0"
506987,TX,0x201,3,0x90,0x90,0x00,0x00,,,,,"Set torque = 0"
507001,RX,0x181,6,0x40,0x40,0x11,0x43,0x80,0x00,0x0B,,"Status word = 0x4311"
507008,RX,0x181,4,0x30,0x30,0x00,0x00,0x01,,,,"Speed feedback = 0 rpm"
507015,TX,0x201,3,0x90,0x90,0x00,0x00,,,,,"Set torque = 0"
507041,TX,0x201,3,0x90,0x90,0x00,0x00,,,,,"Set torque = 0"
507067,TX,0x201,3,0x90,0x90,0x00,0x00,,,,,"Set torque = 0"
507094,TX,0x201,3,0x90,0x90,0x00,0x00,,,,,"Set torque = 0"
507101,RX,0x181,6,0x40,0x40,0x11,0x43,0x80,0x00,0x0B,,"Status word = 0x4311"
507108,RX,0x181,4,0x30,0x30,0x00,0x00,0x01,,,,"Speed feedback = 0 rpm"
507118,TX,0x201,3,0x90,0x90,0x00,0x00,,,,,"Set torque = 0"
507144,TX,0x201,3,0x90,0x90,0x00,0x00,,,,,"Set torque = 0"
507170,TX,0x201,3,0x90,0x90,0x00,0x00,,,,,"Set torque = 0"
507196,TX,0x201,3,0x90,0x90,0x00,0x00,,,,,"Set torque = 0"
507202,RX,0x181,6,0x40,0x40,0x11,0x43,0x80,0x00,0x0B,,"Status word = 0x4311"
507209,RX,0x181,4,0x30,0x30,0x00,0x00,0x01,,,,"Speed feedback = 0 rpm"
507222,TX,0x201,3,0x90,0x90,0x00,0x00,,,,,"Set torque = 0"
507248,TX,0x201,3,0x90,0x90,0x8E,0x01,,,,,"Set torque = 398"
507274,TX,0x201,3,0x90,0x90,0x00,0x00,,,,,"Set torque = 0"
507300,TX,0x201,3,0x90,0x90,0xAA,0x04,,,,,"Set torque = 1194"
507306,RX,0x181,6,0x40,0x40,0x11,0x43,0x80,0x00,0x0B,,"Status word = 0x4311"
507313,RX,0x181,4,0x30,0x30,0x00,0x00,0x01,,,,"Speed feedback = 0 rpm"
507326,TX,0x201,3,0x90,0x90,0xD3,0x03,,,,,"Set torque = 979"
507352,TX,0x201,3,0x90,0x90,0x59,0x03,,,,,"Set torque = 857"
507378,TX,0x201,3,0x90,0x90,0x24,0x05,,,,,"Set torque = 1316"
507400,RX,0x181,6,0x40,0x40,0x11,0x41,0x80,0x00,0x0B,,"Status word = 0x4111"
507407,TX,0x201,3,0x90,0x90,0x06,0x05,,,,,"Set torque = 1286"
507414,RX,0x181,4,0x30,0x30,0x9F,0x00,0x01,,,,"Speed feedback = 159 rpm"
507434,TX,0x201,3,0x90,0x90,0x78,0x03,,,,,"Set torque = 888"
507460,TX,0x201,3,0x90,0x90,0xF2,0x03,,,,,"Set torque = 1010"
507486,TX,0x201,3,0x90,0x90,0x4E,0x04,,,,,"Set torque = 1102"
507500,RX,0x181,6,0x40,0x40,0x11,0x41,0x80,0x02,0x0B,,"Status word = 0x4111"
507507,RX,0x181,4,0x30,0x30,0x46,0x03,0x01,,,,"Speed feedback = 838 rpm"
507514,TX,0x201,3,0x90,0x90,0x43,0x05,,,,,"Set torque = 1347"
507541,TX,0x201,3,0x90,0x90,0x59,0x03,,,,,"Set torque = 857"
507567,TX,0x201,3,0x90,0x90,0xC8,0x04,,,,,"Set torque = 1224"
507593,TX,0x201,3,0x90,0x90,0x75,0x06,,,,,"Set torque = 1653"
507600,RX,0x181,6,0x40,0x40,0x11,0x41,0x80,0x02,0x0B,,"Status word = 0x4111"
507607,RX,0x181,4,0x30,0x30,0x05,0x07,0x01,,,,"Speed feedback = 1797 rpm"
507619,TX,0x201,3,0x90,0x90,0x5F,0x08,,,,,"Set torque = 2143"
507645,TX,0x201,3,0x90,0x90,0x6A,0x07,,,,,"Set torque = 1898"
507671,TX,0x201,3,0x90,0x90,0x22,0x08,,,,,"Set torque = 2082"
507697,TX,0x201,3,0x90,0x90,0x94,0x06,,,,,"Set torque = 1684"
507704,RX,0x181,6,0x40,0x40,0x11,0x41,0x80,0x02,0x0B,,"Status word = 0x4111"
507710,RX,0x181,4,0x30,0x30,0xB3,0x0B,0x01,,,,"Speed feedback = 2995 rpm"
507724,TX,0x201,3,0x90,0x90,0x41,0x08,,,,,"Set torque = 2113"
507750,TX,0x201,3,0x90,0x90,0xDC,0x05,,,,,"Set torque = 1500"
507776,TX,0x201,3,0x90,0x90,0x80,0x05,,,,,"Set torque = 1408"
507800,RX,0x181,6,0x40,0x40,0x11,0x41,0xA0,0x02,0x0B,,"Status word = 0x4111"
507806,TX,0x201,3,0x90,0x90,0xB2,0x06,,,,,"Set torque = 1714"
507813,RX,0x181,4,0x30,0x30,0xFA,0x0E,0x01,,,,"Speed feedback = 3834 rpm"
507833,TX,0x201,3,0x90,0x90,0x6A,0x07,,,,,"Set torque = 1898"
507860,TX,0x201,3,0x90,0x90,0x0E,0x07,,,,,"Set torque = 1806"
507886,TX,0x201,3,0x90,0x90,0xBD,0x05,,,,,"Set torque = 1469"
507900,RX,0x181,6,0x40,0x40,0x11,0x41,0x80,0x02,0x0B,,"Status word = 0x4111"
507906,RX,0x181,4,0x30,0x30,0xD0,0x13,0x01,,,,"Speed feedback = 5072 rpm"
507913,TX,0x201,3,0x90,0x90,0xB2,0x06,,,,,"Set torque = 1714"
507940,TX,0x201,3,0x90,0x90,0xB2,0x06,,,,,"Set torque = 1714"
507966,TX,0x201,3,0x90,0x90,0xA7,0x07,,,,,"Set torque = 1959"
507992,TX,0x201,3,0x90,0x90,0x57,0x06,,,,,"Set torque = 1623"
507999,RX,0x181,6,0x40,0x40,0x11,0x41,0xA0,0x02,0x0B,,"Status word = 0x4111"
508007,RX,0x181,4,0x30,0x30,0x66,0x17,0x01,,,,"Speed feedback = 5990 rpm"
508018,TX,0x201,3,0x90,0x90,0x57,0x06,,,,,"Set torque = 1623"
508044,TX,0x201,3,0x90,0x90,0x5F,0x08,,,,,"Set torque = 2143"
508070,TX,0x201,3,0x90,0x90,0xDE,0x02,,,,,"Set torque = 734"
508096,TX,0x201,3,0x90,0x90,0x43,0x05,,,,,"Set torque = 1347"
508102,RX,0x181,6,0x40,0x40,0x11,0x41,0xA0,0x02,0x0B,,"Status word = 0x4111"
508109,RX,0x181,4,0x30,0x30,0xAD,0x1A,0x01,,,,"Speed feedback = 6829 rpm"
508122,TX,0x201,3,0x90,0x90,0xCB,0x01,,,,,"Set torque = 459"
508148,TX,0x201,3,0x90,0x90,0x8B,0x04,,,,,"Set torque = 1163"
508175,TX,0x201,3,0x90,0x90,0x8B,0x04,,,,,"Set torque = 1163"
508199,RX,0x181,6,0x40,0x40,0x11,0x41,0xA0,0x02,0x0B,,"Status word = 0x4111"
508206,TX,0x201,3,0x90,0x90,0x11,0x04,,,,,"Set torque = 1041"
508213,RX,0x181,4,0x30,0x30,0x64,0x1C,0x01,,,,"Speed feedback = 7268 rpm"
508233,TX,0x201,3,0x90,0x90,0x75,0x06,,,,,"Set torque = 1653"
508259,TX,0x201,3,0x90,0x90,0x4E,0x04,,,,,"Set torque = 1102"
508285,TX,0x201,3,0x90,0x90,0x11,0x04,,,,,"Set torque = 1041"
508299,RX,0x181,6,0x40,0x40,0x11,0x41,0x80,0x02,0x0B,,"Status word = 0x4111"
508306,RX,0x181,4,0x30,0x30,0x8C,0x1C,0x01,,,,"Speed feedback = 7308 rpm"
508313,TX,0x201,3,0x90,0x90,0x1C,0x03,,,,,"Set torque = 796"
508340,TX,0x201,3,0x90,0x90,0xFD,0x02,,,,,"Set torque = 765"
508366,TX,0x201,3,0x90,0x90,0x24,0x05,,,,,"Set torque = 1316"
508392,TX,0x201,3,0x90,0x90,0x00,0x00,,,,,"Set torque = 0"
508399,RX,0x181,6,0x40,0x40,0x11,0x41,0x80,0x02,0x0B,,"Status word = 0x4111"
508406,RX,0x181,4,0x30,0x30,0x8C,0x1C,0x01,,,,"Speed feedback = 7308 rpm"
508418,TX,0x201,3,0x90,0x90,0xA1,0x02,,,,,"Set torque = 673"
508444,TX,0x201,3,0x90,0x90,0x59,0x03,,,,,"Set torque = 857"
508470,TX,0x201,3,0x90,0x90,0x6F,0x01,,,,,"Set torque = 367"
508497,TX,0x201,3,0x90,0x90,0xC0,0x02,,,,,"Set torque = 704"
508503,RX,0x181,6,0x40,0x40,0x11,0x41,0xA0,0x02,0x0B,,"Status word = 0x4111"
508510,RX,0x181,4,0x30,0x30,0x25,0x1B,0x01,,,,"Speed feedback = 6949 rpm"
508523,TX,0x201,3,0x90,0x90,0xC0,0x02,,,,,"Set torque = 704"
508549,TX,0x201,3,0x90,0x90,0x59,0x03,,,,,"Set torque = 857"
508575,TX,0x201,3,0x90,0x90,0x59,0x03,,,,,"Set torque = 857"
508598,RX,0x181,6,0x40,0x40,0x11,0x41,0xA0,0x02,0x0B,,"Status word = 0x4111"
508605,TX,0x201,3,0x90,0x90,0x1C,0x03,,,,,"Set torque = 796"
508612,RX,0x181,4,0x30,0x30,0x85,0x1A,0x01,,,,"Speed feedback = 6789 rpm"
508632,TX,0x201,3,0x90,0x90,0x9F,0x05,,,,,"Set torque = 1439"
508658,TX,0x201,3,0x90,0x90,0x32,0x01,,,,,"Set torque = 306"
508684,TX,0x201,3,0x90,0x90,0x3D,0x00,,,,,"Set torque = 61"
508698,RX,0x181,6,0x40,0x40,0x11,0x41,0xA0,0x02,0x0B,,"Status word = 0x4111"
508705,RX,0x181,4,0x30,0x30,0xC4,0x1B,0x01,,,,"Speed feedback = 7108 rpm"
508712,TX,0x201,3,0x90,0x90,0xC0,0x02,,,,,"Set torque = 704"
508739,TX,0x201,3,0x90,0x90,0x00,0x00,,,,,"Set torque = 0"
508765,TX,0x201,3,0x90,0x90,0x83,0x02,,,,,"Set torque = 643"
508792,TX,0x201,3,0x90,0x90,0xE9,0x01,,,,,"Set torque = 489"
508798,RX,0x181,6,0x40,0x40,0x11,0x41,0xA0,0x02,0x0B,,"Status word = 0x4111"
508805,RX,0x181,4,0x30,0x30,0xAD,0x1A,0x01,,,,"Speed feedback = 6829 rpm"
508818,TX,0x201,3,0x90,0x90,0x8E,0x01,,,,,"Set torque = 398"
508844,TX,0x201,3,0x90,0x90,0x3D,0x00,,,,,"Set torque = 61"
508870,TX,0x201,3,0x90,0x90,0xDE,0x02,,,,,"Set torque = 734"
508896,TX,0x201,3,0x90,0x90,0xE9,0x01,,,,,"Set torque = 489"
508902,RX,0x181,6,0x40,0x40,0x11,0x41,0x80,0x02,0x0B,,"Status word = 0x4111"
508909,RX,0x181,4,0x30,0x30,0x95,0x19,0x01,,,,"Speed feedback = 6549 rpm"
508922,TX,0x201,3,0x90,0x90,0x8E,0x01,,,,,"Set torque = 398"
508948,TX,0x201,3,0x90,0x90,0xCB,0x01,,,,,"Set torque = 459"
508974,TX,0x201,3,0x90,0x90,0x3A,0x03,,,,,"Set torque = 826"
508998,RX,0x181,6,0x40,0x40,0x11,0x41,0x80,0x02,0x0B,,"Status word = 0x4111"
509005,TX,0x201,3,0x90,0x90,0x64,0x02,,,,,"Set torque = 612"
509011,RX,0x181,4,0x30,0x30,0x66,0x17,0x01,,,,"Speed feedback = 5990 rpm"
509031,TX,0x201,3,0x90,0x90,0x83,0x02,,,,,"Set torque = 643"
509057,TX,0x201,3,0x90,0x90,0xAC,0x01,,,,,"Set torque = 428"
509083,TX,0x201,3,0x90,0x90,0x64,0x02,,,,,"Set torque = 612"
509098,RX,0x181,6,0x40,0x40,0x11,0x41,0xA0,0x02,0x0B,,"Status word = 0x4111"
509105,RX,0x181,4,0x30,0x30,0x56,0x18,0x01,,,,"Speed feedback = 6230 rpm"
509111,TX,0x201,3,0x90,0x90,0x78,0x03,,,,,"Set torque = 888"
509138,TX,0x201,3,0x90,0x90,0x1C,0x03,,,,,"Set torque = 796"
509164,TX,0x201,3,0x90,0x90,0x13,0x01,,,,,"Set torque = 275"
509190,TX,0x201,3,0x90,0x90,0x27,0x02,,,,,"Set torque = 551"
509197,RX,0x181,6,0x40,0x40,0x11,0x41,0xA0,0x02,0x0B,,"Status word = 0x4111"
509204,RX,0x181,4,0x30,0x30,0x6D,0x19,0x01,,,,"Speed feedback = 6509 rpm"
509216,TX,0x201,3,0x90,0x90,0x45,0x02,,,,,"Set torque = 581"
509243,TX,0x201,3,0x90,0x90,0x8E,0x01,,,,,"Set torque = 398"
509269,TX,0x201,3,0x90,0x90,0x99,0x00,,,,,"Set torque = 153"
509295,TX,0x201,3,0x90,0x90,0xA1,0x02,,,,,"Set torque = 673"
509301,RX,0x181,6,0x40,0x40,0x11,0x41,0x80,0x02,0x0B,,"Status word = 0x4111"
509308,RX,0x181,4,0x30,0x30,0x56,0x18,0x01,,,,"Speed feedback = 6230 rpm"
509321,TX,0x201,3,0x90,0x90,0x3D,0x00,,,,,"Set torque = 61"
509347,TX,0x201,3,0x90,0x90,0xA1,0x02,,,,,"Set torque = 673"
509373,TX,0x201,3,0x90,0x90,0xF4,0x00,,,,,"Set torque = 244"
509397,RX,0x181,6,0x40,0x40,0x11,0x41,0x80,0x02,0x0B,,"Status word = 0x4111"
509404,RX,0x181,4,0x30,0x30,0x77,0x16,0x01,,,,"Speed feedback = 5751 rpm"
509411,TX,0x201,3,0x90,0x90,0xC0,0x02,,,,,"Set torque = 704"
509438,TX,0x201,3,0x90,0x90,0x64,0x02,,,,,"Set torque = 612"
509464,TX,0x201,3,0x90,0x90,0x00,0x00,,,,,"Set torque = 0"
509490,TX,0x201,3,0x90,0x90,0x96,0x03,,,,,"Set torque = 918"
509497,RX,0x181,6,0x40,0x40,0x11,0x41,0x80,0x02,0x0B,,"Status word = 0x4111"
509504,RX,0x181,4,0x30,0x30,0x5F,0x15,0x01,,,,"Speed feedback = 5471 rpm"
509516,TX,0x201,3,0x90,0x90,0x83,0x02,,,,,"Set torque = 643"
509542,TX,0x201,3,0x90,0x90,0x13,0x01,,,,,"Set torque = 275"
509569,TX,0x201,3,0x90,0x90,0x64,0x02,,,,,"Set torque = 612"
509595,TX,0x201,3,0x90,0x90,0xA1,0x02,,,,,"Set torque = 673"
509601,RX,0x181,6,0x40,0x40,0x11,0x41,0x80,0x02,0x0B,,"Status word = 0x4111"
509608,RX,0x181,4,0x30,0x30,0x87,0x15,0x01,,,,"Speed feedback = 5511 rpm"
509621,TX,0x201,3,0x90,0x90,0x80,0x05,,,,,"Set torque = 1408"
509647,TX,0x201,3,0x90,0x90,0xDE,0x02,,,,,"Set torque = 734"
509673,TX,0x201,3,0x90,0x90,0xB5,0x03,,,,,"Set torque = 949"
509697,RX,0x181,6,0x40,0x40,0x11,0x41,0x80,0x02,0x0B,,"Status word = 0x4111"
509703,TX,0x201,3,0x90,0x90,0x1C,0x03,,,,,"Set torque = 796"
509711,RX,0x181,4,0x30,0x30,0x87,0x15,0x01,,,,"Speed feedback = 5511 rpm"
509731,TX,0x201,3,0x90,0x90,0x8B,0x04,,,,,"Set torque = 1163"
509757,TX,0x201,3,0x90,0x90,0x45,0x02,,,,,"Set torque = 581"
509783,TX,0x201,3,0x90,0x90,0x27,0x02,,,,,"Set torque = 551"
509796,RX,0x181,6,0x40,0x40,0x11,0x41,0x80,0x02,0x0B,,"Status word = 0x4111"
509803,RX,0x181,4,0x30,0x30,0x8E,0x17,0x01,,,,"Speed feedback = 6030 rpm"
509810,TX,0x201,3,0x90,0x90,0xA1,0x02,,,,,"Set torque = 673"
509837,TX,0x201,3,0x90,0x90,0xC0,0x02,,,,,"Set torque = 704"
509863,TX,0x201,3,0x90,0x90,0xF2,0x03,,,,,"Set torque = 1010"
509890,TX,0x201,3,0x90,0x90,0x1C,0x03,,,,,"Set torque = 796"
509896,RX,0x181,6,0x40,0x40,0x11,0x41,0x80,0x02,0x0B,,"Status word = 0x4111"
509903,RX,0x181,4,0x30,0x30,0x16,0x17,0x01,,,,"Speed feedback = 5910 rpm"
509916,TX,0x201,3,0x90,0x90,0xDE,0x02,,,,,"Set torque = 734"
509942,TX,0x201,3,0x90,0x90,0xC0,0x02,,,,,"Set torque = 704"
509968,TX,0x201,3,0x90,0x90,0xDE,0x02,,,,,"Set torque = 734"
509994,TX,0x201,3,0x90,0x90,0xF2,0x03,,,,,"Set torque = 1010"
510000,RX,0x181,6,0x40,0x40,0x11,0x41,0x80,0x02,0x0B,,"Status word = 0x4111"
510007,RX,0x181,4,0x30,0x30,0x7E,0x18,0x01,,,,"Speed feedback = 6270 rpm"
510020,TX,0x201,3,0x90,0x90,0x96,0x03,,,,,"Set torque = 918"
510046,TX,0x201,3,0x90,0x90,0xDE,0x02,,,,,"Set torque = 734"
510072,TX,0x201,3,0x90,0x90,0x64,0x02,,,,,"Set torque = 612"
510096,RX,0x181,6,0x40,0x40,0x11,0x41,0x80,0x02,0x0B,,"Status word = 0x4111"
510103,TX,0x201,3,0x90,0x90,0xA1,0x02,,,,,"Set torque = 673"
510110,RX,0x181,4,0x30,0x30,0x2E,0x18,0x01,,,,"Speed feedback = 6190 rpm"
510130,TX,0x201,3,0x90,0x90,0x96,0x03,,,,,"Set torque = 918"
510156,TX,0x201,3,0x90,0x90,0xD3,0x03,,,,,"Set torque = 979"
510182,TX,0x201,3,0x90,0x90,0xCB,0x01,,,,,"Set torque = 459"
510196,RX,0x181,6,0x40,0x40,0x11,0x41,0xA0,0x02,0x0B,,"Status word = 0x4111"
510203,RX,0x181,4,0x30,0x30,0x6D,0x19,0x01,,,,"Speed feedback = 6509 rpm"
510210,TX,0x201,3,0x90,0x90,0xF2,0x03,,,,,"Set torque = 1010"
510236,TX,0x201,3,0x90,0x90,0x13,0x01,,,,,"Set torque = 275"
510262,TX,0x201,3,0x90,0x90,0xC8,0x04,,,,,"Set torque = 1224"
510288,TX,0x201,3,0x90,0x90,0xAA,0x04,,,,,"Set torque = 1194"
510296,RX,0x181,6,0x40,0x40,0x11,0x41,0xA0,0x02,0x0B,,"Status word = 0x4111"
510303,RX,0x181,4,0x30,0x30,0x5D,0x1A,0x01,,,,"Speed feedback = 6749 rpm"
510314,TX,0x201,3,0x90,0x90,0x3A,0x03,,,,,"Set torque = 826"
510341,TX,0x201,3,0x90,0x90,0x27,0x02,,,,,"Set torque = 551"
510367,TX,0x201,3,0x90,0x90,0x45,0x02,,,,,"Set torque = 581"
510393,TX,0x201,3,0x90,0x90,0x13,0x01,,,,,"Set torque = 275"
510399,RX,0x181,6,0x40,0x40,0x11,0x41,0x80,0x02,0x0B,,"Status word = 0x4111"
510406,RX,0x181,4,0x30,0x30,0xC4,0x1B,0x01,,,,"Speed feedback = 7108 rpm"
510419,TX,0x201,3,0x90,0x90,0x45,0x02,,,,,"Set torque = 581"
510445,TX,0x201,3,0x90,0x90,0xA1,0x02,,,,,"Set torque = 673"
510471,TX,0x201,3,0x90,0x90,0x64,0x02,,,,,"Set torque = 612"
510495,RX,0x181,6,0x40,0x40,0x11,0x41,0x80,0x02,0x0B,,"Status word = 0x4111"
510503,RX,0x181,4,0x30,0x30,0x35,0x1A,0x01,,,,"Speed feedback = 6709 rpm"
510509,TX,0x201,3,0x90,0x90,0x59,0x03,,,,,"Set torque = 857"
510536,TX,0x201,3,0x90,0x90,0x3A,0x03,,,,,"Set torque = 826"
510562,TX,0x201,3,0x90,0x90,0x59,0x03,,,,,"Set torque = 857"
510588,TX,0x201,3,0x90,0x90,0x00,0x00,,,,,"Set torque = 0"
510595,RX,0x181,6,0x40,0x40,0x11,0x41,0x80,0x02,0x0B,,"Status word = 0x4111"
510602,RX,0x181,4,0x30,0x30,0xC4,0x1B,0x01,,,,"Speed feedback = 7108 rpm"
510614,TX,0x201,3,0x90,0x90,0x11,0x04,,,,,"Set torque = 1041"
510640,TX,0x201,3,0x90,0x90,0xC0,0x02,,,,,"Set torque = 704"
510667,TX,0x201,3,0x90,0x90,0xDE,0x02,,,,,"Set torque = 734"
510693,TX,0x201,3,0x90,0x90,0x27,0x02,,,,,"Set torque = 551"
510699,RX,0x181,6,0x40,0x40,0x11,0x41,0x80,0x02,0x0B,,"Status word = 0x4111"
510706,RX,0x181,4,0x30,0x30,0x75,0x1B,0x01,,,,"Speed feedback = 7029 rpm"
510719,TX,0x201,3,0x90,0x90,0xA1,0x02,,,,,"Set torque = 673"
510745,TX,0x201,3,0x90,0x90,0xAC,0x01,,,,,"Set torque = 428"
510771,TX,0x201,3,0x90,0x90,0xE9,0x01,,,,,"Set torque = 489"
510795,RX,0x181,6,0x40,0x40,0x11,0x41,0x80,0x02,0x0B,,"Status word = 0x4111"
510802,TX,0x201,3,0x90,0x90,0x4E,0x04,,,,,"Set torque = 1102"
510809,RX,0x181,4,0x30,0x30,0x25,0x1B,0x01,,,,"Speed feedback = 6949 rpm"
510829,TX,0x201,3,0x90,0x90,0x59,0x03,,,,,"Set torque = 857"
510855,TX,0x201,3,0x90,0x90,0x27,0x02,,,,,"Set torque = 551"
510881,TX,0x201,3,0x90,0x90,0x45,0x02,,,,,"Set torque = 581"
510895,RX,0x181,6,0x40,0x40,0x11,0x41,0x80,0x02,0x0B,,"Status word = 0x4111"
510902,RX,0x181,4,0x30,0x30,0xFD,0x1A,0x01,,,,"Speed feedback = 6909 rpm"
510908,TX,0x201,3,0x90,0x90,0x99,0x00,,,,,"Set torque = 153"
510935,TX,0x201,3,0x90,0x90,0xCB,0x01,,,,,"Set torque = 459"
510961,TX,0x201,3,0x90,0x90,0xFD,0x02,,,,,"Set torque = 765"
510988,TX,0x201,3,0x90,0x90,0x6F,0x01,,,,,"Set torque = 367"
510995,RX,0x181,6,0x40,0x40,0x11,0x41,0x80,0x02,0x0B,,"Status word = 0x4111"
511002,RX,0x181,4,0x30,0x30,0x35,0x1A,0x01,,,,"Speed feedback = 6709 rpm"
511014,TX,0x201,3,0x90,0x90,0x27,0x02,,,,,"Set torque = 551"
511040,TX,0x201,3,0x90,0x90,0x00,0x00,,,,,"Set torque = 0"
511066,TX,0x201,3,0x90,0x90,0x06,0x05,,,,,"Set torque = 1286"
511092,TX,0x201,3,0x90,0x90,0xA1,0x02,,,,,"Set torque = 673"
511098,RX,0x181,6,0x40,0x40,0x11,0x41,0x80,0x02,0x0B,,"Status word = 0x4111"
511105,RX,0x181,4,0x30,0x30,0x85,0x1A,0x01,,,,"Speed feedback = 6789 rpm"
511118,TX,0x201,3,0x90,0x90,0xD6,0x00,,,,,"Set torque = 214"
511144,TX,0x201,3,0x90,0x90,0xE9,0x01,,,,,"Set torque = 489"
511170,TX,0x201,3,0x90,0x90,0x08,0x02,,,,,"Set torque = 520"
511194,RX,0x181,6,0x40,0x40,0x11,0x41,0x80,0x02,0x0B,,"Status word = 0x4111"
511201,TX,0x201,3,0x90,0x90,0x59,0x03,,,,,"Set torque = 857"
511208,RX,0x181,4,0x30,0x30,0x6D,0x19,0x01,,,,"Speed feedback = 6509 rpm"
511228,TX,0x201,3,0x90,0x90,0x59,0x03,,,,,"Set torque = 857"
511254,TX,0x201,3,0x90,0x90,0xCB,0x01,,,,,"Set torque = 459"
511280,TX,0x201,3,0x90,0x90,0xDE,0x02,,,,,"Set torque = 734"
511294,RX,0x181,6,0x40,0x40,0x11,0x41,0x80,0x02,0x0B,,"Status word = 0x4111"
511301,RX,0x181,4,0x30,0x30,0xA6,0x18,0x01,,,,"Speed feedback = 6310 rpm"
511308,TX,0x201,3,0x90,0x90,0xC0,0x02,,,,,"Set torque = 704"
511335,TX,0x201,3,0x90,0x90,0xDE,0x02,,,,,"Set torque = 734"
511361,TX,0x201,3,0x90,0x90,0x19,0x06,,,,,"Set torque = 1561"
511387,TX,0x201,3,0x90,0x90,0xB5,0x03,,,,,"Set torque = 949"
511394,RX,0x181,6,0x40,0x40,0x11,0x41,0x80,0x02,0x0B,,"Status word = 0x4111"
511401,RX,0x181,4,0x30,0x30,0x45,0x19,0x01,,,,"Speed feedback = 6469 rpm"
511413,TX,0x201,3,0x90,0x90,0xE9,0x01,,,,,"Set torque = 489"
511440,TX,0x201,3,0x90,0x90,0x83,0x02,,,,,"Set torque = 643"
511466,TX,0x201,3,0x90,0x90,0xA1,0x02,,,,,"Set torque = 673"
511492,TX,0x201,3,0x90,0x90,0x83,0x02,,,,,"Set torque = 643"
511498,RX,0x181,6,0x40,0x40,0x11,0x41,0x80,0x02,0x0B,,"Status word = 0x4111"
511505,RX,0x181,4,0x30,0x30,0x0D,0x1A,0x01,,,,"Speed feedback = 6669 rpm"
511518,TX,0x201,3,0x90,0x90,0xE9,0x01,,,,,"Set torque = 489"
511544,TX,0x201,3,0x90,0x90,0xB5,0x03,,,,,"Set torque = 949"
511570,TX,0x201,3,0x90,0x90,0x99,0x00,,,,,"Set torque = 153"
511594,RX,0x181,6,0x40,0x40,0x11,0x41,0x80,0x02,0x0B,,"Status word = 0x4111"
511669,RX,0x181,4,0x30,0x30,0x85,0x1A,0x01,,,,"Speed feedback = 6789 rpm"
511676,TX,0x201,3,0x90,0x90,0x83,0x02,,,,,"Set torque = 643"
511693,RX,0x181,6,0x40,0x40,0x11,0x41,0x80,0x02,0x0B,,"Status word = 0x4111"
511700,RX,0x181,4,0x30,0x30,0x8E,0x17,0x01,,,,"Speed feedback = 6030 rpm"
511707,TX,0x201,3,0x90,0x90,0xFD,0x02,,,,,"Set torque = 765"
511734,TX,0x201,3,0x90,0x90,0x64,0x02,,,,,"Set torque = 612"
511760,TX,0x201,3,0x90,0x90,0x8E,0x01,,,,,"Set torque = 398"
511788,TX,0x201,3,0x90,0x90,0x45,0x02,,,,,"Set torque = 581"
511795,RX,0x181,6,0x40,0x40,0x11,0x41,0x80,0x02,0x0B,,"Status word = 0x4111"
511801,RX,0x181,4,0x30,0x30,0x66,0x17,0x01,,,,"Speed feedback = 5990 rpm"
511815,TX,0x201,3,0x90,0x90,0x59,0x03,,,,,"Set torque = 857"
511841,TX,0x201,3,0x90,0x90,0x27,0x02,,,,,"Set torque = 551"
511867,TX,0x201,3,0x90,0x90,0xB7,0x00,,,,,"Set torque = 183"
511893,TX,0x201,3,0x90,0x90,0xA1,0x02,,,,,"Set torque = 673"
511899,RX,0x181,6,0x40,0x40,0x11,0x41,0x80,0x02,0x0B,,"Status word = 0x4111"
511906,RX,0x181,4,0x30,0x30,0x66,0x17,0x01,,,,"Speed feedback = 5990 rpm"
511919,TX,0x201,3,0x90,0x90,0xF4,0x00,,,,,"Set torque = 244"
511946,TX,0x201,3,0x90,0x90,0x1C,0x03,,,,,"Set torque = 796"
511972,TX,0x201,3,0x90,0x90,0xE9,0x01,,,,,"Set torque = 489"
511993,RX,0x181,6,0x40,0x40,0x11,0x41,0x80,0x02,0x0B,,"Status word = 0x4111"
512000,TX,0x201,3,0x90,0x90,0x8E,0x01,,,,,"Set torque = 398"
512007,RX,0x181,4,0x30,0x30,0x56,0x18,0x01,,,,"Speed feedback = 6230 rpm"
512027,TX,0x201,3,0x90,0x90,0x8B,0x04,,,,,"Set torque = 1163"
512118,RX,0x181,6,0x40,0x40,0x11,0x41,0x80,0x02,0x0B,,"Status word = 0x4111"
512124,RX,0x181,4,0x30,0x30,0x8E,0x17,0x01,,,,"Speed feedback = 6030 rpm"
512138,TX,0x201,3,0x90,0x90,0x7A,0x00,,,,,"Set torque = 122"
512165,TX,0x201,3,0x90,0x90,0x99,0x00,,,,,"Set torque = 153"
512191,TX,0x201,3,0x90,0x90,0xAC,0x01,,,,,"Set torque = 428"
512197,RX,0x181,6,0x40,0x40,0x11,0x41,0x80,0x02,0x0B,,"Status word = 0x4111"
512204,RX,0x181,4,0x30,0x30,0x2E,0x18,0x01,,,,"Speed feedback = 6190 rpm"
512217,TX,0x201,3,0x90,0x90,0x08,0x02,,,,,"Set torque = 520"
512243,TX,0x201,3,0x90,0x90,0x32,0x01,,,,,"Set torque = 306"
512269,TX,0x201,3,0x90,0x90,0x64,0x02,,,,,"Set torque = 612"
512293,RX,0x181,6,0x40,0x40,0x11,0x41,0x80,0x02,0x0B,,"Status word = 0x4111"
512299,TX,0x201,3,0x90,0x90,0x45,0x02,,,,,"Set torque = 581"
512306,RX,0x181,4,0x30,0x30,0x06,0x18,0x01,,,,"Speed feedback = 6150 rpm"
512326,TX,0x201,3,0x90,0x90,0x27,0x02,,,,,"Set torque = 551"
512352,TX,0x201,3,0x90,0x90,0xDE,0x02,,,,,"Set torque = 734"
512378,TX,0x201,3,0x90,0x90,0xE9,0x01,,,,,"Set torque = 489"
512392,RX,0x181,6,0x40,0x40,0x11,0x41,0x80,0x02,0x0B,,"Status word = 0x4111"
512399,RX,0x181,4,0x30,0x30,0x16,0x17,0x01,,,,"Speed feedback = 5910 rpm"
512406,TX,0x201,3,0x90,0x90,0xF0,0x06,,,,,"Set torque = 1776"
512433,TX,0x201,3,0x90,0x90,0x6F,0x01,,,,,"Set torque = 367"
512459,TX,0x201,3,0x90,0x90,0x96,0x03,,,,,"Set torque = 918"
512486,TX,0x201,3,0x90,0x90,0x96,0x03,,,,,"Set torque = 918"
512492,RX,0x181,6,0x40,0x40,0x11,0x41,0x80,0x02,0x0B,,"Status word = 0x4111"
512499,RX,0x181,4,0x30,0x30,0xDE,0x17,0x01,,,,"Speed feedback = 6110 rpm"
512597,RX,0x181,6,0x40,0x40,0x11,0x41,0x80,0x02,0x0B,,"Status word = 0x4111"
512604,RX,0x181,4,0x30,0x30,0xCE,0x18,0x01,,,,"Speed feedback = 6350 rpm"
512611,TX,0x201,3,0x90,0x90,0xC0,0x02,,,,,"Set torque = 704"
512637,TX,0x201,3,0x90,0x90,0x6F,0x01,,,,,"Set torque = 367"
512663,TX,0x201,3,0x90,0x90,0x13,0x01,,,,,"Set torque = 275"
512689,TX,0x201,3,0x90,0x90,0xAA,0x04,,,,,"Set torque = 1194"
512696,RX,0x181,6,0x40,0x40,0x11,0x41,0xA0,0x02,0x0B,,"Status word = 0x4111"
512702,RX,0x181,4,0x30,0x30,0x6D,0x19,0x01,,,,"Speed feedback = 6509 rpm"
512716,TX,0x201,3,0x90,0x90,0x83,0x02,,,,,"Set torque = 643"
512742,TX,0x201,3,0x90,0x90,0x99,0x00,,,,,"Set torque = 153"
512768,TX,0x201,3,0x90,0x90,0x96,0x03,,,,,"Set torque = 918"
512792,RX,0x181,6,0x40,0x40,0x11,0x41,0xA0,0x02,0x0B,,"Status word = 0x4111"
512799,TX,0x201,3,0x90,0x90,0x50,0x01,,,,,"Set torque = 336"
512805,RX,0x181,4,0x30,0x30,0x1D,0x19,0x01,,,,"Speed feedback = 6429 rpm"
512825,TX,0x201,3,0x90,0x90,0x1C,0x03,,,,,"Set torque = 796"
512852,TX,0x201,3,0x90,0x90,0xD6,0x00,,,,,"Set torque = 214"
512878,TX,0x201,3,0x90,0x90,0x99,0x00,,,,,"Set torque = 153"
512892,RX,0x181,6,0x40,0x40,0x11,0x41,0x80,0x02,0x0B,,"Status word = 0x4111"
512899,RX,0x181,4,0x30,0x30,0x45,0x19,0x01,,,,"Speed feedback = 6469 rpm"
512905,TX,0x201,3,0x90,0x90,0x13,0x01,,,,,"Set torque = 275"
512932,TX,0x201,3,0x90,0x90,0xFB,0x05,,,,,"Set torque = 1531"
512961,TX,0x201,3,0x90,0x90,0x8E,0x01,,,,,"Set torque = 398"
512987,TX,0x201,3,0x90,0x90,0x83,0x02,,,,,"Set torque = 643"
513086,RX,0x181,6,0x40,0x40,0x11,0x41,0x80,0x02,0x0B,,"Status word = 0x4111"
513092,RX,0x181,6,0x40,0x40,0x11,0x41,0x80,0x02,0x0B,,"Status word = 0x4111"
513099,RX,0x181,4,0x30,0x30,0xB6,0x17,0x01,,,,"Speed feedback = 6070 rpm"
513106,RX,0x181,4,0x30,0x30,0x2E,0x18,0x01,,,,"Speed feedback = 6190 rpm"
513113,TX,0x201,3,0x90,0x90,0x3A,0x03,,,,,"Set torque = 826"
513139,TX,0x201,3,0x90,0x90,0xCB,0x01,,,,,"Set torque = 459"
513165,TX,0x201,3,0x90,0x90,0x1E,0x00,,,,,"Set torque = 30"
513191,TX,0x201,3,0x90,0x90,0x7A,0x00,,,,,"Set torque = 122"
513197,RX,0x181,6,0x40,0x40,0x11,0x41,0x80,0x02,0x0B,,"Status word = 0x4111"
513204,RX,0x181,4,0x30,0x30,0x7E,0x18,0x01,,,,"Speed feedback = 6270 rpm"
513217,TX,0x201,3,0x90,0x90,0xD6,0x00,,,,,"Set torque = 214"
513243,TX,0x201,3,0x90,0x90,0x83,0x02,,,,,"Set torque = 643"
513269,TX,0x201,3,0x90,0x90,0xD6,0x00,,,,,"Set torque = 214"
513291,RX,0x181,6,0x40,0x40,0x11,0x41,0x80,0x02,0x0B,,"Status word = 0x4111"
513298,TX,0x201,3,0x90,0x90,0x00,0x00,,,,,"Set torque = 0"
513305,RX,0x181,4,0x30,0x30,0x87,0x15,0x01,,,,"Speed feedback = 5511 rpm"
513325,TX,0x201,3,0x90,0x90,0xD6,0x00,,,,,"Set torque = 214"
513351,TX,0x201,3,0x90,0x90,0xA1,0x02,,,,,"Set torque = 673"
513378,TX,0x201,3,0x90,0x90,0x99,0x00,,,,,"Set torque = 153"
513391,RX,0x181,6,0x40,0x40,0x11,0x41,0x80,0x02,0x0B,,"Status word = 0x4111"
513398,RX,0x181,4,0x30,0x30,0x0F,0x15,0x01,,,,"Speed feedback = 5391 rpm"
513405,TX,0x201,3,0x90,0x90,0xAC,0x01,,,,,"Set torque = 428"
513431,TX,0x201,3,0x90,0x90,0x13,0x01,,,,,"Set torque = 275"
513457,TX,0x201,3,0x90,0x90,0x83,0x02,,,,,"Set torque = 643"
513547,RX,0x181,6,0x40,0x40,0x11,0x41,0x80,0x02,0x0B,,"Status word = 0x4111"
513553,RX,0x181,4,0x30,0x30,0x30,0x13,0x01,,,,"Speed feedback = 4912 rpm"
513567,TX,0x201,3,0x90,0x90,0x8E,0x01,,,,,"Set torque = 398"
513590,RX,0x181,6,0x40,0x40,0x11,0x41,0x80,0x02,0x0B,,"Status word = 0x4111"
513597,TX,0x201,3,0x90,0x90,0xC0,0x02,,,,,"Set torque = 704"
513604,RX,0x181,4,0x30,0x30,0xE0,0x12,0x01,,,,"Speed feedback = 4832 rpm"
513624,TX,0x201,3,0x90,0x90,0x7A,0x00,,,,,"Set torque = 122"
513650,TX,0x201,3,0x90,0x90,0xDE,0x02,,,,,"Set torque = 734"
513676,TX,0x201,3,0x90,0x90,0xA1,0x02,,,,,"Set torque = 673"
513690,RX,0x181,6,0x40,0x40,0x11,0x41,0x80,0x02,0x0B,,"Status word = 0x4111"
513697,RX,0x181,4,0x30,0x30,0xF8,0x13,0x01,,,,"Speed feedback = 5112 rpm"
513704,TX,0x201,3,0x90,0x90,0x45,0x02,,,,,"Set torque = 581"
513731,TX,0x201,3,0x90,0x90,0xE9,0x01,,,,,"Set torque = 489"
513757,TX,0x201,3,0x90,0x90,0x96,0x03,,,,,"Set torque = 918"
513783,TX,0x201,3,0x90,0x90,0xE9,0x01,,,,,"Set torque = 489"
513790,RX,0x181,6,0x40,0x40,0x11,0x41,0x80,0x02,0x0B,,"Status word = 0x4111"
513797,RX,0x181,4,0x30,0x30,0xF0,0x11,0x01,,,,"Speed feedback = 4592 rpm"
513809,TX,0x201,3,0x90,0x90,0xB7,0x00,,,,,"Set torque = 183"
513835,TX,0x201,3,0x90,0x90,0x59,0x03,,,,,"Set torque = 857"
513861,TX,0x201,3,0x90,0x90,0x83,0x02,,,,,"Set torque = 643"
513887,TX,0x201,3,0x90,0x90,0x96,0x03,,,,,"Set torque = 918"
513894,RX,0x181,6,0x40,0x40,0x11,0x41,0x80,0x02,0x0B,,"Status word = 0x4111"
513900,RX,0x181,4,0x30,0x30,0x68,0x12,0x01,,,,"Speed feedback = 4712 rpm"
513914,TX,0x201,3,0x90,0x90,0x64,0x02,,,,,"Set torque = 612"
514006,RX,0x181,6,0x40,0x40,0x11,0x41,0x80,0x02,0x0B,,"Status word = 0x4111"
514013,RX,0x181,4,0x30,0x30,0x08,0x13,0x01,,,,"Speed feedback = 4872 rpm"
514026,TX,0x201,3,0x90,0x90,0x3A,0x03,,,,,"Set torque = 826"
514052,TX,0x201,3,0x90,0x90,0x00,0x00,,,,,"Set torque = 0"
514078,TX,0x201,3,0x90,0x90,0x27,0x02,,,,,"Set torque = 551"
514090,RX,0x181,6,0x40,0x40,0x11,0x41,0x80,0x02,0x0B,,"Status word = 0x4111"
514097,RX,0x181,4,0x30,0x30,0xA8,0x13,0x01,,,,"Speed feedback = 5032 rpm"
514104,TX,0x201,3,0x90,0x90,0xA1,0x02,,,,,"Set torque = 673"
514130,TX,0x201,3,0x90,0x90,0x13,0x01,,,,,"Set torque = 275"
514156,TX,0x201,3,0x90,0x90,0x64,0x02,,,,,"Set torque = 612"
514182,TX,0x201,3,0x90,0x90,0x1C,0x03,,,,,"Set torque = 796"
514190,RX,0x181,6,0x40,0x40,0x11,0x41,0x80,0x02,0x0B,,"Status word = 0x4111"
514196,RX,0x181,4,0x30,0x30,0x40,0x12,0x01,,,,"Speed feedback = 4672 rpm"
514208,TX,0x201,3,0x90,0x90,0x50,0x01,,,,,"Set torque = 336"
514234,TX,0x201,3,0x90,0x90,0x00,0x00,,,,,"Set torque = 0"
514261,TX,0x201,3,0x90,0x90,0xAC,0x01,,,,,"Set torque = 428"
514287,TX,0x201,3,0x90,0x90,0x50,0x01,,,,,"Set torque = 336"
514293,RX,0x181,6,0x40,0x40,0x11,0x41,0x80,0x02,0x0B,,"Status word = 0x4111"
514300,RX,0x181,4,0x30,0x30,0x18,0x12,0x01,,,,"Speed feedback = 4632 rpm"
514313,TX,0x201,3,0x90,0x90,0x27,0x02,,,,,"Set torque = 551"
514339,TX,0x201,3,0x90,0x90,0xA1,0x02,,,,,"Set torque = 673"
514365,TX,0x201,3,0x90,0x90,0x08,0x02,,,,,"Set torque = 520"
514389,RX,0x181,6,0x40,0x40,0x11,0x41,0x80,0x02,0x0B,,"Status word = 0x4111"
514396,TX,0x201,3,0x90,0x90,0x50,0x01,,,,,"Set torque = 336"
514489,RX,0x181,4,0x30,0x30,0x18,0x12,0x01,,,,"Speed feedback = 4632 rpm"
514496,RX,0x181,4,0x30,0x30,0x89,0x10,0x01,,,,"Speed feedback = 4233 rpm"
514501,RX,0x181,6,0x40,0x40,0x11,0x41,0x80,0x02,0x0B,,"Status word = 0x4111"
514509,TX,0x201,3,0x90,0x90,0x45,0x02,,,,,"Set torque = 581"
514535,TX,0x201,3,0x90,0x90,0x99,0x00,,,,,"Set torque = 153"
514561,TX,0x201,3,0x90,0x90,0xCB,0x01,,,,,"Set torque = 459"
514587,TX,0x201,3,0x90,0x90,0xAC,0x01,,,,,"Set torque = 428"
514593,RX,0x181,6,0x40,0x40,0x11,0x41,0x80,0x02,0x0B,,"Status word = 0x4111"
514600,RX,0x181,4,0x30,0x30,0xD9,0x10,0x01,,,,"Speed feedback = 4313 rpm"
514613,TX,0x201,3,0x90,0x90,0x00,0x00,,,,,"Set torque = 0"
514639,TX,0x201,3,0x90,0x90,0x00,0x00,,,,,"Set torque = 0"
514665,TX,0x201,3,0x90,0x90,0x00,0x00,,,,,"Set torque = 0"
514689,RX,0x181,6,0x40,0x40,0x11,0x41,0x80,0x02,0x0B,,"Status word = 0x4111"
514696,TX,0x201,3,0x90,0x90,0x00,0x00,,,,,"Set torque = 0"
514702,RX,0x181,4,0x30,0x30,0x11,0x10,0x01,,,,"Speed feedback = 4113 rpm"
514722,TX,0x201,3,0x90,0x90,0x00,0x00,,,,,"Set torque = 0"
514748,TX,0x201,3,0x90,0x90,0x00,0x00,,,,,"Set torque = 0"
514774,TX,0x201,3,0x90,0x90,0x00,0x00,,,,,"Set torque = 0"
514789,RX,0x181,6,0x40,0x40,0x11,0x41,0x80,0x02,0x0B,,"Status word = 0x4111"
514796,RX,0x181,4,0x30,0x30,0x1A,0x0D,0x01,,,,"Speed feedback = 3354 rpm"
514802,TX,0x201,3,0x90,0x90,0x00,0x00,,,,,"Set torque = 0"
514829,TX,0x201,3,0x90,0x90,0x00,0x00,,,,,"Set torque = 0"
514855,TX,0x201,3,0x90,0x90,0x00,0x00,,,,,"Set torque = 0"
514881,TX,0x201,3,0x90,0x90,0x00,0x00,,,,,"Set torque = 0"
514975,RX,0x181,6,0x40,0x40,0x11,0x41,0x80,0x02,0x0B,,"Status word = 0x4111"
514982,RX,0x181,4,0x30,0x30,0x3B,0x0B,0x01,,,,"Speed feedback = 2875 rpm"
514988,RX,0x181,6,0x40,0x40,0x11,0x41,0x80,0x02,0x0B,,"Status word = 0x4111"
514995,RX,0x181,4,0x30,0x30,0xAC,0x09,0x01,,,,"Speed feedback = 2476 rpm"
515002,TX,0x201,3,0x90,0x90,0x00,0x00,,,,,"Set torque = 0"
515029,TX,0x201,3,0x90,0x90,0x00,0x00,,,,,"Set torque = 0"
515055,TX,0x201,3,0x90,0x90,0x00,0x00,,,,,"Set torque = 0"
515081,TX,0x201,3,0x90,0x90,0x00,0x00,,,,,"Set torque = 0"
515088,RX,0x181,6,0x40,0x40,0x11,0x41,0x80,0x02,0x0B,,"Status word = 0x4111"
515095,RX,0x181,4,0x30,0x30,0xCC,0x07,0x01,,,,"Speed feedback = 1996 rpm"
515107,TX,0x201,3,0x90,0x90,0x00,0x00,,,,,"Set torque = 0"
515133,TX,0x201,3,0x90,0x90,0x00,0x00,,,,,"Set torque = 0"
515160,TX,0x201,3,0x90,0x90,0x00,0x00,,,,,"Set torque = 0"
515186,TX,0x201,3,0x90,0x90,0x00,0x00,,,,,"Set torque = 0"
515192,RX,0x181,6,0x40,0x40,0x11,0x41,0x80,0x02,0x0B,,"Status word = 0x4111"
515199,RX,0x181,4,0x30,0x30,0xED,0x05,0x01,,,,"Speed feedback = 1517 rpm"
515212,TX,0x201,3,0x90,0x90,0x00,0x00,,,,,"Set torque = 0"
515238,TX,0x201,3,0x90,0x90,0x00,0x00,,,,,"Set torque = 0"
515264,TX,0x201,3,0x90,0x90,0x00,0x00,,,,,"Set torque = 0"
515288,RX,0x181,6,0x40,0x40,0x11,0x41,0x80,0x02,0x0B,,"Status word = 0x4111"
515295,TX,0x201,3,0x90,0x90,0x00,0x00,,,,,"Set torque = 0"
515302,RX,0x181,4,0x30,0x30,0xAE,0x04,0x01,,,,"Speed feedback = 1198 rpm"
515322,TX,0x201,3,0x90,0x90,0x00,0x00,,,,,"Set torque = 0"
515348,TX,0x201,3,0x90,0x90,0x00,0x00,,,,,"Set torque = 0"
515444,RX,0x181,6,0x40,0x40,0x11,0x41,0x80,0x02,0x0B,,"Status word = 0x4111"
515451,RX,0x181,4,0x30,0x30,0x1E,0x03,0x01,,,,"Speed feedback = 798 rpm"
515464,TX,0x201,3,0x90,0x90,0x00,0x00,,,,,"Set torque = 0"
515487,RX,0x181,6,0x40,0x40,0x11,0x41,0x80,0x00,0x0B,,"Status word = 0x4111"
515494,TX,0x201,3,0x90,0x90,0x00,0x00,,,,,"Set torque = 0"
515501,RX,0x181,4,0x30,0x30,0x07,0x02,0x01,,,,"Speed feedback = 519 rpm"
515521,TX,0x201,3,0x90,0x90,0x00,0x00,,,,,"Set torque = 0"
515547,TX,0x201,3,0x90,0x90,0x00,0x00,,,,,"Set torque = 0"
515573,TX,0x201,3,0x90,0x90,0x00,0x00,,,,,"Set torque = 0"
515587,RX,0x181,6,0x40,0x40,0x11,0x41,0x80,0x00,0x0B,,"Status word = 0x4111"
515594,RX,0x181,4,0x30,0x30,0xEF,0x00,0x01,,,,"Speed feedback = 239 rpm"
515601,TX,0x201,3,0x90,0x90,0x00,0x00,,,,,"Set torque = 0"
515628,TX,0x201,3,0x90,0x90,0x00,0x00,,,,,"Set torque = 0"
515654,TX,0x201,3,0x90,0x90,0x00,0x00,,,,,"Set torque = 0"
515680,TX,0x201,3,0x90,0x90,0x00,0x00,,,,,"Set torque = 0"
515687,RX,0x181,6,0x40,0x40,0x11,0x41,0x80,0x00,0x0B,,"Status word = 0x4111"
515694,RX,0x181,4,0x30,0x30,0x77,0x00,0x01,,,,"Speed feedback = 119 rpm"
515707,TX,0x201,3,0x90,0x90,0x00,0x00,,,,,"Set torque = 0"
515733,TX,0x201,3,0x90,0x90,0x00,0x00,,,,,"Set torque = 0"
515759,TX,0x201,3,0x90,0x90,0x00,0x00,,,,,"Set torque = 0"
515785,TX,0x201,3,0x90,0x90,0x00,0x00,,,,,"Set torque = 0"
515791,RX,0x181,6,0x40,0x40,0x11,0x41,0x80,0x00,0x0B,,"Status word = 0x4111"
515798,RX,0x181,4,0x30,0x30,0x4F,0x00,0x01,,,,"Speed feedback = 79 rpm"
515811,TX,0x201,3,0x90,0x90,0x00,0x00,,,,,"Set torque = 0"
515908,RX,0x181,6,0x40,0x40,0x11,0x43,0x80,0x00,0x0B,,"Status word = 0x4311"
515915,RX,0x181,4,0x30,0x30,0x00,0x00,0x01,,,,"Speed feedback = 0 rpm"
515928,TX,0x201,3,0x90,0x90,0x00,0x00,,,,,"Set torque = 0"
515954,TX,0x201,3,0x90,0x90,0x00,0x00,,,,,"Set torque = 0"
515980,TX,0x201,3,0x90,0x90,0x00,0x00,,,,,"Set torque = 0"
515987,RX,0x181,6,0x40,0x40,0x11,0x43,0x80,0x00,0x0B,,"Status word = 0x4311"
515994,RX,0x181,4,0x30,0x30,0x00,0x00,0x01,,,,"Speed feedback = 0 rpm"
516006,TX,0x201,3,0x90,0x90,0x00,0x00,,,,,"Set torque = 0"
516032,TX,0x201,3,0x90,0x90,0x00,0x00,,,,,"Set torque = 0"
516059,TX,0x201,3,0x90,0x90,0x00,0x00,,,,,"Set torque = 0"
516085,TX,0x201,3,0x90,0x90,0x00,0x00,,,,,"Set torque = 0"
516091,RX,0x181,6,0x40,0x40,0x11,0x43,0x80,0x00,0x0B,,"Status word = 0x4311"
516098,RX,0x181,4,0x30,0x30,0x00,0x00,0x01,,,,"Speed feedback = 0 rpm"
516111,TX,0x201,3,0x90,0x90,0x00,0x00,,,,,"Set torque = 0"
516137,TX,0x201,3,0x90,0x90,0x00,0x00,,,,,"Set torque = 0"
516163,TX,0x201,3,0x90,0x90,0x00,0x00,,,,,"Set torque = 0"
516186,RX,0x181,6,0x40,0x40,0x11,0x43,0x80,0x00,0x0B,,"Status word = 0x4311"
516193,TX,0x201,3,0x90,0x90,0x00,0x00,,,,,"Set torque = 0"
516200,RX,0x181,4,0x30,0x30,0x00,0x00,0x01,,,,"Speed feedback = 0 rpm"
516220,TX,0x201,3,0x90,0x90,0x00,0x00,,,,,"Set torque = 0"
516246,TX,0x201,3,0x90,0x90,0x00,0x00,,,,,"Set torque = 0"
516272,TX,0x201,3,0x90,0x90,0x00,0x00,,,,,"Set torque = 0"
516286,RX,0x181,6,0x40,0x40,0x11,0x43,0x80,0x00,0x0B,,"Status word = 0x4311"
516293,RX,0x181,4,0x30,0x30,0x00,0x00,0x01,,,,"Speed feedback = 0 rpm"
516386,RX,0x181,6,0x40,0x40,0x11,0x43,0x80,0x00,0x0B,,"Status word = 0x4311"
516393,TX,0x201,3,0x90,0x90,0x00,0x00,,,,,"Set torque = 0"
516400,RX,0x181,4,0x30,0x30,0x00,0x00,0x01,,,,"Speed feedback = 0 rpm"
516420,TX,0x201,3,0x90,0x90,0x00,0x00,,,,,"Set torque = 0"
516446,TX,0x201,3,0x90,0x90,0x00,0x00,,,,,"Set torque = 0"
516472,TX,0x201,3,0x90,0x90,0x00,0x00,,,,,"Set torque = 0"
516486,RX,0x181,6,0x40,0x40,0x11,0x43,0x80,0x00,0x0B,,"Status word = 0x4311"
516493,RX,0x181,4,0x30,0x30,0x00,0x00,0x01,,,,"Speed feedback = 0 rpm"
516500,TX,0x201,3,0x90,0x90,0x00,0x00,,,,,"Set torque = 0"
516526,TX,0x201,3,0x90,0x90,0x00,0x00,,,,,"Set torque = 0"
516552,TX,0x201,3,0x90,0x90,0x00,0x00,,,,,"Set torque = 0"
516578,TX,0x201,3,0x90,0x90,0x00,0x00,,,,,"Set torque = 0"
516586,RX,0x181,6,0x40,0x40,0x11,0x43,0x80,0x00,0x0B,,"Status word = 0x4311"
516594,RX,0x181,4,0x30,0x30,0x00,0x00,0x01,,,,"Speed feedback = 0 rpm"
516605,TX,0x201,3,0x90,0x90,0x00,0x00,,,,,"Set torque = 0"
516631,TX,0x201,3,0x90,0x90,0x00,0x00,,,,,"Set torque = 0"
516657,TX,0x201,3,0x90,0x90,0x00,0x00,,,,,"Set torque = 0"
516683,TX,0x201,3,0x90,0x90,0x00,0x00,,,,,"Set torque = 0"
516689,RX,0x181,6,0x40,0x40,0x11,0x43,0x80,0x00,0x0B,,"Status word = 0x4311"
516696,RX,0x181,4,0x30,0x30,0x00,0x00,0x01,,,,"Speed feedback = 0 rpm"
516709,TX,0x201,3,0x90,0x90,0x00,0x00,,,,,"Set torque = 0"
516736,TX,0x201,3,0x90,0x90,0x00,0x00,,,,,"Set torque = 0"
516762,TX,0x201,3,0x90,0x90,0x00,0x00,,,,,"Set torque = 0"
516785,RX,0x181,6,0x40,0x40,0x11,0x43,0x80,0x00,0x0B,,"Status word = 0x4311"
516874,RX,0x181,4,0x30,0x30,0x00,0x00,0x01,,,,"Speed feedback = 0 rpm"
516881,TX,0x201,3,0x90,0x90,0x00,0x00,,,,,"Set torque = 0"
516888,RX,0x181,6,0x40,0x40,0x11,0x43,0x80,0x00,0x0B,,"Status word = 0x4311"
516894,RX,0x181,4,0x30,0x30,0x00,0x00,0x01,,,,"Speed feedback = 0 rpm"
516908,TX,0x201,3,0x90,0x90,0x00,0x00,,,,,"Set torque = 0"
516934,TX,0x201,3,0x90,0x90,0x00,0x00,,,,,"Set torque = 0"
516961,TX,0x201,3,0x90,0x90,0x00,0x00,,,,,"Set torque = 0"
516985,RX,0x181,6,0x40,0x40,0x11,0x43,0x80,0x00,0x0B,,"Status word = 0x4311"
516992,TX,0x201,3,0x90,0x90,0x00,0x00,,,,,"Set torque = 0"
516999,RX,0x181,4,0x30,0x30,0x00,0x00,0x01,,,,"Speed feedback = 0 rpm"
517019,TX,0x201,3,0x90,0x90,0x00,0x00,,,,,"Set torque = 0"
517045,TX,0x201,3,0x90,0x90,0x00,0x00,,,,,"Set torque = 0"
517071,TX,0x201,3,0x90,0x90,0x00,0x00,,,,,"Set torque = 0"
517085,RX,0x181,6,0x40,0x40,0x11,0x43,0x80,0x00,0x0B,,"Status word = 0x4311"
517092,RX,0x181,4,0x30,0x30,0x00,0x00,0x01,,,,"Speed feedback = 0 rpm"
517099,TX,0x201,3,0x90,0x90,0x00,0x00,,,,,"Set torque = 0"
517126,TX,0x201,3,0x90,0x90,0x00,0x00,,,,,"Set torque = 0"
517152,TX,0x201,3,0x90,0x90,0x00,0x00,,,,,"Set torque = 0"
517178,TX,0x201,3,0x90,0x90,0x00,0x00,,,,,"Set torque = 0"
517185,RX,0x181,6,0x40,0x40,0x11,0x43,0x80,0x00,0x0B,,"Status word = 0x4311"
517192,RX,0x181,4,0x30,0x30,0x00,0x00,0x01,,,,"Speed feedback = 0 rpm"
517204,TX,0x201,3,0x90,0x90,0x00,0x00,,,,,"Set torque = 0"
517230,TX,0x201,3,0x90,0x90,0x00,0x00,,,,,"Set torque = 0"
517256,TX,0x201,3,0x90,0x90,0x00,0x00,,,,,"Set torque = 0"
517346,RX,0x181,6,0x40,0x40,0x11,0x43,0x80,0x00,0x0B,,"Status word = 0x4311"
517352,RX,0x181,4,0x30,0x30,0x00,0x00,0x01,,,,"Speed feedback = 0 rpm"
517366,TX,0x201,3,0x90,0x90,0x00,0x00,,,,,"Set torque = 0"
517384,RX,0x181,6,0x40,0x40,0x11,0x43,0x80,0x00,0x0B,,"Status word = 0x4311"
517391,RX,0x181,4,0x30,0x30,0x00,0x00,0x01,,,,"Speed feedback = 0 rpm"
517398,TX,0x201,3,0x90,0x90,0x00,0x00,,,,,"Set torque = 0"
517425,TX,0x201,3,0x90,0x90,0x00,0x00,,,,,"Set torque = 0"
517451,TX,0x201,3,0x90,0x90,0x00,0x00,,,,,"Set torque = 0"
517477,TX,0x201,3,0x90,0x90,0x00,0x00,,,,,"Set torque = 0"
517484,RX,0x181,6,0x40,0x40,0x11,0x43,0x80,0x00,0x0B,,"Status word = 0x4311"
517491,RX,0x181,4,0x30,0x30,0x00,0x00,0x01,,,,"Speed feedback = 0 rpm"
517504,TX,0x201,3,0x90,0x90,0x00,0x00,,,,,"Set torque = 0"
517530,TX,0x201,3,0x90,0x90,0x00,0x00,,,,,"Set torque = 0"
517556,TX,0x201,3,0x90,0x90,0x00,0x00,,,,,"Set torque = 0"
517582,TX,0x201,3,0x90,0x90,0x00,0x00,,,,,"Set torque = 0"
517588,RX,0x181,6,0x40,0x40,0x11,0x43,0x80,0x00,0x0B,,"Status word = 0x4311"
517595,RX,0x181,4,0x30,0x30,0x00,0x00,0x01,,,,"Speed feedback = 0 rpm"
517608,TX,0x201,3,0x90,0x90,0x00,0x00,,,,,"Set torque = 0"
517635,TX,0x201,3,0x90,0x90,0x00,0x00,,,,,"Set torque = 0"
517661,TX,0x201,3,0x90,0x90,0x00,0x00,,,,,"Set torque = 0"
517684,RX,0x181,6,0x40,0x40,0x11,0x43,0x80,0x00,0x0B,,"Status word = 0x4311"
517691,TX,0x201,3,0x90,0x90,0x00,0x00,,,,,"Set torque = 0"
517698,RX,0x181,4,0x30,0x30,0x00,0x00,0x01,,,,"Speed feedback = 0 rpm"
517718,TX,0x201,3,0x90,0x90,0x00,0x00,,,,,"Set torque = 0"
517808,RX,0x181,6,0x40,0x40,0x11,0x43,0x80,0x00,0x0B,,"Status word = 0x4311"
517815,RX,0x181,4,0x30,0x30,0x00,0x00,0x01,,,,"Speed feedback = 0 rpm"
517828,TX,0x201,3,0x90,0x90,0x00,0x00,,,,,"Set torque = 0"
517855,TX,0x201,3,0x90,0x90,0x00,0x00,,,,,"Set torque = 0"
517882,TX,0x201,3,0x90,0x90,0x00,0x00,,,,,"Set torque = 0"
517888,RX,0x181,6,0x40,0x40,0x11,0x43,0x80,0x00,0x0B,,"Status word = 0x4311"
517895,RX,0x181,4,0x30,0x30,0x00,0x00,0x01,,,,"Speed feedback = 0 rpm"
517908,TX,0x201,3,0x90,0x90,0x00,0x00,,,,,"Set torque = 0"
517934,TX,0x201,3,0x90,0x90,0x00,0x00,,,,,"Set torque = 0"
517960,TX,0x201,3,0x90,0x90,0x00,0x00,,,,,"Set torque = 0"
517984,RX,0x181,6,0x40,0x40,0x11,0x43,0x80,0x00,0x0B,,"Status word = 0x4311"
517991,RX,0x181,4,0x30,0x30,0x00,0x00,0x01,,,,"Speed feedback = 0 rpm"
517997,TX,0x201,3,0x90,0x90,0x00,0x00,,,,,"Set torque = 0"
518024,TX,0x201,3,0x90,0x90,0x00,0x00,,,,,"Set torque = 0"
518050,TX,0x201,3,0x90,0x90,0x00,0x00,,,,,"Set torque = 0"
518076,TX,0x201,3,0x90,0x90,0x00,0x00,,,,,"Set torque = 0"
518083,RX,0x181,6,0x40,0x40,0x11,0x43,0x80,0x00,0x0B,,"Status word = 0x4311"
518090,RX,0x181,4,0x30,0x30,0x00,0x00,0x01,,,,"Speed feedback = 0 rpm"
518102,TX,0x201,3,0x90,0x90,0x00,0x00,,,,,"Set torque = 0"
518128,TX,0x201,3,0x90,0x90,0x00,0x00,,,,,"Set torque = 0"
518155,TX,0x201,3,0x90,0x90,0x00,0x00,,,,,"Set torque = 0"
518181,TX,0x201,3,0x90,0x90,0x00,0x00,,,,,"Set torque = 0"
518187,RX,0x181,6,0x40,0x40,0x11,0x43,0x80,0x00,0x0B,,"Status word = 0x4311"
518282,RX,0x181,4,0x30,0x30,0x00,0x00,0x01,,,,"Speed feedback = 0 rpm"
518289,RX,0x181,6,0x40,0x40,0x11,0x43,0x80,0x00,0x0B,,"Status word = 0x4311"
518296,RX,0x181,4,0x30,0x30,0x00,0x00,0x01,,,,"Speed feedback = 0 rpm"
518302,TX,0x201,3,0x90,0x90,0x00,0x00,,,,,"Set torque = 0"
518329,TX,0x201,3,0x90,0x90,0x00,0x00,,,,,"Set torque = 0"
518355,TX,0x201,3,0x90,0x90,0x00,0x00,,,,,"Set torque = 0"
518382,TX,0x201,3,0x90,0x90,0x00,0x00,,,,,"Set torque = 0"
518388,RX,0x181,6,0x40,0x40,0x10,0x43,0x80,0x00,0x0B,,"Status word = 0x4310"
518395,RX,0x181,4,0x30,0x30,0x00,0x00,0x01,,,,"Speed feedback = 0 rpm"
518408,TX,0x201,3,0x90,0x90,0x00,0x00,,,,,"Set torque = 0"
518434,TX,0x201,3,0x90,0x90,0x00,0x00,,,,,"Set torque = 0"
518460,TX,0x201,3,0x90,0x90,0x00,0x00,,,,,"Set torque = 0"
518483,RX,0x181,6,0x40,0x40,0x10,0x43,0x80,0x00,0x0B,,"Status word = 0x4310"
518489,TX,0x201,3,0x90,0x90,0x00,0x00,,,,,"Set torque = 0"
518496,RX,0x181,4,0x30,0x30,0x00,0x00,0x01,,,,"Speed feedback = 0 rpm"
518516,TX,0x201,3,0x90,0x90,0x00,0x00,,,,,"Set torque = 0"
518542,TX,0x201,3,0x90,0x90,0x00,0x00,,,,,"Set torque = 0"
518568,TX,0x201,3,0x90,0x90,0x00,0x00,,,,,"Set torque = 0"
518583,RX,0x181,6,0x40,0x40,0x10,0x43,0x80,0x00,0x0B,,"Status word = 0x4310"
518590,RX,0x181,4,0x30,0x30,0x00,0x00,0x01,,,,"Speed feedback = 0 rpm"
518596,TX,0x201,3,0x90,0x90,0x00,0x00,,,,,"Set torque = 0"
518623,TX,0x201,3,0x90,0x90,0x00,0x00,,,,,"Set torque = 0"
518649,TX,0x201,3,0x90,0x90,0x00,0x00,,,,,"Set torque = 0"
518675,TX,0x201,3,0x90,0x90,0x00,0x00,,,,,"Set torque = 0"
518770,RX,0x181,6,0x40,0x40,0x10,0x43,0x80,0x00,0x0B,,"Status word = 0x4310"
518776,RX,0x181,4,0x30,0x30,0x00,0x00,0x01,,,,"Speed feedback = 0 rpm"
518783,RX,0x181,6,0x40,0x40,0x10,0x43,0x80,0x00,0x0B,,"Status word = 0x4310"
518790,RX,0x181,4,0x30,0x30,0x00,0x00,0x01,,,,"Speed feedback = 0 rpm"
518797,TX,0x201,3,0x90,0x90,0x00,0x00,,,,,"Set torque = 0"
518823,TX,0x201,3,0x90,0x90,0x00,0x00,,,,,"Set torque = 0"
518849,TX,0x201,3,0x90,0x90,0x00,0x00,,,,,"Set torque = 0"
518875,TX,0x201,3,0x90,0x90,0x00,0x00,,,,,"Set torque = 0"
518882,RX,0x181,6,0x40,0x40,0x10,0x43,0x80,0x00,0x0B,,"Status word = 0x4310"
518889,RX,0x181,4,0x30,0x30,0x00,0x00,0x01,,,,"Speed feedback = 0 rpm"
518901,TX,0x201,3,0x90,0x90,0x00,0x00,,,,,"Set torque = 0"
518927,TX,0x201,3,0x90,0x90,0x00,0x00,,,,,"Set torque = 0"
518953,TX,0x201,3,0x90,0x90,0x00,0x00,,,,,"Set torque = 0"
518979,TX,0x201,3,0x90,0x90,0x00,0x00,,,,,"Set torque = 0"
518985,RX,0x181,6,0x40,0x40,0x10,0x43,0x80,0x00,0x0B,,"Status word = 0x4310"
518992,RX,0x181,4,0x30,0x30,0x00,0x00,0x01,,,,"Speed feedback = 0 rpm"
519005,TX,0x201,3,0x90,0x90,0x00,0x00,,,,,"Set torque = 0"
519031,TX,0x201,3,0x90,0x90,0x00,0x00,,,,,"Set torque = 0"
519058,TX,0x201,3,0x90,0x90,0x00,0x00,,,,,"Set torque = 0"
519082,RX,0x181,6,0x40,0x40,0x10,0x43,0x80,0x00,0x0B,,"Status word = 0x4310"
519089,TX,0x201,3,0x90,0x90,0x00,0x00,,,,,"Set torque = 0"
519095,RX,0x181,4,0x30,0x30,0x00,0x00,0x01,,,,"Speed feedback = 0 rpm"
519115,TX,0x201,3,0x90,0x90,0x00,0x00,,,,,"Set torque = 0"
519141,TX,0x201,3,0x90,0x90,0x00,0x00,,,,,"Set torque = 0"
519237,RX,0x181,6,0x40,0x40,0x10,0x43,0x80,0x00,0x0B,,"Status word = 0x4310"
519244,RX,0x181,4,0x30,0x30,0x00,0x00,0x01,,,,"Speed feedback = 0 rpm"
519257,TX,0x201,3,0x90,0x90,0x00,0x00,,,,,"Set torque = 0"
519281,RX,0x181,6,0x40,0x40,0x10,0x43,0x80,0x00,0x0B,,"Status word = 0x4310"
519288,TX,0x201,3,0x90,0x90,0x00,0x00,,,,,"Set torque = 0"
519295,RX,0x181,4,0x30,0x30,0x00,0x00,0x01,,,,"Speed feedback = 0 rpm"
519315,TX,0x201,3,0x90,0x90,0x00,0x00,,,,,"Set torque = 0"
519341,TX,0x201,3,0x90,0x90,0x00,0x00,,,,,"Set torque = 0"
519367,TX,0x201,3,0x90,0x90,0x00,0x00,,,,,"Set torque = 0"
519381,RX,0x181,6,0x40,0x40,0x10,0x43,0x80,0x00,0x0B,,"Status word = 0x4310"
519388,RX,0x181,4,0x30,0x30,0x00,0x00,0x01,,,,"Speed feedback = 0 rpm"
519395,TX,0x201,3,0x90,0x90,0x00,0x00,,,,,"Set torque = 0"
519422,TX,0x201,3,0x90,0x90,0x00,0x00,,,,,"Set torque = 0"
519448,TX,0x201,3,0x90,0x90,0x00,0x00,,,,,"Set torque = 0"
519474,TX,0x201,3,0x90,0x90,0x00,0x00,,,,,"Set torque = 0"
519481,RX,0x181,6,0x40,0x40,0x10,0x43,0x80,0x00,0x0B,,"Status word = 0x4310"
519488,RX,0x181,4,0x30,0x30,0x00,0x00,0x01,,,,"Speed feedback = 0 rpm"
519500,TX,0x201,3,0x90,0x90,0x00,0x00,,,,,"Set torque = 0"
519526,TX,0x201,3,0x90,0x90,0x00,0x00,,,,,"Set torque = 0"
519552,TX,0x201,3,0x90,0x90,0x00,0x00,,,,,"Set torque = 0"
519578,TX,0x201,3,0x90,0x90,0x00,0x00,,,,,"Set torque = 0"
519585,RX,0x181,6,0x40,0x40,0x10,0x43,0x80,0x00,0x0B,,"Status word = 0x4310"
519591,RX,0x181,4,0x30,0x30,0x00,0x00,0x01,,,,"Speed feedback = 0 rpm"
519605,TX,0x201,3,0x90,0x90,0x00,0x00,,,,,"Set torque = 0"
519696,RX,0x181,6,0x40,0x40,0x10,0x43,0x80,0x00,0x0B,,"Status word = 0x4310"
519703,RX,0x181,4,0x30,0x30,0x00,0x00,0x01,,,,"Speed feedback = 0 rpm"
519716,TX,0x201,3,0x90,0x90,0x00,0x00,,,,,"Set torque = 0"
519742,TX,0x201,3,0x90,0x90,0x00,0x00,,,,,"Set torque = 0"
519768,TX,0x201,3,0x90,0x90,0x00,0x00,,,,,"Set torque = 0"
519781,RX,0x181,6,0x40,0x40,0x10,0x43,0x80,0x00,0x0B,,"Status word = 0x4310"
519788,RX,0x181,4,0x30,0x30,0x00,0x00,0x01,,,,"Speed feedback = 0 rpm"
519795,TX,0x201,3,0x90,0x90,0x00,0x00,,,,,"Set torque = 0"
519821,TX,0x201,3,0x90,0x90,0x00,0x00,,,,,"Set torque = 0"
519847,TX,0x201,3,0x90,0x90,0x00,0x00,,,,,"Set torque = 0"
519873,TX,0x201,3,0x90,0x90,0x00,0x00,,,,,"Set torque = 0"
519880,RX,0x181,6,0x40,0x40,0x10,0x43,0x80,0x00,0x0B,,"Status word = 0x4310"
519887,RX,0x181,4,0x30,0x30,0x00,0x00,0x01,,,,"Speed feedback = 0 rpm"
519899,TX,0x201,3,0x90,0x90,0x00,0x00,,,,,"Set torque = 0"
519925,TX,0x201,3,0x90,0x90,0x00,0x00,,,,,"Set torque = 0"
519952,TX,0x201,3,0x90,0x90,0x00,0x00,,,,,"Set torque = 0"
519978,TX,0x201,3,0x90,0x90,0x00,0x00,,,,,"Set torque = 0"
519984,RX,0x181,6,0x40,0x40,0x10,0x43,0x80,0x00,0x0B,,"Status word = 0x4310"
519991,RX,0x181,4,0x30,0x30,0x00,0x00,0x01,,,,"Speed feedback = 0 rpm"
520004,TX,0x201,3,0x90,0x90,0x00,0x00,,,,,"Set torque = 0"
520030,TX,0x201,3,0x90,0x90,0x00,0x00,,,,,"Set torque = 0"
520056,TX,0x201,3,0x90,0x90,0x00,0x00,,,,,"Set torque = 0"
520080,RX,0x181,6,0x40,0x40,0x10,0x43,0x80,0x00,0x0B,,"Status word = 0x4310"
520087,TX,0x201,3,0x90,0x90,0x00,0x00,,,,,"Set torque = 0"
520177,RX,0x181,4,0x30,0x30,0x00,0x00,0x01,,,,"Speed feedback = 0 rpm"
520184,RX,0x181,6,0x40,0x40,0x10,0x43,0x80,0x00,0x0B,,"Status word = 0x4310"
520191,RX,0x181,4,0x30,0x30,0x00,0x00,0x01,,,,"Speed feedback = 0 rpm"
520198,TX,0x201,3,0x90,0x90,0x00,0x00,,,,,"Set torque = 0"
520224,TX,0x201,3,0x90,0x90,0x00,0x00,,,,,"Set torque = 0"
520250,TX,0x201,3,0x90,0x90,0x00,0x00,,,,,"Set torque = 0"
520276,TX,0x201,3,0x90,0x90,0x00,0x00,,,,,"Set torque = 0"
520282,RX,0x181,6,0x40,0x40,0x10,0x43,0x80,0x00,0x0B,,"Status word = 0x4310"
520289,RX,0x181,4,0x30,0x30,0x00,0x00,0x01,,,,"Speed feedback = 0 rpm"
520302,TX,0x201,3,0x90,0x90,0x00,0x00,,,,,"Set torque = 0"
520328,TX,0x201,3,0x90,0x90,0x00,0x00,,,,,"Set torque = 0"
520354,TX,0x201,3,0x90,0x90,0x00,0x00,,,,,"Set torque = 0"
520380,TX,0x201,3,0x90,0x90,0x00,0x00,,,,,"Set torque = 0"
520386,RX,0x181,6,0x40,0x40,0x10,0x43,0x80,0x00,0x0B,,"Status word = 0x4310"
520393,RX,0x181,4,0x30,0x30,0x00,0x00,0x01,,,,"Speed feedback = 0 rpm"
520406,TX,0x201,3,0x90,0x90,0x00,0x00,,,,,"Set torque = 0"
520432,TX,0x201,3,0x90,0x90,0x00,0x00,,,,,"Set torque = 0"
520458,TX,0x201,3,0x90,0x90,0x00,0x00,,,,,"Set torque = 0"
520480,RX,0x181,6,0x40,0x40,0x10,0x43,0x80,0x00,0x0B,,"Status word = 0x4310"
520486,TX,0x201,3,0x90,0x90,0x00,0x00,,,,,"Set torque = 0"
520493,RX,0x181,4,0x30,0x30,0x00,0x00,0x01,,,,"Speed feedback = 0 rpm"
520513,TX,0x201,3,0x90,0x90,0x00,0x00,,,,,"Set torque = 0"
520539,TX,0x201,3,0x90,0x90,0x00,0x00,,,,,"Set torque = 0"
520565,TX,0x201,3,0x90,0x90,0x00,0x00,,,,,"Set torque = 0"
520654,RX,0x181,6,0x40,0x40,0x10,0x43,0x80,0x00,0x0B,,"Status word = 0x4310"
520661,RX,0x181,4,0x30,0x30,0x00,0x00,0x01,,,,"Speed feedback = 0 rpm"
520674,TX,0x201,3,0x90,0x90,0x00,0x00,,,,,"Set torque = 0"
520681,RX,0x181,6,0x40,0x40,0x10,0x43,0x80,0x00,0x0B,,"Status word = 0x4310"
520687,RX,0x181,4,0x30,0x30,0x00,0x00,0x01,,,,"Speed feedback = 0 rpm"
520701,TX,0x201,3,0x90,0x90,0x00,0x00,,,,,"Set torque = 0"
520727,TX,0x201,3,0x90,0x90,0x00,0x00,,,,,"Set torque = 0"
520753,TX,0x201,3,0x90,0x90,0x00,0x00,,,,,"Set torque = 0"
520779,TX,0x201,3,0x90,0x90,0x00,0x00,,,,,"Set torque = 0"
520785,RX,0x181,6,0x40,0x40,0x10,0x43,0x80,0x00,0x0B,,"Status word = 0x4310"
520792,RX,0x181,4,0x30,0x30,0x00,0x00,0x01,,,,"Speed feedback = 0 rpm"
520805,TX,0x201,3,0x90,0x90,0x00,0x00,,,,,"Set torque = 0"
520832,TX,0x201,3,0x90,0x90,0x00,0x00,,,,,"Set torque = 0"
520858,TX,0x201,3,0x90,0x90,0x00,0x00,,,,,"Set torque = 0"
520879,RX,0x181,6,0x40,0x40,0x10,0x43,0x80,0x00,0x0B,,"Status word = 0x4310"
520886,TX,0x201,3,0x90,0x90,0x00,0x00,,,,,"Set torque = 0"
520892,RX,0x181,4,0x30,0x30,0x00,0x00,0x01,,,,"Speed feedback = 0 rpm"
520912,TX,0x201,3,0x90,0x90,0x00,0x00,,,,,"Set torque = 0"
520938,TX,0x201,3,0x90,0x90,0x00,0x00,,,,,"Set torque = 0"
520964,TX,0x201,3,0x90,0x90,0x00,0x00,,,,,"Set torque = 0"
520979,RX,0x181,6,0x40,0x40,0x10,0x43,0x80,0x00,0x0B,,"Status word = 0x4310"
520986,RX,0x181,4,0x30,0x30,0x00,0x00,0x01,,,,"Speed feedback = 0 rpm"
520993,TX,0x201,3,0x90,0x90,0x00,0x00,,,,,"Set torque = 0"
521019,TX,0x201,3,0x90,0x90,0x00,0x00,,,,,"Set torque = 0"
521108,RX,0x181,6,0x40,0x40,0x10,0x43,0x80,0x00,0x0B,,"Status word = 0x4310"
521115,RX,0x181,4,0x30,0x30,0x00,0x00,0x01,,,,"Speed feedback = 0 rpm"
521128,TX,0x201,3,0x90,0x90,0x00,0x00,,,,,"Set torque = 0"
521154,TX,0x201,3,0x90,0x90,0x00,0x00,,,,,"Set torque = 0"
521178,RX,0x181,6,0x40,0x40,0x10,0x43,0x80,0x00,0x0B,,"Status word = 0x4310"
521185,TX,0x201,3,0x90,0x90,0x00,0x00,,,,,"Set torque = 0"
521192,RX,0x181,4,0x30,0x30,0x00,0x00,0x01,,,,"Speed feedback = 0 rpm"
521212,TX,0x201,3,0x90,0x90,0x00,0x00,,,,,"Set torque = 0"
521238,TX,0x201,3,0x90,0x90,0x00,0x00,,,,,"Set torque = 0"
521264,TX,0x201,3,0x90,0x90,0x00,0x00,,,,,"Set torque = 0"
521278,RX,0x181,6,0x40,0x40,0x10,0x43,0x80,0x00,0x0B,,"Status word = 0x4310"
521285,RX,0x181,4,0x30,0x30,0x00,0x00,0x01,,,,"Speed feedback = 0 rpm"
521292,TX,0x201,3,0x90,0x90,0x00,0x00,,,,,"Set torque = 0"
521319,TX,0x201,3,0x90,0x90,0x00,0x00,,,,,"Set torque = 0"
521345,TX,0x201,3,0x90,0x90,0x00,0x00,,,,,"Set torque = 0"
521372,TX,0x201,3,0x90,0x90,0x00,0x00,,,,,"Set torque = 0"
521378,RX,0x181,6,0x40,0x40,0x10,0x43,0x80,0x00,0x0B,,"Status word = 0x4310"
521385,RX,0x181,4,0x30,0x30,0x00,0x00,0x01,,,,"Speed feedback = 0 rpm"
521398,TX,0x201,3,0x90,0x90,0x00,0x00,,,,,"Set torque = 0"
521424,TX,0x201,3,0x90,0x90,0x00,0x00,,,,,"Set torque = 0"
521450,TX,0x201,3,0x90,0x90,0x00,0x00,,,,,"Set torque = 0"
521476,TX,0x201,3,0x90,0x90,0x00,0x00,,,,,"Set torque = 0"
521482,RX,0x181,6,0x40,0x40,0x10,0x43,0x80,0x00,0x0B,,"Status word = 0x4310"
521574,RX,0x181,4,0x30,0x30,0x00,0x00,0x01,,,,"Speed feedback = 0 rpm"
521581,RX,0x181,6,0x40,0x40,0x10,0x43,0x80,0x00,0x0B,,"Status word = 0x4310"
521587,RX,0x181,4,0x30,0x30,0x00,0x00,0x01,,,,"Speed feedback = 0 rpm"
521594,TX,0x201,3,0x90,0x90,0x00,0x00,,,,,"Set torque = 0"
521621,TX,0x201,3,0x90,0x90,0x00,0x00,,,,,"Set torque = 0"
521647,TX,0x201,3,0x90,0x90,0x00,0x00,,,,,"Set torque = 0"
521673,TX,0x201,3,0x90,0x90,0x00,0x00,,,,,"Set torque = 0"
521679,RX,0x181,6,0x40,0x40,0x10,0x43,0x80,0x00,0x0B,,"Status word = 0x4310"
521686,RX,0x181,4,0x30,0x30,0x00,0x00,0x01,,,,"Speed feedback = 0 rpm"
521699,TX,0x201,3,0x90,0x90,0x00,0x00,,,,,"Set torque = 0"
521725,TX,0x201,3,0x90,0x90,0x00,0x00,,,,,"Set torque = 0"
521751,TX,0x201,3,0x90,0x90,0x00,0x00,,,,,"Set torque = 0"
521777,TX,0x201,3,0x90,0x90,0x00,0x00,,,,,"Set torque = 0"
521783,RX,0x181,6,0x40,0x40,0x10,0x43,0x80,0x00,0x0B,,"Status word = 0x4310"
521790,RX,0x181,4,0x30,0x30,0x00,0x00,0x01,,,,"Speed feedback = 0 rpm"
521803,TX,0x201,3,0x90,0x90,0x00,0x00,,,,,"Set torque = 0"
521829,TX,0x201,3,0x90,0x90,0x00,0x00,,,,,"Set torque = 0"
521855,TX,0x201,3,0x90,0x90,0x00,0x00,,,,,"Set torque = 0"
521877,RX,0x181,6,0x40,0x40,0x10,0x43,0x80,0x00,0x0B,,"Status word = 0x4310"
521884,TX,0x201,3,0x90,0x90,0x00,0x00,,,,,"Set torque = 0"
521891,RX,0x181,4,0x30,0x30,0x00,0x00,0x01,,,,"Speed feedback = 0 rpm"
521911,TX,0x201,3,0x90,0x90,0x00,0x00,,,,,"Set torque = 0"
521937,TX,0x201,3,0x90,0x90,0x00,0x00,,,,,"Set torque = 0"
521963,TX,0x201,3,0x90,0x90,0x00,0x00,,,,,"Set torque = 0"
522052,RX,0x181,6,0x40,0x40,0x10,0x43,0x80,0x00,0x0B,,"Status word = 0x4310"
522059,RX,0x181,4,0x30,0x30,0x00,0x00,0x01,,,,"Speed feedback = 0 rpm"
522072,TX,0x201,3,0x90,0x90,0x00,0x00,,,,,"Set torque = 0"
522079,RX,0x181,6,0x40,0x40,0x10,0x43,0x80,0x00,0x0B,,"Status word = 0x4310"
522085,RX,0x181,4,0x30,0x30,0x00,0x00,0x01,,,,"Speed feedback = 0 rpm"
522099,TX,0x201,3,0x90,0x90,0x00,0x00,,,,,"Set torque = 0"
522125,TX,0x201,3,0x90,0x90,0x00,0x00,,,,,"Set torque = 0"
522151,TX,0x201,3,0x90,0x90,0x00,0x00,,,,,"Set torque = 0"
522177,TX,0x201,3,0x90,0x90,0x00,0x00,,,,,"Set torque = 0"
522183,RX,0x181,6,0x40,0x40,0x10,0x43,0x80,0x00,0x0B,,"Status word = 0x4310"
522190,RX,0x181,4,0x30,0x30,0x00,0x00,0x01,,,,"Speed feedback = 0 rpm"
522203,TX,0x201,3,0x90,0x90,0x00,0x00,,,,,"Set torque = 0"
522230,TX,0x201,3,0x90,0x90,0x00,0x00,,,,,"Set torque = 0"
522256,TX,0x201,3,0x90,0x90,0x00,0x00,,,,,"Set torque = 0"
522277,RX,0x181,6,0x40,0x40,0x10,0x43,0x80,0x00,0x0B,,"Status word = 0x4310"
522283,TX,0x201,3,0x90,0x90,0x00,0x00,,,,,"Set torque = 0"
522290,RX,0x181,4,0x30,0x30,0x00,0x00,0x01,,,,"Speed feedback = 0 rpm"
522310,TX,0x201,3,0x90,0x90,0x00,0x00,,,,,"Set torque = 0"
522336,TX,0x201,3,0x90,0x90,0x00,0x00,,,,,"Set torque = 0"
522362,TX,0x201,3,0x90,0x90,0x00,0x00,,,,,"Set torque = 0"
522377,RX,0x181,6,0x40,0x40,0x10,0x43,0x80,0x00,0x0B,,"Status word = 0x4310"
522384,RX,0x181,4,0x30,0x30,0x00,0x00,0x01,,,,"Speed feedback = 0 rpm"
522390,TX,0x201,3,0x90,0x90,0x00,0x00,,,,,"Set torque = 0"
522415,TX,0x201,3,0x90,0x90,0x00,0x00,,,,,"Set torque = 0"
522507,RX,0x181,6,0x40,0x40,0x10,0x43,0x80,0x00,0x0B,,"Status word = 0x4310"
522514,RX,0x181,4,0x30,0x30,0x00,0x00,0x01,,,,"Speed feedback = 0 rpm"
522527,TX,0x201,3,0x90,0x90,0x00,0x00,,,,,"Set torque = 0"
522553,TX,0x201,3,0x90,0x90,0x00,0x00,,,,,"Set torque = 0"
522576,RX,0x181,6,0x40,0x40,0x10,0x43,0x80,0x00,0x0B,,"Status word = 0x4310"
522583,TX,0x201,3,0x90,0x90,0x00,0x00,,,,,"Set torque = 0"
522590,RX,0x181,4,0x30,0x30,0x00,0x00,0x01,,,,"Speed feedback = 0 rpm"
522610,TX,0x201,3,0x90,0x90,0x00,0x00,,,,,"Set torque = 0"
522636,TX,0x201,3,0x90,0x90,0x00,0x00,,,,,"Set torque = 0"
522662,TX,0x201,3,0x90,0x90,0x00,0x00,,,,,"Set torque = 0"
522676,RX,0x181,6,0x40,0x40,0x10,0x43,0x80,0x00,0x0B,,"Status word = 0x4310"
522683,RX,0x181,4,0x30,0x30,0x00,0x00,0x01,,,,"Speed feedback = 0 rpm"
522690,TX,0x201,3,0x90,0x90,0x00,0x00,,,,,"Set torque = 0"
522717,TX,0x201,3,0x90,0x90,0x00,0x00,,,,,"Set torque = 0"
522747,TX,0x201,3,0x90,0x90,0x00,0x00,,,,,"Set torque = 0"
522773,TX,0x201,3,0x90,0x90,0x00,0x00,,,,,"Set torque = 0"
522779,RX,0x181,6,0x40,0x40,0x10,0x43,0x80,0x00,0x0B,,"Status word = 0x4310"
522786,RX,0x181,4,0x30,0x30,0x00,0x00,0x01,,,,"Speed feedback = 0 rpm"
522799,TX,0x201,3,0x90,0x90,0x00,0x00,,,,,"Set torque = 0"
522825,TX,0x201,3,0x90,0x90,0x00,0x00,,,,,"Set torque = 0"
522851,TX,0x201,3,0x90,0x90,0x00,0x00,,,,,"Set torque = 0"
522876,RX,0x181,6,0x40,0x40,0x10,0x43,0x80,0x00,0x0B,,"Status word = 0x4310"
522883,TX,0x201,3,0x90,0x90,0x00,0x00,,,,,"Set torque = 0"
522987,RX,0x181,4,0x30,0x30,0x00,0x00,0x01,,,,"Speed feedback = 0 rpm"
522994,RX,0x181,6,0x40,0x40,0x10,0x43,0x80,0x00,0x0B,,"Status word = 0x4310"
523001,RX,0x181,4,0x30,0x30,0x00,0x00,0x01,,,,"Speed feedback = 0 rpm"
523008,TX,0x201,3,0x90,0x90,0x00,0x00,,,,,"Set torque = 0"
523034,TX,0x201,3,0x90,0x90,0x00,0x00,,,,,"Set torque = 0"
523060,TX,0x201,3,0x90,0x90,0x00,0x00,,,,,"Set torque = 0"
523075,RX,0x181,6,0x40,0x40,0x10,0x43,0x80,0x00,0x0B,,"Status word = 0x4310"
523082,RX,0x181,4,0x30,0x30,0x00,0x00,0x01,,,,"Speed feedback = 0 rpm"
523089,TX,0x201,3,0x90,0x90,0x00,0x00,,,,,"Set torque = 0"
523116,TX,0x201,3,0x90,0x90,0x00,0x00,,,,,"Set torque = 0"
523142,TX,0x201,3,0x90,0x90,0x00,0x00,,,,,"Set torque = 0"
523168,TX,0x201,3,0x90,0x90,0x00,0x00,,,,,"Set torque = 0"
523175,RX,0x181,6,0x40,0x40,0x10,0x43,0x80,0x00,0x0B,,"Status word = 0x4310"
523182,RX,0x181,4,0x30,0x30,0x00,0x00,0x01,,,,"Speed feedback = 0 rpm"
523194,TX,0x201,3,0x90,0x90,0x00,0x00,,,,,"Set torque = 0"
523220,TX,0x201,3,0x90,0x90,0x00,0x00,,,,,"Set torque = 0"
523246,TX,0x201,3,0x90,0x90,0x00,0x00,,,,,"Set torque = 0"
523272,TX,0x201,3,0x90,0x90,0x00,0x00,,,,,"Set torque = 0"
523279,RX,0x181,6,0x40,0x40,0x10,0x43,0x80,0x00,0x0B,,"Status word = 0x4310"
523285,RX,0x181,4,0x30,0x30,0x00,0x00,0x01,,,,"Speed feedback = 0 rpm"
523299,TX,0x201,3,0x90,0x90,0x00,0x00,,,,,"Set torque = 0"
523325,TX,0x201,3,0x90,0x90,0x00,0x00,,,,,"Set torque = 0"
523351,TX,0x201,3,0x90,0x90,0x00,0x00,,,,,"Set torque = 0"
523375,RX,0x181,6,0x40,0x40,0x10,0x43,0x80,0x00,0x0B,,"Status word = 0x4310"
523478,RX,0x181,6,0x40,0x40,0x10,0x43,0x80,0x00,0x0B,,"Status word = 0x4310"
523485,RX,0x181,4,0x30,0x30,0x00,0x00,0x01,,,,"Speed feedback = 0 rpm"
523492,RX,0x181,4,0x30,0x30,0x00,0x00,0x01,,,,"Speed feedback = 0 rpm"
523499,TX,0x201,3,0x90,0x90,0x00,0x00,,,,,"Set torque = 0"
523526,TX,0x201,3,0x90,0x90,0x00,0x00,,,,,"Set torque = 0"
523552,TX,0x201,3,0x90,0x90,0x00,0x00,,,,,"Set torque = 0"
523575,RX,0x181,6,0x40,0x40,0x10,0x43,0x80,0x00,0x0B,,"Status word = 0x4310"
523581,TX,0x201,3,0x90,0x90,0x00,0x00,,,,,"Set torque = 0"
523588,RX,0x181,4,0x30,0x30,0x00,0x00,0x01,,,,"Speed feedback = 0 rpm"
523608,TX,0x201,3,0x90,0x90,0x00,0x00,,,,,"Set torque = 0"
523634,TX,0x201,3,0x90,0x90,0x00,0x00,,,,,"Set torque = 0"
523660,TX,0x201,3,0x90,0x90,0x00,0x00,,,,,"Set torque = 0"
523674,RX,0x181,6,0x40,0x40,0x10,0x43,0x80,0x00,0x0B,,"Status word = 0x4310"
523681,RX,0x181,4,0x30,0x30,0x00,0x00,0x01,,,,"Speed feedback = 0 rpm"
523688,TX,0x201,3,0x90,0x90,0x00,0x00,,,,,"Set torque = 0"
523715,TX,0x201,3,0x90,0x90,0x00,0x00,,,,,"Set torque = 0"
523741,TX,0x201,3,0x90,0x90,0x00,0x00,,,,,"Set torque = 0"
523767,TX,0x201,3,0x90,0x90,0x00,0x00,,,,,"Set torque = 0"
523774,RX,0x181,6,0x40,0x40,0x10,0x43,0x80,0x00,0x0B,,"Status word = 0x4310"
523781,RX,0x181,4,0x30,0x30,0x00,0x00,0x01,,,,"Speed feedback = 0 rpm"
523793,TX,0x201,3,0x90,0x90,0x00,0x00,,,,,"Set torque = 0"
523820,TX,0x201,3,0x90,0x90,0x00,0x00,,,,,"Set torque = 0"
523846,TX,0x201,3,0x90,0x90,0x00,0x00,,,,,"Set torque = 0"
523872,TX,0x201,3,0x90,0x90,0x00,0x00,,,,,"Set torque = 0"
524012,RX,0x181,6,0x40,0x40,0x10,0x43,0x80,0x00,0x0B,,"Status word = 0x4310"
524019,RX,0x181,4,0x30,0x30,0x00,0x00,0x01,,,,"Speed feedback = 0 rpm"
524026,RX,0x181,6,0x40,0x40,0x10,0x43,0x80,0x00,0x0B,,"Status word = 0x4310"
524032,RX,0x181,4,0x30,0x30,0x00,0x00,0x01,,,,"Speed feedback = 0 rpm"
524039,TX,0x201,3,0x90,0x90,0x00,0x00,,,,,"Set torque = 0"
524066,TX,0x201,3,0x90,0x90,0x00,0x00,,,,,"Set torque = 0"
524074,RX,0x181,6,0x40,0x40,0x10,0x43,0x80,0x00,0x0B,,"Status word = 0x4310"
524081,RX,0x181,4,0x30,0x30,0x00,0x00,0x01,,,,"Speed feedback = 0 rpm"
524093,TX,0x201,3,0x90,0x90,0x00,0x00,,,,,"Set torque = 0"
524119,TX,0x201,3,0x90,0x90,0x00,0x00,,,,,"Set torque = 0"
524145,TX,0x201,3,0x90,0x90,0x00,0x00,,,,,"Set torque = 0"
524171,TX,0x201,3,0x90,0x90,0x00,0x00,,,,,"Set torque = 0"
524177,RX,0x181,6,0x40,0x40,0x10,0x43,0x80,0x00,0x0B,,"Status word = 0x4310"
524184,RX,0x181,4,0x30,0x30,0x00,0x00,0x01,,,,"Speed feedback = 0 rpm"
524197,TX,0x201,3,0x90,0x90,0x00,0x00,,,,,"Set torque = 0"
524224,TX,0x201,3,0x90,0x90,0x00,0x00,,,,,"Set torque = 0"
524250,TX,0x201,3,0x90,0x90,0x00,0x00,,,,,"Set torque = 0"
524274,RX,0x181,6,0x40,0x40,0x10,0x43,0x80,0x00,0x0B,,"Status word = 0x4310"
524280,TX,0x201,3,0x90,0x90,0x00,0x00,,,,,"Set torque = 0"
524287,RX,0x181,4,0x30,0x30,0x00,0x00,0x01,,,,"Speed feedback = 0 rpm"
524307,TX,0x201,3,0x90,0x90,0x00,0x00,,,,,"Set torque = 0"
524333,TX,0x201,3,0x90,0x90,0x00,0x00,,,,,"Set torque = 0"
524359,TX,0x201,3,0x90,0x90,0x00,0x00,,,,,"Set torque = 0"
524373,RX,0x181,6,0x40,0x40,0x10,0x43,0x80,0x00,0x0B,,"Status word = 0x4310"
524432,RX,0x181,4,0x30,0x30,0x00,0x00,0x01,,,,"Speed feedback = 0 rpm"
524439,TX,0x201,3,0x90,0x90,0x00,0x00,,,,,"Set torque = 0"
524466,TX,0x201,3,0x90,0x90,0x00,0x00,,,,,"Set torque = 0"
524473,RX,0x181,6,0x40,0x40,0x10,0x43,0x80,0x00,0x0B,,"Status word = 0x4310"
524480,RX,0x181,4,0x30,0x30,0x00,0x00,0x01,,,,"Speed feedback = 0 rpm"
524492,TX,0x201,3,0x90,0x90,0x00,0x00,,,,,"Set torque = 0"
524518,TX,0x201,3,0x90,0x90,0x00,0x00,,,,,"Set torque = 0"
524544,TX,0x201,3,0x90,0x90,0x00,0x00,,,,,"Set torque = 0"
524570,TX,0x201,3,0x90,0x90,0x00,0x00,,,,,"Set torque = 0"
524577,RX,0x181,6,0x40,0x40,0x10,0x43,0x80,0x00,0x0B,,"Status word = 0x4310"
524584,RX,0x181,4,0x30,0x30,0x00,0x00,0x01,,,,"Speed feedback = 0 rpm"
524597,TX,0x201,3,0x90,0x90,0x00,0x00,,,,,"Set torque = 0"
524623,TX,0x201,3,0x90,0x90,0x00,0x00,,,,,"Set torque = 0"
524649,TX,0x201,3,0x90,0x90,0x00,0x00,,,,,"Set torque = 0"
524673,RX,0x181,6,0x40,0x40,0x10,0x43,0x80,0x00,0x0B,,"Status word = 0x4310"
524680,TX,0x201,3,0x90,0x90,0x00,0x00,,,,,"Set torque = 0"
524687,RX,0x181,4,0x30,0x30,0x00,0x00,0x01,,,,"Speed feedback = 0 rpm"
524707,TX,0x201,3,0x90,0x90,0x00,0x00,,,,,"Set torque = 0"
524734,TX,0x201,3,0x90,0x90,0x00,0x00,,,,,"Set torque = 0"
524760,TX,0x201,3,0x90,0x90,0x00,0x00,,,,,"Set torque = 0"
524773,RX,0x181,6,0x40,0x40,0x10,0x43,0x80,0x00,0x0B,,"Status word = 0x4310"
524780,RX,0x181,4,0x30,0x30,0x00,0x00,0x01,,,,"Speed feedback = 0 rpm"
524787,TX,0x201,3,0x90,0x90,0x00,0x00,,,,,"Set torque = 0"
524813,TX,0x201,3,0x90,0x90,0x00,0x00,,,,,"Set torque = 0"
524903,RX,0x181,6,0x40,0x40,0x10,0x43,0x80,0x00,0x0B,,"Status word = 0x4310"
524909,RX,0x181,4,0x30,0x30,0x00,0x00,0x01,,,,"Speed feedback = 0 rpm"
524923,TX,0x201,3,0x90,0x90,0x00,0x00,,,,,"Set torque = 0"
524950,TX,0x201,3,0x90,0x90,0x00,0x00,,,,,"Set torque = 0"
524972,RX,0x181,6,0x40,0x40,0x10,0x43,0x80,0x00,0x0B,,"Status word = 0x4310"
524979,TX,0x201,3,0x90,0x90,0x00,0x00,,,,,"Set torque = 0"
524986,RX,0x181,4,0x30,0x30,0x00,0x00,0x01,,,,"Speed feedback = 0 rpm"
525006,TX,0x201,3,0x90,0x90,0x00,0x00,,,,,"Set torque = 0"
525032,TX,0x201,3,0x90,0x90,0x00,0x00,,,,,"Set torque = 0"
525058,TX,0x201,3,0x90,0x90,0x00,0x00,,,,,"Set torque = 0"
525072,RX,0x181,6,0x40,0x40,0x10,0x43,0x80,0x00,0x0B,,"Status word = 0x4310"
525079,RX,0x181,4,0x30,0x30,0x00,0x00,0x01,,,,"Speed feedback = 0 rpm"
525086,TX,0x201,3,0x90,0x90,0x00,0x00,,,,,"Set torque = 0"
525113,TX,0x201,3,0x90,0x90,0x00,0x00,,,,,"Set torque = 0"
525139,TX,0x201,3,0x90,0x90,0x00,0x00,,,,,"Set torque = 0"
525165,TX,0x201,3,0x90,0x90,0x00,0x00,,,,,"Set torque = 0"
525172,RX,0x181,6,0x40,0x40,0x10,0x43,0x80,0x00,0x0B,,"Status word = 0x4310"
525179,RX,0x181,4,0x30,0x30,0x00,0x00,0x01,,,,"Speed feedback = 0 rpm"
525191,TX,0x201,3,0x90,0x90,0x00,0x00,,,,,"Set torque = 0"
525217,TX,0x201,3,0x90,0x90,0x00,0x00,,,,,"Set torque = 0"
525243,TX,0x201,3,0x90,0x90,0x00,0x00,,,,,"Set torque = 0"
525270,TX,0x201,3,0x90,0x90,0x00,0x00,,,,,"Set torque = 0"
525276,RX,0x181,6,0x40,0x40,0x10,0x43,0x80,0x00,0x0B,,"Status word = 0x4310"
525283,RX,0x181,4,0x30,0x30,0x00,0x00,0x01,,,,"Speed feedback = 0 rpm"
525373,RX,0x181,6,0x40,0x40,0x10,0x43,0x80,0x00,0x0B,,"Status word = 0x4310"
525380,RX,0x181,4,0x30,0x30,0x00,0x00,0x01,,,,"Speed feedback = 0 rpm"
525387,TX,0x201,3,0x90,0x90,0x00,0x00,,,,,"Set torque = 0"
525414,TX,0x201,3,0x90,0x90,0x00,0x00,,,,,"Set torque = 0"
525440,TX,0x201,3,0x90,0x90,0x00,0x00,,,,,"Set torque = 0"
525466,TX,0x201,3,0x90,0x90,0x00,0x00,,,,,"Set torque = 0"
525473,RX,0x181,6,0x40,0x40,0x10,0x43,0x80,0x00,0x0B,,"Status word = 0x4310"
525479,RX,0x181,4,0x30,0x30,0x00,0x00,0x01,,,,"Speed feedback = 0 rpm"
525493,TX,0x201,3,0x90,0x90,0x00,0x00,,,,,"Set torque = 0"
525519,TX,0x201,3,0x90,0x90,0x00,0x00,,,,,"Set torque = 0"
525545,TX,0x201,3,0x90,0x90,0x00,0x00,,,,,"Set torque = 0"
525571,TX,0x201,3,0x90,0x90,0x00,0x00,,,,,"Set torque = 0"
525577,RX,0x181,6,0x40,0x40,0x10,0x43,0x80,0x00,0x0B,,"Status word = 0x4310"
525584,RX,0x181,4,0x30,0x30,0x00,0x00,0x01,,,,"Speed feedback = 0 rpm"
525597,TX,0x201,3,0x90,0x90,0x00,0x00,,,,,"Set torque = 0"
525624,TX,0x201,3,0x90,0x90,0x00,0x00,,,,,"Set torque = 0"
525650,TX,0x201,3,0x90,0x90,0x00,0x00,,,,,"Set torque = 0"
525671,RX,0x181,6,0x40,0x40,0x10,0x43,0x80,0x00,0x0B,,"Status word = 0x4310"
525678,TX,0x201,3,0x90,0x90,0x00,0x00,,,,,"Set torque = 0"
525685,RX,0x181,4,0x30,0x30,0x00,0x00,0x01,,,,"Speed feedback = 0 rpm"
525705,TX,0x201,3,0x90,0x90,0x00,0x00,,,,,"Set torque = 0"
525731,TX,0x201,3,0x90,0x90,0x00,0x00,,,,,"Set torque = 0"
525757,TX,0x201,3,0x90,0x90,0x00,0x00,,,,,"Set torque = 0"
525771,RX,0x181,6,0x40,0x40,0x10,0x43,0x80,0x00,0x0B,,"Status word = 0x4310"
525856,RX,0x181,4,0x30,0x30,0x00,0x00,0x01,,,,"Speed feedback = 0 rpm"
525862,TX,0x201,3,0x90,0x90,0x00,0x00,,,,,"Set torque = 0"
525871,RX,0x181,6,0x40,0x40,0x10,0x43,0x80,0x00,0x0B,,"Status word = 0x4310"
525878,RX,0x181,4,0x30,0x30,0x00,0x00,0x01,,,,"Speed feedback = 0 rpm"
525889,TX,0x201,3,0x90,0x90,0x00,0x00,,,,,"Set torque = 0"
525915,TX,0x201,3,0x90,0x90,0x00,0x00,,,,,"Set torque = 0"
525941,TX,0x201,3,0x90,0x90,0x00,0x00,,,,,"Set torque = 0"
525967,TX,0x201,3,0x90,0x90,0x00,0x00,,,,,"Set torque = 0"
525973,RX,0x181,6,0x40,0x40,0x10,0x43,0x80,0x00,0x0B,,"Status word = 0x4310"
525980,RX,0x181,4,0x30,0x30,0x00,0x00,0x01,,,,"Speed feedback = 0 rpm"
525993,TX,0x201,3,0x90,0x90,0x00,0x00,,,,,"Set torque = 0"
526019,TX,0x201,3,0x90,0x90,0x00,0x00,,,,,"Set torque = 0"
526045,TX,0x201,3,0x90,0x90,0x00,0x00,,,,,"Set torque = 0"
526071,TX,0x201,3,0x90,0x90,0x00,0x00,,,,,"Set torque = 0"
526077,RX,0x181,6,0x40,0x40,0x10,0x43,0x80,0x00,0x0B,,"Status word = 0x4310"
526084,RX,0x181,4,0x30,0x30,0x00,0x00,0x01,,,,"Speed feedback = 0 rpm"
526097,TX,0x201,3,0x90,0x90,0x00,0x00,,,,,"Set torque = 0"
526123,TX,0x201,3,0x90,0x90,0x00,0x00,,,,,"Set torque = 0"
526150,TX,0x201,3,0x90,0x90,0x00,0x00,,,,,"Set torque = 0"
526171,RX,0x181,6,0x40,0x40,0x10,0x43,0x80,0x00,0x0B,,"Status word = 0x4310"
526177,TX,0x201,3,0x90,0x90,0x00,0x00,,,,,"Set torque = 0"
526184,RX,0x181,4,0x30,0x30,0x00,0x00,0x01,,,,"Speed feedback = 0 rpm"
526204,TX,0x201,3,0x90,0x90,0x00,0x00,,,,,"Set torque = 0"
526230,TX,0x201,3,0x90,0x90,0x00,0x00,,,,,"Set torque = 0"
526313,RX,0x181,6,0x40,0x40,0x10,0x43,0x80,0x00,0x0B,,"Status word = 0x4310"
526320,RX,0x181,4,0x30,0x30,0x00,0x00,0x01,,,,"Speed feedback = 0 rpm"
526333,TX,0x201,3,0x90,0x90,0x00,0x00,,,,,"Set torque = 0"
526360,TX,0x201,3,0x90,0x90,0x00,0x00,,,,,"Set torque = 0"
526370,RX,0x181,6,0x40,0x40,0x10,0x43,0x80,0x00,0x0B,,"Status word = 0x4310"
526377,RX,0x181,4,0x30,0x30,0x00,0x00,0x01,,,,"Speed feedback = 0 rpm"
526386,TX,0x201,3,0x90,0x90,0x00,0x00,,,,,"Set torque = 0"
526412,TX,0x201,3,0x90,0x90,0x00,0x00,,,,,"Set torque = 0"
526438,TX,0x201,3,0x90,0x90,0x00,0x00,,,,,"Set torque = 0"
526466,TX,0x201,3,0x90,0x90,0x00,0x00,,,,,"Set torque = 0"
526472,RX,0x181,6,0x40,0x40,0x10,0x43,0x80,0x00,0x0B,,"Status word = 0x4310"
526479,RX,0x181,4,0x30,0x30,0x00,0x00,0x01,,,,"Speed feedback = 0 rpm"
526492,TX,0x201,3,0x90,0x90,0x00,0x00,,,,,"Set torque = 0"
526518,TX,0x201,3,0x90,0x90,0x00,0x00,,,,,"Set torque = 0"
526544,TX,0x201,3,0x90,0x90,0x00,0x00,,,,,"Set torque = 0"
526570,TX,0x201,3,0x90,0x90,0x00,0x00,,,,,"Set torque = 0"
526576,RX,0x181,6,0x40,0x40,0x10,0x43,0x80,0x00,0x0B,,"Status word = 0x4310"
526583,RX,0x181,4,0x30,0x30,0x00,0x00,0x01,,,,"Speed feedback = 0 rpm"
526596,TX,0x201,3,0x90,0x90,0x00,0x00,,,,,"Set torque = 0"
526622,TX,0x201,3,0x90,0x90,0x00,0x00,,,,,"Set torque = 0"
526648,TX,0x201,3,0x90,0x90,0x00,0x00,,,,,"Set torque = 0"
526670,RX,0x181,6,0x40,0x40,0x10,0x43,0x80,0x00,0x0B,,"Status word = 0x4310"
526677,TX,0x201,3,0x90,0x90,0x00,0x00,,,,,"Set torque = 0"
526683,RX,0x181,4,0x30,0x30,0x00,0x00,0x01,,,,"Speed feedback = 0 rpm"
526769,TX,0x201,3,0x90,0x90,0x00,0x00,,,,,"Set torque = 0"
526776,RX,0x181,6,0x40,0x40,0x10,0x43,0x80,0x00,0x0B,,"Status word = 0x4310"
526783,RX,0x181,4,0x30,0x30,0x00,0x00,0x01,,,,"Speed feedback = 0 rpm"
526796,TX,0x201,3,0x90,0x90,0x00,0x00,,,,,"Set torque = 0"
526822,TX,0x201,3,0x90,0x90,0x00,0x00,,,,,"Set torque = 0"
526848,TX,0x201,3,0x90,0x90,0x00,0x00,,,,,"Set torque = 0"
526869,RX,0x181,6,0x40,0x40,0x10,0x43,0x80,0x00,0x0B,,"Status word = 0x4310"
526876,TX,0x201,3,0x90,0x90,0x00,0x00,,,,,"Set torque = 0"
526883,RX,0x181,4,0x30,0x30,0x00,0x00,0x01,,,,"Speed feedback = 0 rpm"
526903,TX,0x201,3,0x90,0x90,0x00,0x00,,,,,"Set torque = 0"
526929,TX,0x201,3,0x90,0x90,0x00,0x00,,,,,"Set torque = 0"
526955,TX,0x201,3,0x90,0x90,0x00,0x00,,,,,"Set torque = 0"
526969,RX,0x181,6,0x40,0x40,0x10,0x43,0x80,0x00,0x0B,,"Status word = 0x4310"
526976,RX,0x181,4,0x30,0x30,0x00,0x00,0x01,,,,"Speed feedback = 0 rpm"
526983,TX,0x201,3,0x90,0x90,0x00,0x00,,,,,"Set torque = 0"
527010,TX,0x201,3,0x90,0x90,0x00,0x00,,,,,"Set torque = 0"
527036,TX,0x201,3,0x90,0x90,0x00,0x00,,,,,"Set torque = 0"
527060,TX,0x201,3,0x90,0x90,0x00,0x00,,,,,"Set torque = 0"
527069,RX,0x181,6,0x40,0x40,0x10,0x43,0x80,0x00,0x0B,,"Status word = 0x4310"
527076,RX,0x181,4,0x30,0x30,0x00,0x00,0x01,,,,"Speed feedback = 0 rpm"
527086,TX,0x201,3,0x90,0x90,0x00,0x00,,,,,"Set torque = 0"
527112,TX,0x201,3,0x90,0x90,0x00,0x00,,,,,"Set torque = 0"
527138,TX,0x201,3,0x90,0x90,0x00,0x00,,,,,"Set torque = 0"
527164,TX,0x201,3,0x90,0x90,0x00,0x00,,,,,"Set torque = 0"
527249,RX,0x181,6,0x40,0x40,0x10,0x43,0x80,0x00,0x0B,,"Status word = 0x4310"
527256,RX,0x181,4,0x30,0x30,0x00,0x00,0x01,,,,"Speed feedback = 0 rpm"
527269,TX,0x201,3,0x90,0x90,0x00,0x00,,,,,"Set torque = 0"
527275,RX,0x181,6,0x40,0x40,0x10,0x43,0x80,0x00,0x0B,,"Status word = 0x4310"
527282,RX,0x181,4,0x30,0x30,0x00,0x00,0x01,,,,"Speed feedback = 0 rpm"
527295,TX,0x201,3,0x90,0x90,0x00,0x00,,,,,"Set torque = 0"
527321,TX,0x201,3,0x90,0x90,0x00,0x00,,,,,"Set torque = 0"
527347,TX,0x201,3,0x90,0x90,0x00,0x00,,,,,"Set torque = 0"
527369,RX,0x181,6,0x40,0x40,0x10,0x43,0x80,0x00,0x0B,,"Status word = 0x4310"
527376,RX,0x181,4,0x30,0x30,0x00,0x00,0x01,,,,"Speed feedback = 0 rpm"
527383,TX,0x201,3,0x90,0x90,0x00,0x00,,,,,"Set torque = 0"
527409,TX,0x201,3,0x90,0x90,0x00,0x00,,,,,"Set torque = 0"
527435,TX,0x201,3,0x90,0x90,0x00,0x00,,,,,"Set torque = 0"
527461,TX,0x201,3,0x90,0x90,0x00,0x00,,,,,"Set torque = 0"
527468,RX,0x181,6,0x40,0x40,0x10,0x43,0x80,0x00,0x0B,,"Status word = 0x4310"
527475,RX,0x181,4,0x30,0x30,0x00,0x00,0x01,,,,"Speed feedback = 0 rpm"
527487,TX,0x201,3,0x90,0x90,0x00,0x00,,,,,"Set torque = 0"
527513,TX,0x201,3,0x90,0x90,0x00,0x00,,,,,"Set torque = 0"
527540,TX,0x201,3,0x90,0x90,0x00,0x00,,,,,"Set torque = 0"
527566,TX,0x201,3,0x90,0x90,0x00,0x00,,,,,"Set torque = 0"
527572,RX,0x181,6,0x40,0x40,0x10,0x43,0x80,0x00,0x0B,,"Status word = 0x4310"
527579,RX,0x181,4,0x30,0x30,0x00,0x00,0x01,,,,"Speed feedback = 0 rpm"
527592,TX,0x201,3,0x90,0x90,0x00,0x00,,,,,"Set torque = 0"
527618,TX,0x201,3,0x90,0x90,0x00,0x00,,,,,"Set torque = 0"
527707,RX,0x181,6,0x40,0x40,0x10,0x43,0x80,0x00,0x0B,,"Status word = 0x4310"
527714,RX,0x181,4,0x30,0x30,0x00,0x00,0x01,,,,"Speed feedback = 0 rpm"
527727,TX,0x201,3,0x90,0x90,0x00,0x00,,,,,"Set torque = 0"
527753,TX,0x201,3,0x90,0x90,0x00,0x00,,,,,"Set torque = 0"
527768,RX,0x181,6,0x40,0x40,0x10,0x43,0x80,0x00,0x0B,,"Status word = 0x4310"
527775,RX,0x181,4,0x30,0x30,0x00,0x00,0x01,,,,"Speed feedback = 0 rpm"
527782,TX,0x201,3,0x90,0x90,0x00,0x00,,,,,"Set torque = 0"
527809,TX,0x201,3,0x90,0x90,0x00,0x00,,,,,"Set torque = 0"
527835,TX,0x201,3,0x90,0x90,0x00,0x00,,,,,"Set torque = 0"
527861,TX,0x201,3,0x90,0x90,0x00,0x00,,,,,"Set torque = 0"
527868,RX,0x181,6,0x40,0x40,0x10,0x43,0x80,0x00,0x0B,,"Status word = 0x4310"
527875,RX,0x181,4,0x30,0x30,0x00,0x00,0x01,,,,"Speed feedback = 0 rpm"
527887,TX,0x201,3,0x90,0x90,0x00,0x00,,,,,"Set torque = 0"
527913,TX,0x201,3,0x90,0x90,0x00,0x00,,,,,"Set torque = 0"
527939,TX,0x201,3,0x90,0x90,0x00,0x00,,,,,"Set torque = 0"
527965,TX,0x201,3,0x90,0x90,0x00,0x00,,,,,"Set torque = 0"
527971,RX,0x181,6,0x40,0x40,0x10,0x43,0x80,0x00,0x0B,,"Status word = 0x4310"
527978,RX,0x181,4,0x30,0x30,0x00,0x00,0x01,,,,"Speed feedback = 0 rpm"
527991,TX,0x201,3,0x90,0x90,0x00,0x00,,,,,"Set torque = 0"
528017,TX,0x201,3,0x90,0x90,0x00,0x00,,,,,"Set torque = 0"
528044,TX,0x201,3,0x90,0x90,0x00,0x00,,,,,"Set torque = 0"
528068,RX,0x181,6,0x40,0x40,0x10,0x43,0x80,0x00,0x0B,,"Status word = 0x4310"
528074,TX,0x201,3,0x90,0x90,0x00,0x00,,,,,"Set torque = 0"
528159,RX,0x181,4,0x30,0x30,0x00,0x00,0x01,,,,"Speed feedback = 0 rpm"
528167,RX,0x181,6,0x40,0x40,0x10,0x43,0x80,0x00,0x0B,,"Status word = 0x4310"
528174,RX,0x181,4,0x30,0x30,0x00,0x00,0x01,,,,"Speed feedback = 0 rpm"
528181,TX,0x201,3,0x90,0x90,0x00,0x00,,,,,"Set torque = 0"
528208,TX,0x201,3,0x90,0x90,0x00,0x00,,,,,"Set torque = 0"
528234,TX,0x201,3,0x90,0x90,0x00,0x00,,,,,"Set torque = 0"
528261,TX,0x201,3,0x90,0x90,0x00,0x00,,,,,"Set torque = 0"
528267,RX,0x181,6,0x40,0x40,0x10,0x43,0x80,0x00,0x0B,,"Status word = 0x4310"
528274,RX,0x181,4,0x30,0x30,0x00,0x00,0x01,,,,"Speed feedback = 0 rpm"
528287,TX,0x201,3,0x90,0x90,0x00,0x00,,,,,"Set torque = 0"
528313,TX,0x201,3,0x90,0x90,0x00,0x00,,,,,"Set torque = 0"
528339,TX,0x201,3,0x90,0x90,0x00,0x00,,,,,"Set torque = 0"
528365,TX,0x201,3,0x90,0x90,0x00,0x00,,,,,"Set torque = 0"
528371,RX,0x181,6,0x40,0x40,0x10,0x43,0x80,0x00,0x0B,,"Status word = 0x4310"
528378,RX,0x181,4,0x30,0x30,0x00,0x00,0x01,,,,"Speed feedback = 0 rpm"
528391,TX,0x201,3,0x90,0x90,0x00,0x00,,,,,"Set torque = 0"
528417,TX,0x201,3,0x90,0x90,0x00,0x00,,,,,"Set torque = 0"
528443,TX,0x201,3,0x90,0x90,0x00,0x00,,,,,"Set torque = 0"
528467,RX,0x181,6,0x40,0x40,0x10,0x43,0x80,0x00,0x0B,,"Status word = 0x4310"
528474,TX,0x201,3,0x90,0x90,0x00,0x00,,,,,"Set torque = 0"
528480,RX,0x181,4,0x30,0x30,0x00,0x00,0x01,,,,"Speed feedback = 0 rpm"
528500,TX,0x201,3,0x90,0x90,0x00,0x00,,,,,"Set torque = 0"
528526,TX,0x201,3,0x90,0x90,0x00,0x00,,,,,"Set torque = 0"
528552,TX,0x201,3,0x90,0x90,0x00,0x00,,,,,"Set torque = 0"
528631,RX,0x181,6,0x40,0x40,0x10,0x43,0x80,0x00,0x0B,,"Status word = 0x4310"
528638,RX,0x181,4,0x30,0x30,0x00,0x00,0x01,,,,"Speed feedback = 0 rpm"
528651,TX,0x201,3,0x90,0x90,0x00,0x00,,,,,"Set torque = 0"
528667,RX,0x181,6,0x40,0x40,0x10,0x43,0x80,0x00,0x0B,,"Status word = 0x4310"
528674,RX,0x181,4,0x30,0x30,0x00,0x00,0x01,,,,"Speed feedback = 0 rpm"
528680,TX,0x201,3,0x90,0x90,0x00,0x00,,,,,"Set torque = 0"
528707,TX,0x201,3,0x90,0x90,0x00,0x00,,,,,"Set torque = 0"
528733,TX,0x201,3,0x90,0x90,0x00,0x00,,,,,"Set torque = 0"
528759,TX,0x201,3,0x90,0x90,0x00,0x00,,,,,"Set torque = 0"
528766,RX,0x181,6,0x40,0x40,0x10,0x43,0x80,0x00,0x0B,,"Status word = 0x4310"
528773,RX,0x181,4,0x30,0x30,0x00,0x00,0x01,,,,"Speed feedback = 0 rpm"
528786,TX,0x201,3,0x90,0x90,0x00,0x00,,,,,"Set torque = 0"
528812,TX,0x201,3,0x90,0x90,0x00,0x00,,,,,"Set torque = 0"
528838,TX,0x201,3,0x90,0x90,0x00,0x00,,,,,"Set torque = 0"
528864,TX,0x201,3,0x90,0x90,0x00,0x00,,,,,"Set torque = 0"
528870,RX,0x181,6,0x40,0x40,0x10,0x43,0x80,0x00,0x0B,,"Status word = 0x4310"
528877,RX,0x181,4,0x30,0x30,0x00,0x00,0x01,,,,"Speed feedback = 0 rpm"
528890,TX,0x201,3,0x90,0x90,0x00,0x00,,,,,"Set torque = 0"
528917,TX,0x201,3,0x90,0x90,0x00,0x00,,,,,"Set torque = 0"
528943,TX,0x201,3,0x90,0x90,0x00,0x00,,,,,"Set torque = 0"
528966,RX,0x181,6,0x40,0x40,0x10,0x43,0x80,0x00,0x0B,,"Status word = 0x4310"
528973,TX,0x201,3,0x90,0x90,0x00,0x00,,,,,"Set torque = 0"
528980,RX,0x181,4,0x30,0x30,0x00,0x00,0x01,,,,"Speed feedback = 0 rpm"
529000,TX,0x201,3,0x90,0x90,0x00,0x00,,,,,"Set torque = 0"
529081,RX,0x181,6,0x40,0x40,0x10,0x43,0x80,0x00,0x0B,,"Status word = 0x4310"
529087,RX,0x181,4,0x30,0x30,0x00,0x00,0x01,,,,"Speed feedback = 0 rpm"
529101,TX,0x201,3,0x90,0x90,0x00,0x00,,,,,"Set torque = 0"
529128,TX,0x201,3,0x90,0x90,0x00,0x00,,,,,"Set torque = 0"
529154,TX,0x201,3,0x90,0x90,0x00,0x00,,,,,"Set torque = 0"
529166,RX,0x181,6,0x40,0x40,0x10,0x43,0x80,0x00,0x0B,,"Status word = 0x4310"
529173,RX,0x181,4,0x30,0x30,0x00,0x00,0x01,,,,"Speed feedback = 0 rpm"
529180,TX,0x201,3,0x90,0x90,0x00,0x00,,,,,"Set torque = 0"
529206,TX,0x201,3,0x90,0x90,0x00,0x00,,,,,"Set torque = 0"
529232,TX,0x201,3,0x90,0x90,0x00,0x00,,,,,"Set torque = 0"
529258,TX,0x201,3,0x90,0x90,0x00,0x00,,,,,"Set torque = 0"
529266,RX,0x181,6,0x40,0x40,0x10,0x43,0x80,0x00,0x0B,,"Status word = 0x4310"
529273,RX,0x181,4,0x30,0x30,0x00,0x00,0x01,,,,"Speed feedback = 0 rpm"
529284,TX,0x201,3,0x90,0x90,0x00,0x00,,,,,"Set torque = 0"
529310,TX,0x201,3,0x90,0x90,0x00,0x00,,,,,"Set torque = 0"
529336,TX,0x201,3,0x90,0x90,0x00,0x00,,,,,"Set torque = 0"
529362,TX,0x201,3,0x90,0x90,0x00,0x00,,,,,"Set torque = 0"
529368,RX,0x181,6,0x40,0x40,0x10,0x43,0x80,0x00,0x0B,,"Status word = 0x4310"
529375,RX,0x181,4,0x30,0x30,0x00,0x00,0x01,,,,"Speed feedback = 0 rpm"
529388,TX,0x201,3,0x90,0x90,0x00,0x00,,,,,"Set torque = 0"
529414,TX,0x201,3,0x90,0x90,0x00,0x00,,,,,"Set torque = 0"
529441,TX,0x201,3,0x90,0x90,0x00,0x00,,,,,"Set torque = 0"
529465,RX,0x181,6,0x40,0x40,0x10,0x43,0x80,0x00,0x0B,,"Status word = 0x4310"
529472,TX,0x201,3,0x90,0x90,0x00,0x00,,,,,"Set torque = 0"
529555,RX,0x181,4,0x30,0x30,0x00,0x00,0x01,,,,"Speed feedback = 0 rpm"
529565,RX,0x181,6,0x40,0x40,0x10,0x43,0x80,0x00,0x0B,,"Status word = 0x4310"
529572,RX,0x181,4,0x30,0x30,0x00,0x00,0x01,,,,"Speed feedback = 0 rpm"
529579,TX,0x201,3,0x90,0x90,0x00,0x00,,,,,"Set torque = 0"
529606,TX,0x201,3,0x90,0x90,0x00,0x00,,,,,"Set torque = 0"
529632,TX,0x201,3,0x90,0x90,0x00,0x00,,,,,"Set torque = 0"
529659,TX,0x201,3,0x90,0x90,0x00,0x00,,,,,"Set torque = 0"
529665,RX,0x181,6,0x40,0x40,0x10,0x43,0x80,0x00,0x0B,,"Status word = 0x4310"
529672,RX,0x181,4,0x30,0x30,0x00,0x00,0x01,,,,"Speed feedback = 0 rpm"
529685,TX,0x201,3,0x90,0x90,0x00,0x00,,,,,"Set torque = 0"
529711,TX,0x201,3,0x90,0x90,0x00,0x00,,,,,"Set torque = 0"
529737,TX,0x201,3,0x90,0x90,0x00,0x00,,,,,"Set torque = 0"
529763,TX,0x201,3,0x90,0x90,0x00,0x00,,,,,"Set torque = 0"
529769,RX,0x181,6,0x40,0x40,0x10,0x43,0x80,0x00,0x0B,,"Status word = 0x4310"
529776,RX,0x181,4,0x30,0x30,0x00,0x00,0x01,,,,"Speed feedback = 0 rpm"
529789,TX,0x201,3,0x90,0x90,0x00,0x00,,,,,"Set torque = 0"
529815,TX,0x201,3,0x90,0x90,0x00,0x00,,,,,"Set torque = 0"
529841,TX,0x201,3,0x90,0x90,0x00,0x00,,,,,"Set torque = 0"
529865,RX,0x181,6,0x40,0x40,0x10,0x43,0x80,0x00,0x0B,,"Status word = 0x4310"
529872,TX,0x201,3,0x90,0x90,0x00,0x00,,,,,"Set torque = 0"
529878,RX,0x181,4,0x30,0x30,0x00,0x00,0x01,,,,"Speed feedback = 0 rpm"
529898,TX,0x201,3,0x90,0x90,0x00,0x00,,,,,"Set torque = 0"
529924,TX,0x201,3,0x90,0x90,0x00,0x00,,,,,"Set torque = 0"
529950,TX,0x201,3,0x90,0x90,0x00,0x00,,,,,"Set torque = 0"
530035,RX,0x181,6,0x40,0x40,0x10,0x43,0x80,0x00,0x0B,,"Status word = 0x4310"
530042,RX,0x181,4,0x30,0x30,0x00,0x00,0x01,,,,"Speed feedback = 0 rpm"
530055,TX,0x201,3,0x90,0x90,0x00,0x00,,,,,"Set torque = 0"
530064,RX,0x181,6,0x40,0x40,0x10,0x43,0x80,0x00,0x0B,,"Status word = 0x4310"
530071,RX,0x181,4,0x30,0x30,0x00,0x00,0x01,,,,"Speed feedback = 0 rpm"
530081,TX,0x201,3,0x90,0x90,0x00,0x00,,,,,"Set torque = 0"
530107,TX,0x201,3,0x90,0x90,0x00,0x00,,,,,"Set torque = 0"
530133,TX,0x201,3,0x90,0x90,0x00,0x00,,,,,"Set torque = 0"
530159,TX,0x201,3,0x90,0x90,0x00,0x00,,,,,"Set torque = 0"
530166,RX,0x181,6,0x40,0x40,0x10,0x43,0x80,0x00,0x0B,,"Status word = 0x4310"
530172,RX,0x181,4,0x30,0x30,0x00,0x00,0x01,,,,"Speed feedback = 0 rpm"
530186,TX,0x201,3,0x90,0x90,0x00,0x00,,,,,"Set torque = 0"
530212,TX,0x201,3,0x90,0x90,0x00,0x00,,,,,"Set torque = 0"
530238,TX,0x201,3,0x90,0x90,0x00,0x00,,,,,"Set torque = 0"
530264,TX,0x201,3,0x90,0x90,0x00,0x00,,,,,"Set torque = 0"
530270,RX,0x181,6,0x40,0x40,0x10,0x43,0x80,0x00,0x0B,,"Status word = 0x4310"
530277,RX,0x181,4,0x30,0x30,0x00,0x00,0x01,,,,"Speed feedback = 0 rpm"
530290,TX,0x201,3,0x90,0x90,0x00,0x00,,,,,"Set torque = 0"
530317,TX,0x201,3,0x90,0x90,0x00,0x00,,,,,"Set torque = 0"
530343,TX,0x201,3,0x90,0x90,0x00,0x00,,,,,"Set torque = 0"
530364,RX,0x181,6,0x40,0x40,0x10,0x43,0x80,0x00,0x0B,,"Status word = 0x4310"
530371,TX,0x201,3,0x90,0x90,0x00,0x00,,,,,"Set torque = 0"
530377,RX,0x181,4,0x30,0x30,0x00,0x00,0x01,,,,"Speed feedback = 0 rpm"
530397,TX,0x201,3,0x90,0x90,0x00,0x00,,,,,"Set torque = 0"
530484,RX,0x181,6,0x40,0x40,0x10,0x43,0x80,0x00,0x0B,,"Status word = 0x4310"
530490,RX,0x181,4,0x30,0x30,0x00,0x00,0x01,,,,"Speed feedback = 0 rpm"
530504,TX,0x201,3,0x90,0x90,0x00,0x00,,,,,"Set torque = 0"
530531,TX,0x201,3,0x90,0x90,0x00,0x00,,,,,"Set torque = 0"
530557,TX,0x201,3,0x90,0x90,0x00,0x00,,,,,"Set torque = 0"
530564,RX,0x181,6,0x40,0x40,0x10,0x43,0x80,0x00,0x0B,,"Status word = 0x4310"
530571,RX,0x181,4,0x30,0x30,0x00,0x00,0x01,,,,"Speed feedback = 0 rpm"
530583,TX,0x201,3,0x90,0x90,0x00,0x00,,,,,"Set torque = 0"
530609,TX,0x201,3,0x90,0x90,0x00,0x00,,,,,"Set torque = 0"
530635,TX,0x201,3,0x90,0x90,0x00,0x00,,,,,"Set torque = 0"
530661,TX,0x201,3,0x90,0x90,0x00,0x00,,,,,"Set torque = 0"
530667,RX,0x181,6,0x40,0x40,0x10,0x43,0x80,0x00,0x0B,,"Status word = 0x4310"
530674,RX,0x181,4,0x30,0x30,0x00,0x00,0x01,,,,"Speed feedback = 0 rpm"
530687,TX,0x201,3,0x90,0x90,0x00,0x00,,,,,"Set torque = 0"
530713,TX,0x201,3,0x90,0x90,0x00,0x00,,,,,"Set torque = 0"
530739,TX,0x201,3,0x90,0x90,0x00,0x00,,,,,"Set torque = 0"
530763,RX,0x181,6,0x40,0x40,0x10,0x43,0x80,0x00,0x0B,,"Status word = 0x4310"
530770,TX,0x201,3,0x90,0x90,0x00,0x00,,,,,"Set torque = 0"
530777,RX,0x181,4,0x30,0x30,0x00,0x00,0x01,,,,"Speed feedback = 0 rpm"
530797,TX,0x201,3,0x90,0x90,0x00,0x00,,,,,"Set torque = 0"
530823,TX,0x201,3,0x90,0x90,0x00,0x00,,,,,"Set torque = 0"
530850,TX,0x201,3,0x90,0x90,0x00,0x00,,,,,"Set torque = 0"
530863,RX,0x181,6,0x40,0x40,0x10,0x43,0x80,0x00,0x0B,,"Status word = 0x4310"
530870,RX,0x181,4,0x30,0x30,0x00,0x00,0x01,,,,"Speed feedback = 0 rpm"
530955,TX,0x201,3,0x90,0x90,0x00,0x00,,,,,"Set torque = 0"
530963,RX,0x181,6,0x40,0x40,0x10,0x43,0x80,0x00,0x0B,,"Status word = 0x4310"
530970,RX,0x181,4,0x30,0x30,0x00,0x00,0x01,,,,"Speed feedback = 0 rpm"
530982,TX,0x201,3,0x90,0x90,0x00,0x00,,,,,"Set torque = 0"
531008,TX,0x201,3,0x90,0x90,0x00,0x00,,,,,"Set torque = 0"
531034,TX,0x201,3,0x90,0x90,0x00,0x00,,,,,"Set torque = 0"
531061,TX,0x201,3,0x90,0x90,0x00,0x00,,,,,"Set torque = 0"
531067,RX,0x181,6,0x40,0x40,0x10,0x43,0x80,0x00,0x0B,,"Status word = 0x4310"
531074,RX,0x181,4,0x30,0x30,0x00,0x00,0x01,,,,"Speed feedback = 0 rpm"
531087,TX,0x201,3,0x90,0x90,0x00,0x00,,,,,"Set torque = 0"
531113,TX,0x201,3,0x90,0x90,0x00,0x00,,,,,"Set torque = 0"
531139,TX,0x201,3,0x90,0x90,0x00,0x00,,,,,"Set torque = 0"
531163,RX,0x181,6,0x40,0x40,0x10,0x43,0x80,0x00,0x0B,,"Status word = 0x4310"
531169,TX,0x201,3,0x90,0x90,0x00,0x00,,,,,"Set torque = 0"
531176,RX,0x181,4,0x30,0x30,0x00,0x00,0x01,,,,"Speed feedback = 0 rpm"
531196,TX,0x201,3,0x90,0x90,0x00,0x00,,,,,"Set torque = 0"
531222,TX,0x201,3,0x90,0x90,0x00,0x00,,,,,"Set torque = 0"
531248,TX,0x201,3,0x90,0x90,0x00,0x00,,,,,"Set torque = 0"
531262,RX,0x181,6,0x40,0x40,0x10,0x43,0x80,0x00,0x0B,,"Status word = 0x4310"
531271,RX,0x181,4,0x30,0x30,0x00,0x00,0x01,,,,"Speed feedback = 0 rpm"
531277,TX,0x201,3,0x90,0x90,0x00,0x00,,,,,"Set torque = 0"
531304,TX,0x201,3,0x90,0x90,0x00,0x00,,,,,"Set torque = 0"
531330,TX,0x201,3,0x90,0x90,0x00,0x00,,,,,"Set torque = 0"
531414,RX,0x181,6,0x40,0x40,0x10,0x43,0x80,0x00,0x0B,,"Status word = 0x4310"
531420,RX,0x181,4,0x30,0x30,0x00,0x00,0x01,,,,"Speed feedback = 0 rpm"
531434,TX,0x201,3,0x90,0x90,0x00,0x00,,,,,"Set torque = 0"
531460,TX,0x201,3,0x90,0x90,0x00,0x00,,,,,"Set torque = 0"
531466,RX,0x181,6,0x40,0x40,0x10,0x43,0x80,0x00,0x0B,,"Status word = 0x4310"
531473,RX,0x181,4,0x30,0x30,0x00,0x00,0x01,,,,"Speed feedback = 0 rpm"
531486,TX,0x201,3,0x90,0x90,0x00,0x00,,,,,"Set torque = 0"
531512,TX,0x201,3,0x90,0x90,0x00,0x00,,,,,"Set torque = 0"
531538,TX,0x201,3,0x90,0x90,0x00,0x00,,,,,"Set torque = 0"
531562,RX,0x181,6,0x40,0x40,0x10,0x43,0x80,0x00,0x0B,,"Status word = 0x4310"
531569,TX,0x201,3,0x90,0x90,0x00,0x00,,,,,"Set torque = 0"
531576,RX,0x181,4,0x30,0x30,0x00,0x00,0x01,,,,"Speed feedback = 0 rpm"
531596,TX,0x201,3,0x90,0x90,0x00,0x00,,,,,"Set torque = 0"
531622,TX,0x201,3,0x90,0x90,0x00,0x00,,,,,"Set torque = 0"
531648,TX,0x201,3,0x90,0x90,0x00,0x00,,,,,"Set torque = 0"
531662,RX,0x181,6,0x40,0x40,0x10,0x43,0x80,0x00,0x0B,,"Status word = 0x4310"
531669,RX,0x181,4,0x30,0x30,0x00,0x00,0x01,,,,"Speed feedback = 0 rpm"
531676,TX,0x201,3,0x90,0x90,0x00,0x00,,,,,"Set torque = 0"
531703,TX,0x201,3,0x90,0x90,0x00,0x00,,,,,"Set torque = 0"
531729,TX,0x201,3,0x90,0x90,0x00,0x00,,,,,"Set torque = 0"
531755,TX,0x201,3,0x90,0x90,0x00,0x00,,,,,"Set torque = 0"
531762,RX,0x181,6,0x40,0x40,0x10,0x43,0x80,0x00,0x0B,,"Status word = 0x4310"
531769,RX,0x181,4,0x30,0x30,0x00,0x00,0x01,,,,"Speed feedback = 0 rpm"
531781,TX,0x201,3,0x90,0x90,0x00,0x00,,,,,"Set torque = 0"
531866,RX,0x181,6,0x40,0x40,0x10,0x43,0x80,0x00,0x0B,,"Status word = 0x4310"
531872,RX,0x181,4,0x30,0x30,0x00,0x00,0x01,,,,"Speed feedback = 0 rpm"
531886,TX,0x201,3,0x90,0x90,0x00,0x00,,,,,"Set torque = 0"
531913,TX,0x201,3,0x90,0x90,0x00,0x00,,,,,"Set torque = 0"
531939,TX,0x201,3,0x90,0x90,0x00,0x00,,,,,"Set torque = 0"
531961,RX,0x181,6,0x40,0x40,0x10,0x43,0x80,0x00,0x0B,,"Status word = 0x4310"
531968,TX,0x201,3,0x90,0x90,0x00,0x00,,,,,"Set torque = 0"
531975,RX,0x181,4,0x30,0x30,0x00,0x00,0x01,,,,"Speed feedback = 0 rpm"
531995,TX,0x201,3,0x90,0x90,0x00,0x00,,,,,"Set torque = 0"
532021,TX,0x201,3,0x90,0x90,0x00,0x00,,,,,"Set torque = 0"
532047,TX,0x201,3,0x90,0x90,0x00,0x00,,,,,"Set torque = 0"
532061,RX,0x181,6,0x40,0x40,0x10,0x43,0x80,0x00,0x0B,,"Status word = 0x4310"
532068,RX,0x181,4,0x30,0x30,0x00,0x00,0x01,,,,"Speed feedback = 0 rpm"
532075,TX,0x201,3,0x90,0x90,0x00,0x00,,,,,"Set torque = 0"
532102,TX,0x201,3,0x90,0x90,0x00,0x00,,,,,"Set torque = 0"
532128,TX,0x201,3,0x90,0x90,0x00,0x00,,,,,"Set torque = 0"
532154,TX,0x201,3,0x90,0x90,0x00,0x00,,,,,"Set torque = 0"
532161,RX,0x181,6,0x40,0x40,0x10,0x43,0x80,0x00,0x0B,,"Status word = 0x4310"
532168,RX,0x181,4,0x30,0x30,0x00,0x00,0x01,,,,"Speed feedback = 0 rpm"
532180,TX,0x201,3,0x90,0x90,0x00,0x00,,,,,"Set torque = 0"
532206,TX,0x201,3,0x90,0x90,0x00,0x00,,,,,"Set torque = 0"
532233,TX,0x201,3,0x90,0x90,0x00,0x00,,,,,"Set torque = 0"
532259,TX,0x201,3,0x90,0x90,0x00,0x00,,,,,"Set torque = 0"
532265,RX,0x181,6,0x40,0x40,0x10,0x43,0x80,0x00,0x0B,,"Status word = 0x4310"
532351,RX,0x181,4,0x30,0x30,0x00,0x00,0x01,,,,"Speed feedback = 0 rpm"
532357,TX,0x201,3,0x90,0x90,0x00,0x00,,,,,"Set torque = 0"
532364,RX,0x181,6,0x40,0x40,0x10,0x43,0x80,0x00,0x0B,,"Status word = 0x4310"
532371,RX,0x181,4,0x30,0x30,0x00,0x00,0x01,,,,"Speed feedback = 0 rpm"
532384,TX,0x201,3,0x90,0x90,0x00,0x00,,,,,"Set torque = 0"
532410,TX,0x201,3,0x90,0x90,0x00,0x00,,,,,"Set torque = 0"
532437,TX,0x201,3,0x90,0x90,0x00,0x00,,,,,"Set torque = 0"
532461,RX,0x181,6,0x40,0x40,0x10,0x43,0x80,0x00,0x0B,,"Status word = 0x4310"
532467,TX,0x201,3,0x90,0x90,0x00,0x00,,,,,"Set torque = 0"
532474,RX,0x181,4,0x30,0x30,0x00,0x00,0x01,,,,"Speed feedback = 0 rpm"
532494,TX,0x201,3,0x90,0x90,0x00,0x00,,,,,"Set torque = 0"
532520,TX,0x201,3,0x90,0x90,0x00,0x00,,,,,"Set torque = 0"
532546,TX,0x201,3,0x90,0x90,0x00,0x00,,,,,"Set torque = 0"
532560,RX,0x181,6,0x40,0x40,0x10,0x43,0x80,0x00,0x0B,,"Status word = 0x4310"
532568,RX,0x181,4,0x30,0x30,0x00,0x00,0x01,,,,"Speed feedback = 0 rpm"
532574,TX,0x201,3,0x90,0x90,0x00,0x00,,,,,"Set torque = 0"
532601,TX,0x201,3,0x90,0x90,0x00,0x00,,,,,"Set torque = 0"
532627,TX,0x201,3,0x90,0x90,0x00,0x00,,,,,"Set torque = 0"
532653,TX,0x201,3,0x90,0x90,0x00,0x00,,,,,"Set torque = 0"
532660,RX,0x181,6,0x40,0x40,0x10,0x43,0x80,0x00,0x0B,,"Status word = 0x4310"
532667,RX,0x181,4,0x30,0x30,0x00,0x00,0x01,,,,"Speed feedback = 0 rpm"
532679,TX,0x201,3,0x90,0x90,0x00,0x00,,,,,"Set torque = 0"
532705,TX,0x201,3,0x90,0x90,0x00,0x00,,,,,"Set torque = 0"
532790,RX,0x181,6,0x40,0x40,0x10,0x43,0x80,0x00,0x0B,,"Status word = 0x4310"
532797,RX,0x181,4,0x30,0x30,0x00,0x00,0x01,,,,"Speed feedback = 0 rpm"
532810,TX,0x201,3,0x90,0x90,0x00,0x00,,,,,"Set torque = 0"
532836,TX,0x201,3,0x90,0x90,0x00,0x00,,,,,"Set torque = 0"
532860,RX,0x181,6,0x40,0x40,0x10,0x43,0x80,0x00,0x0B,,"Status word = 0x4310"
532867,TX,0x201,3,0x90,0x90,0x00,0x00,,,,,"Set torque = 0"
532874,RX,0x181,4,0x30,0x30,0x00,0x00,0x01,,,,"Speed feedback = 0 rpm"
532894,TX,0x201,3,0x90,0x90,0x00,0x00,,,,,"Set torque = 0"
532920,TX,0x201,3,0x90,0x90,0x00,0x00,,,,,"Set torque = 0"
532947,TX,0x201,3,0x90,0x90,0x00,0x00,,,,,"Set torque = 0"
532960,RX,0x181,6,0x40,0x40,0x10,0x43,0x80,0x00,0x0B,,"Status word = 0x4310"
532967,RX,0x181,4,0x30,0x30,0x00,0x00,0x01,,,,"Speed feedback = 0 rpm"
532974,TX,0x201,3,0x90,0x90,0x00,0x00,,,,,"Set torque = 0"
533000,TX,0x201,3,0x90,0x90,0x00,0x00,,,,,"Set torque = 0"
533026,TX,0x201,3,0x90,0x90,0x00,0x00,,,,,"Set torque = 0"
533052,TX,0x201,3,0x90,0x90,0x00,0x00,,,,,"Set torque = 0"
533060,RX,0x181,6,0x40,0x40,0x10,0x43,0x80,0x00,0x0B,,"Status word = 0x4310"
533067,RX,0x181,4,0x30,0x30,0x00,0x00,0x01,,,,"Speed feedback = 0 rpm"
533078,TX,0x201,3,0x90,0x90,0x00,0x00,,,,,"Set torque = 0"
533104,TX,0x201,3,0x90,0x90,0x00,0x00,,,,,"Set torque = 0"
533130,TX,0x201,3,0x90,0x90,0x00,0x00,,,,,"Set torque = 0"
533156,TX,0x201,3,0x90,0x90,0x00,0x00,,,,,"Set torque = 0"
533162,RX,0x181,6,0x40,0x40,0x10,0x43,0x80,0x00,0x0B,,"Status word = 0x4310"
533169,RX,0x181,4,0x30,0x30,0x00,0x00,0x01,,,,"Speed feedback = 0 rpm"
533254,TX,0x201,3,0x90,0x90,0x00,0x00,,,,,"Set torque = 0"
533261,RX,0x181,6,0x40,0x40,0x10,0x43,0x80,0x00,0x0B,,"Status word = 0x4310"
533267,RX,0x181,4,0x30,0x30,0x00,0x00,0x01,,,,"Speed feedback = 0 rpm"
533281,TX,0x201,3,0x90,0x90,0x00,0x00,,,,,"Set torque = 0"
533307,TX,0x201,3,0x90,0x90,0x00,0x00,,,,,"Set torque = 0"
533333,TX,0x201,3,0x90,0x90,0x00,0x00,,,,,"Set torque = 0"
533359,TX,0x201,3,0x90,0x90,0x00,0x00,,,,,"Set torque = 0"
533365,RX,0x181,6,0x40,0x40,0x10,0x43,0x80,0x00,0x0B,,"Status word = 0x4310"
533372,RX,0x181,4,0x30,0x30,0x00,0x00,0x01,,,,"Speed feedback = 0 rpm"
533385,TX,0x201,3,0x90,0x90,0x00,0x00,,,,,"Set torque = 0"
533411,TX,0x201,3,0x90,0x90,0x00,0x00,,,,,"Set torque = 0"
533437,TX,0x201,3,0x90,0x90,0x00,0x00,,,,,"Set torque = 0"
533459,RX,0x181,6,0x40,0x40,0x10,0x43,0x80,0x00,0x0B,,"Status word = 0x4310"
533466,TX,0x201,3,0x90,0x90,0x00,0x00,,,,,"Set torque = 0"
533473,RX,0x181,4,0x30,0x30,0x00,0x00,0x01,,,,"Speed feedback = 0 rpm"
533493,TX,0x201,3,0x90,0x90,0x00,0x00,,,,,"Set torque = 0"
533519,TX,0x201,3,0x90,0x90,0x00,0x00,,,,,"Set torque = 0"
533545,TX,0x201,3,0x90,0x90,0x00,0x00,,,,,"Set torque = 0"
533559,RX,0x181,6,0x40,0x40,0x10,0x43,0x80,0x00,0x0B,,"Status word = 0x4310"
533566,RX,0x181,4,0x30,0x30,0x00,0x00,0x01,,,,"Speed feedback = 0 rpm"
533573,TX,0x201,3,0x90,0x90,0x00,0x00,,,,,"Set torque = 0"
533600,TX,0x201,3,0x90,0x90,0x00,0x00,,,,,"Set torque = 0"
533626,TX,0x201,3,0x90,0x90,0x00,0x00,,,,,"Set torque = 0"
533652,TX,0x201,3,0x90,0x90,0x00,0x00,,,,,"Set torque = 0"
533739,RX,0x181,6,0x40,0x40,0x10,0x43,0x80,0x00,0x0B,,"Status word = 0x4310"
533746,RX,0x181,4,0x30,0x30,0x00,0x00,0x01,,,,"Speed feedback = 0 rpm"
533759,RX,0x181,6,0x40,0x40,0x10,0x43,0x80,0x00,0x0B,,"Status word = 0x4310"
533765,TX,0x201,3,0x90,0x90,0x00,0x00,,,,,"Set torque = 0"
533772,RX,0x181,4,0x30,0x30,0x00,0x00,0x01,,,,"Speed feedback = 0 rpm"
533792,TX,0x201,3,0x90,0x90,0x00,0x00,,,,,"Set torque = 0"
533819,TX,0x201,3,0x90,0x90,0x00,0x00,,,,,"Set torque = 0"
533845,TX,0x201,3,0x90,0x90,0x00,0x00,,,,,"Set torque = 0"
533858,RX,0x181,6,0x40,0x40,0x10,0x43,0x80,0x00,0x0B,,"Status word = 0x4310"
533865,RX,0x181,4,0x30,0x30,0x00,0x00,0x01,,,,"Speed feedback = 0 rpm"
533872,TX,0x201,3,0x90,0x90,0x00,0x00,,,,,"Set torque = 0"
533899,TX,0x201,3,0x90,0x90,0x00,0x00,,,,,"Set torque = 0"
533925,TX,0x201,3,0x90,0x90,0x00,0x00,,,,,"Set torque = 0"
533951,TX,0x201,3,0x90,0x90,0x00,0x00,,,,,"Set torque = 0"
533958,RX,0x181,6,0x40,0x40,0x10,0x43,0x80,0x00,0x0B,,"Status word = 0x4310"
533965,RX,0x181,4,0x30,0x30,0x00,0x00,0x01,,,,"Speed feedback = 0 rpm"
533977,TX,0x201,3,0x90,0x90,0x00,0x00,,,,,"Set torque = 0"
534003,TX,0x201,3,0x90,0x90,0x00,0x00,,,,,"Set torque = 0"
534029,TX,0x201,3,0x90,0x90,0x00,0x00,,,,,"Set torque = 0"
534055,TX,0x201,3,0x90,0x90,0x00,0x00,,,,,"Set torque = 0"
534061,RX,0x181,6,0x40,0x40,0x10,0x43,0x80,0x00,0x0B,,"Status word = 0x4310"
534068,RX,0x181,4,0x30,0x30,0x00,0x00,0x01,,,,"Speed feedback = 0 rpm"
534081,TX,0x201,3,0x90,0x90,0x00,0x00,,,,,"Set torque = 0"
534107,TX,0x201,3,0x90,0x90,0x00,0x00,,,,,"Set torque = 0"
534200,RX,0x181,6,0x40,0x40,0x10,0x43,0x80,0x00,0x0B,,"Status word = 0x4310"
534207,RX,0x181,4,0x30,0x30,0x00,0x00,0x01,,,,"Speed feedback = 0 rpm"
534220,TX,0x201,3,0x90,0x90,0x00,0x00,,,,,"Set torque = 0"
534246,TX,0x201,3,0x90,0x90,0x00,0x00,,,,,"Set torque = 0"
534258,RX,0x181,6,0x40,0x40,0x10,0x43,0x80,0x00,0x0B,,"Status word = 0x4310"
534265,RX,0x181,4,0x30,0x30,0x00,0x00,0x01,,,,"Speed feedback = 0 rpm"
534272,TX,0x201,3,0x90,0x90,0x00,0x00,,,,,"Set torque = 0"
534298,TX,0x201,3,0x90,0x90,0x00,0x00,,,,,"Set torque = 0"
534324,TX,0x201,3,0x90,0x90,0x00,0x00,,,,,"Set torque = 0"
534351,TX,0x201,3,0x90,0x90,0x00,0x00,,,,,"Set torque = 0"
534358,RX,0x181,6,0x40,0x40,0x10,0x43,0x80,0x00,0x0B,,"Status word = 0x4310"
534365,RX,0x181,4,0x30,0x30,0x00,0x00,0x01,,,,"Speed feedback = 0 rpm"
534377,TX,0x201,3,0x90,0x90,0x00,0x00,,,,,"Set torque = 0"
534403,TX,0x201,3,0x90,0x90,0x00,0x00,,,,,"Set torque = 0"
534429,TX,0x201,3,0x90,0x90,0x00,0x00,,,,,"Set torque = 0"
534455,TX,0x201,3,0x90,0x90,0x00,0x00,,,,,"Set torque = 0"
534461,RX,0x181,6,0x40,0x40,0x10,0x43,0x80,0x00,0x0B,,"Status word = 0x4310"
534468,RX,0x181,4,0x30,0x30,0x00,0x00,0x01,,,,"Speed feedback = 0 rpm"
534481,TX,0x201,3,0x90,0x90,0x00,0x00,,,,,"Set torque = 0"
534507,TX,0x201,3,0x90,0x90,0x00,0x00,,,,,"Set torque = 0"
534533,TX,0x201,3,0x90,0x90,0x00,0x00,,,,,"Set torque = 0"
534557,RX,0x181,6,0x40,0x40,0x10,0x43,0x80,0x00,0x0B,,"Status word = 0x4310"
534564,TX,0x201,3,0x90,0x90,0x00,0x00,,,,,"Set torque = 0"
534571,RX,0x181,4,0x30,0x30,0x00,0x00,0x01,,,,"Speed feedback = 0 rpm"
534663,RX,0x181,6,0x40,0x40,0x10,0x43,0x80,0x00,0x0B,,"Status word = 0x4310"
534669,RX,0x181,4,0x30,0x30,0x00,0x00,0x01,,,,"Speed feedback = 0 rpm"
534676,TX,0x201,3,0x90,0x90,0x00,0x00,,,,,"Set torque = 0"
534703,TX,0x201,3,0x90,0x90,0x00,0x00,,,,,"Set torque = 0"
534729,TX,0x201,3,0x90,0x90,0x00,0x00,,,,,"Set torque = 0"
534755,TX,0x201,3,0x90,0x90,0x00,0x00,,,,,"Set torque = 0"
534761,RX,0x181,6,0x40,0x40,0x10,0x43,0x80,0x00,0x0B,,"Status word = 0x4310"
534768,RX,0x181,4,0x30,0x30,0x00,0x00,0x01,,,,"Speed feedback = 0 rpm"
534781,TX,0x201,3,0x90,0x90,0x00,0x00,,,,,"Set torque = 0"
534807,TX,0x201,3,0x90,0x90,0x00,0x00,,,,,"Set torque = 0"
534833,TX,0x201,3,0x90,0x90,0x00,0x00,,,,,"Set torque = 0"
534857,RX,0x181,6,0x40,0x40,0x10,0x43,0x80,0x00,0x0B,,"Status word = 0x4310"
534864,RX,0x181,4,0x30,0x30,0x00,0x00,0x01,,,,"Speed feedback = 0 rpm"
534871,TX,0x201,3,0x90,0x90,0x00,0x00,,,,,"Set torque = 0"
534897,TX,0x201,3,0x90,0x90,0x00,0x00,,,,,"Set torque = 0"
534923,TX,0x201,3,0x90,0x90,0x00,0x00,,,,,"Set torque = 0"
534949,TX,0x201,3,0x90,0x90,0x00,0x00,,,,,"Set torque = 0"
534957,RX,0x181,6,0x40,0x40,0x10,0x43,0x80,0x00,0x0B,,"Status word = 0x4310"
534964,RX,0x181,4,0x30,0x30,0x00,0x00,0x01,,,,"Speed feedback = 0 rpm"
534975,TX,0x201,3,0x90,0x90,0x00,0x00,,,,,"Set torque = 0"
535001,TX,0x201,3,0x90,0x90,0x00,0x00,,,,,"Set torque = 0"
535028,TX,0x201,3,0x90,0x90,0x00,0x00,,,,,"Set torque = 0"
535054,TX,0x201,3,0x90,0x90,0x00,0x00,,,,,"Set torque = 0"
535060,RX,0x181,6,0x40,0x40,0x10,0x43,0x80,0x00,0x0B,,"Status word = 0x4310"
535152,RX,0x181,4,0x30,0x30,0x00,0x00,0x01,,,,"Speed feedback = 0 rpm"
535159,RX,0x181,6,0x40,0x40,0x10,0x43,0x80,0x00,0x0B,,"Status word = 0x4310"
535166,RX,0x181,4,0x30,0x30,0x00,0x00,0x01,,,,"Speed feedback = 0 rpm"
535173,TX,0x201,3,0x90,0x90,0x00,0x00,,,,,"Set torque = 0"
535199,TX,0x201,3,0x90,0x90,0x00,0x00,,,,,"Set torque = 0"
535225,TX,0x201,3,0x90,0x90,0x00,0x00,,,,,"Set torque = 0"
535252,TX,0x201,3,0x90,0x90,0x00,0x00,,,,,"Set torque = 0"
535258,RX,0x181,6,0x40,0x40,0x10,0x43,0x80,0x00,0x0B,,"Status word = 0x4310"
535265,RX,0x181,4,0x30,0x30,0x00,0x00,0x01,,,,"Speed feedback = 0 rpm"
535278,TX,0x201,3,0x90,0x90,0x00,0x00,,,,,"Set torque = 0"
535304,TX,0x201,3,0x90,0x90,0x00,0x00,,,,,"Set torque = 0"
535330,TX,0x201,3,0x90,0x90,0x00,0x00,,,,,"Set torque = 0"
535356,TX,0x201,3,0x90,0x90,0x00,0x00,,,,,"Set torque = 0"
535362,RX,0x181,6,0x40,0x40,0x10,0x43,0x80,0x00,0x0B,,"Status word = 0x4310"
535369,RX,0x181,4,0x30,0x30,0x00,0x00,0x01,,,,"Speed feedback = 0 rpm"
535382,TX,0x201,3,0x90,0x90,0x00,0x00,,,,,"Set torque = 0"
535408,TX,0x201,3,0x90,0x90,0x00,0x00,,,,,"Set torque = 0"
535434,TX,0x201,3,0x90,0x90,0x00,0x00,,,,,"Set torque = 0"
535456,RX,0x181,6,0x40,0x40,0x10,0x43,0x80,0x00,0x0B,,"Status word = 0x4310"
535463,TX,0x201,3,0x90,0x90,0x00,0x00,,,,,"Set torque = 0"
535469,RX,0x181,4,0x30,0x30,0x00,0x00,0x01,,,,"Speed feedback = 0 rpm"
535489,TX,0x201,3,0x90,0x90,0x00,0x00,,,,,"Set torque = 0"
535515,TX,0x201,3,0x90,0x90,0x00,0x00,,,,,"Set torque = 0"
535541,TX,0x201,3,0x90,0x90,0x00,0x00,,,,,"Set torque = 0"
535633,RX,0x181,6,0x40,0x40,0x10,0x43,0x80,0x00,0x0B,,"Status word = 0x4310"
535640,RX,0x181,4,0x30,0x30,0x00,0x00,0x01,,,,"Speed feedback = 0 rpm"
535653,TX,0x201,3,0x90,0x90,0x00,0x00,,,,,"Set torque = 0"
535659,RX,0x181,6,0x40,0x40,0x10,0x43,0x80,0x00,0x0B,,"Status word = 0x4310"
535666,RX,0x181,4,0x30,0x30,0x00,0x00,0x01,,,,"Speed feedback = 0 rpm"
535679,TX,0x201,3,0x90,0x90,0x00,0x00,,,,,"Set torque = 0"
535705,TX,0x201,3,0x90,0x90,0x00,0x00,,,,,"Set torque = 0"
535731,TX,0x201,3,0x90,0x90,0x00,0x00,,,,,"Set torque = 0"
535755,RX,0x181,6,0x40,0x40,0x10,0x43,0x80,0x00,0x0B,,"Status word = 0x4310"
535762,RX,0x181,4,0x30,0x30,0x00,0x00,0x01,,,,"Speed feedback = 0 rpm"
535769,TX,0x201,3,0x90,0x90,0x00,0x00,,,,,"Set torque = 0"
535796,TX,0x201,3,0x90,0x90,0x00,0x00,,,,,"Set torque = 0"
535822,TX,0x201,3,0x90,0x90,0x00,0x00,,,,,"Set torque = 0"
535848,TX,0x201,3,0x90,0x90,0x00,0x00,,,,,"Set torque = 0"
535855,RX,0x181,6,0x40,0x40,0x10,0x43,0x80,0x00,0x0B,,"Status word = 0x4310"
535862,RX,0x181,4,0x30,0x30,0x00,0x00,0x01,,,,"Speed feedback = 0 rpm"
535874,TX,0x201,3,0x90,0x90,0x00,0x00,,,,,"Set torque = 0"
535900,TX,0x201,3,0x90,0x90,0x00,0x00,,,,,"Set torque = 0"
535927,TX,0x201,3,0x90,0x90,0x00,0x00,,,,,"Set torque = 0"
535953,TX,0x201,3,0x90,0x90,0x00,0x00,,,,,"Set torque = 0"
535959,RX,0x181,6,0x40,0x40,0x10,0x43,0x80,0x00,0x0B,,"Status word = 0x4310"
535966,RX,0x181,4,0x30,0x30,0x00,0x00,0x01,,,,"Speed feedback = 0 rpm"
535979,TX,0x201,3,0x90,0x90,0x00,0x00,,,,,"Set torque = 0"
536005,TX,0x201,3,0x90,0x90,0x00,0x00,,,,,"Set torque = 0"
536100,RX,0x181,6,0x40,0x40,0x10,0x43,0x80,0x00,0x0B,,"Status word = 0x4310"
536107,RX,0x181,4,0x30,0x30,0x00,0x00,0x01,,,,"Speed feedback = 0 rpm"
536120,TX,0x201,3,0x90,0x90,0x00,0x00,,,,,"Set torque = 0"
536147,TX,0x201,3,0x90,0x90,0x00,0x00,,,,,"Set torque = 0"
536155,RX,0x181,6,0x40,0x40,0x10,0x43,0x80,0x00,0x0B,,"Status word = 0x4310"
536162,RX,0x181,4,0x30,0x30,0x00,0x00,0x01,,,,"Speed feedback = 0 rpm"
536173,TX,0x201,3,0x90,0x90,0x00,0x00,,,,,"Set torque = 0"
536199,TX,0x201,3,0x90,0x90,0x00,0x00,,,,,"Set torque = 0"
536225,TX,0x201,3,0x90,0x90,0x00,0x00,,,,,"Set torque = 0"
536251,TX,0x201,3,0x90,0x90,0x00,0x00,,,,,"Set torque = 0"
536257,RX,0x181,6,0x40,0x40,0x10,0x43,0x80,0x00,0x0B,,"Status word = 0x4310"
536264,RX,0x181,4,0x30,0x30,0x00,0x00,0x01,,,,"Speed feedback = 0 rpm"
536277,TX,0x201,3,0x90,0x90,0x00,0x00,,,,,"Set torque = 0"
536303,TX,0x201,3,0x90,0x90,0x00,0x00,,,,,"Set torque = 0"
536329,TX,0x201,3,0x90,0x90,0x00,0x00,,,,,"Set torque = 0"
536354,RX,0x181,6,0x40,0x40,0x10,0x43,0x80,0x00,0x0B,,"Status word = 0x4310"
536361,TX,0x201,3,0x90,0x90,0x00,0x00,,,,,"Set torque = 0"
536368,RX,0x181,4,0x30,0x30,0x00,0x00,0x01,,,,"Speed feedback = 0 rpm"
536388,TX,0x201,3,0x90,0x90,0x00,0x00,,,,,"Set torque = 0"
536414,TX,0x201,3,0x90,0x90,0x00,0x00,,,,,"Set torque = 0"
536440,TX,0x201,3,0x90,0x90,0x00,0x00,,,,,"Set torque = 0"
536454,RX,0x181,6,0x40,0x40,0x10,0x43,0x80,0x00,0x0B,,"Status word = 0x4310"
536461,RX,0x181,4,0x30,0x30,0x00,0x00,0x01,,,,"Speed feedback = 0 rpm"
536468,TX,0x201,3,0x90,0x90,0x00,0x00,,,,,"Set torque = 0"
536558,RX,0x181,6,0x40,0x40,0x10,0x43,0x80,0x00,0x0B,,"Status word = 0x4310"
536565,RX,0x181,4,0x30,0x30,0x00,0x00,0x01,,,,"Speed feedback = 0 rpm"
536578,TX,0x201,3,0x90,0x90,0x00,0x00,,,,,"Set torque = 0"
536604,TX,0x201,3,0x90,0x90,0x00,0x00,,,,,"Set torque = 0"
536630,TX,0x201,3,0x90,0x90,0x00,0x00,,,,,"Set torque = 0"
536654,RX,0x181,6,0x40,0x40,0x10,0x43,0x80,0x00,0x0B,,"Status word = 0x4310"
536661,RX,0x181,4,0x30,0x30,0x00,0x00,0x01,,,,"Speed feedback = 0 rpm"
536668,TX,0x201,3,0x90,0x90,0x00,0x00,,,,,"Set torque = 0"
536695,TX,0x201,3,0x90,0x90,0x00,0x00,,,,,"Set torque = 0"
536721,TX,0x201,3,0x90,0x90,0x00,0x00,,,,,"Set torque = 0"
536747,TX,0x201,3,0x90,0x90,0x00,0x00,,,,,"Set torque = 0"
536754,RX,0x181,6,0x40,0x40,0x10,0x43,0x80,0x00,0x0B,,"Status word = 0x4310"
536761,RX,0x181,4,0x30,0x30,0x00,0x00,0x01,,,,"Speed feedback = 0 rpm"
536773,TX,0x201,3,0x90,0x90,0x00,0x00,,,,,"Set torque = 0"
536799,TX,0x201,3,0x90,0x90,0x00,0x00,,,,,"Set torque = 0"
536826,TX,0x201,3,0x90,0x90,0x00,0x00,,,,,"Set torque = 0"
536852,TX,0x201,3,0x90,0x90,0x00,0x00,,,,,"Set torque = 0"
536858,RX,0x181,6,0x40,0x40,0x10,0x43,0x80,0x00,0x0B,,"Status word = 0x4310"
536865,RX,0x181,4,0x30,0x30,0x00,0x00,0x01,,,,"Speed feedback = 0 rpm"
536878,TX,0x201,3,0x90,0x90,0x00,0x00,,,,,"Set torque = 0"
536904,TX,0x201,3,0x90,0x90,0x00,0x00,,,,,"Set torque = 0"
536930,TX,0x201,3,0x90,0x90,0x00,0x00,,,,,"Set torque = 0"
536953,RX,0x181,6,0x40,0x40,0x10,0x43,0x80,0x00,0x0B,,"Status word = 0x4310"
536960,TX,0x201,3,0x90,0x90,0x00,0x00,,,,,"Set torque = 0"
536967,RX,0x181,4,0x30,0x30,0x00,0x00,0x01,,,,"Speed feedback = 0 rpm"
536987,TX,0x201,3,0x90,0x90,0x00,0x00,,,,,"Set torque = 0"
537013,TX,0x201,3,0x90,0x90,0x00,0x00,,,,,"Set torque = 0"
537039,TX,0x201,3,0x90,0x90,0x00,0x00,,,,,"Set torque = 0"
537053,RX,0x181,6,0x40,0x40,0x10,0x43,0x80,0x00,0x0B,,"Status word = 0x4310"
537060,RX,0x181,4,0x30,0x30,0x00,0x00,0x01,,,,"Speed feedback = 0 rpm"
537067,TX,0x201,3,0x90,0x90,0x00,0x00,,,,,"Set torque = 0"
537094,TX,0x201,3,0x90,0x90,0x00,0x00,,,,,"Set torque = 0"
537120,TX,0x201,3,0x90,0x90,0x00,0x00,,,,,"Set torque = 0"
537147,TX,0x201,3,0x90,0x90,0x00,0x00,,,,,"Set torque = 0"
537153,RX,0x181,6,0x40,0x40,0x10,0x43,0x80,0x00,0x0B,,"Status word = 0x4310"
537160,RX,0x181,4,0x30,0x30,0x00,0x00,0x01,,,,"Speed feedback = 0 rpm"
537173,TX,0x201,3,0x90,0x90,0x00,0x00,,,,,"Set torque = 0"
537199,TX,0x201,3,0x90,0x90,0x00,0x00,,,,,"Set torque = 0"
537225,TX,0x201,3,0x90,0x90,0x00,0x00,,,,,"Set torque = 0"
537251,TX,0x201,3,0x90,0x90,0x00,0x00,,,,,"Set torque = 0"
537257,RX,0x181,6,0x40,0x40,0x10,0x43,0x80,0x00,0x0B,,"Status word = 0x4310"
537264,RX,0x181,4,0x30,0x30,0x00,0x00,0x01,,,,"Speed feedback = 0 rpm"
537277,TX,0x201,3,0x90,0x90,0x00,0x00,,,,,"Set torque = 0"
537303,TX,0x201,3,0x90,0x90,0x00,0x00,,,,,"Set torque = 0"
537332,TX,0x201,3,0x90,0x90,0x00,0x00,,,,,"Set torque = 0"
537353,RX,0x181,6,0x40,0x40,0x10,0x43,0x80,0x00,0x0B,,"Status word = 0x4310"
537360,TX,0x201,3,0x90,0x90,0x00,0x00,,,,,"Set torque = 0"
537366,RX,0x181,4,0x30,0x30,0x00,0x00,0x01,,,,"Speed feedback = 0 rpm"
537386,TX,0x201,3,0x90,0x90,0x00,0x00,,,,,"Set torque = 0"
537412,TX,0x201,3,0x90,0x90,0x00,0x00,,,,,"Set torque = 0"
537439,TX,0x201,3,0x90,0x90,0x00,0x00,,,,,"Set torque = 0"
537453,RX,0x181,6,0x40,0x40,0x10,0x43,0x80,0x00,0x0B,,"Status word = 0x4310"
537460,RX,0x181,4,0x30,0x30,0x00,0x00,0x01,,,,"Speed feedback = 0 rpm"
537466,TX,0x201,3,0x90,0x90,0x00,0x00,,,,,"Set torque = 0"
537493,TX,0x201,3,0x90,0x90,0x00,0x00,,,,,"Set torque = 0"
537519,TX,0x201,3,0x90,0x90,0x00,0x00,,,,,"Set torque = 0"
537545,TX,0x201,3,0x90,0x90,0x00,0x00,,,,,"Set torque = 0"
537552,RX,0x181,6,0x40,0x40,0x10,0x43,0x80,0x00,0x0B,,"Status word = 0x4310"
537559,RX,0x181,4,0x30,0x30,0x00,0x00,0x01,,,,"Speed feedback = 0 rpm"
537571,TX,0x201,3,0x90,0x90,0x00,0x00,,,,,"Set torque = 0"
537597,TX,0x201,3,0x90,0x90,0x00,0x00,,,,,"Set torque = 0"
537623,TX,0x201,3,0x90,0x90,0x00,0x00,,,,,"Set torque = 0"
537649,TX,0x201,3,0x90,0x90,0x00,0x00,,,,,"Set torque = 0"
537655,RX,0x181,6,0x40,0x40,0x10,0x43,0x80,0x00,0x0B,,"Status word = 0x4310"
537662,RX,0x181,4,0x30,0x30,0x00,0x00,0x01,,,,"Speed feedback = 0 rpm"
537675,TX,0x201,3,0x90,0x90,0x00,0x00,,,,,"Set torque = 0"
537701,TX,0x201,3,0x90,0x90,0x00,0x00,,,,,"Set torque = 0"
537727,TX,0x201,3,0x90,0x90,0x00,0x00,,,,,"Set torque = 0"
537752,RX,0x181,6,0x40,0x40,0x10,0x43,0x80,0x00,0x0B,,"Status word = 0x4310"
537759,TX,0x201,3,0x90,0x90,0x00,0x00,,,,,"Set torque = 0"
537766,RX,0x181,4,0x30,0x30,0x00,0x00,0x01,,,,"Speed feedback = 0 rpm"
537786,TX,0x201,3,0x90,0x90,0x00,0x00,,,,,"Set torque = 0"
537812,TX,0x201,3,0x90,0x90,0x00,0x00,,,,,"Set torque = 0"
537838,TX,0x201,3,0x90,0x90,0x00,0x00,,,,,"Set torque = 0"
537852,RX,0x181,6,0x40,0x40,0x10,0x43,0x80,0x00,0x0B,,"Status word = 0x4310"
537859,RX,0x181,4,0x30,0x30,0x00,0x00,0x01,,,,"Speed feedback = 0 rpm"
537866,TX,0x201,3,0x90,0x90,0x00,0x00,,,,,"Set torque = 0"
537893,TX,0x201,3,0x90,0x90,0x00,0x00,,,,,"Set torque = 0"
537919,TX,0x201,3,0x90,0x90,0x00,0x00,,,,,"Set torque = 0"
537945,TX,0x201,3,0x90,0x90,0x00,0x00,,,,,"Set torque = 0"
537952,RX,0x181,6,0x40,0x40,0x10,0x43,0x80,0x00,0x0B,,"Status word = 0x4310"
537959,RX,0x181,4,0x30,0x30,0x00,0x00,0x01,,,,"Speed feedback = 0 rpm"
537971,TX,0x201,3,0x90,0x90,0x00,0x00,,,,,"Set torque = 0"
537997,TX,0x201,3,0x90,0x90,0x00,0x00,,,,,"Set torque = 0"
538023,TX,0x201,3,0x90,0x90,0x00,0x00,,,,,"Set torque = 0"
538049,TX,0x201,3,0x90,0x90,0x00,0x00,,,,,"Set torque = 0"
538056,RX,0x181,6,0x40,0x40,0x10,0x43,0x80,0x00,0x0B,,"Status word = 0x4310"
538062,RX,0x181,4,0x30,0x30,0x00,0x00,0x01,,,,"Speed feedback = 0 rpm"
538076,TX,0x201,3,0x90,0x90,0x00,0x00,,,,,"Set torque = 0"
538102,TX,0x201,3,0x90,0x90,0x00,0x00,,,,,"Set torque = 0"
538128,TX,0x201,3,0x90,0x90,0x00,0x00,,,,,"Set torque = 0"
538152,RX,0x181,6,0x40,0x40,0x10,0x43,0x80,0x00,0x0B,,"Status word = 0x4310"
538158,TX,0x201,3,0x90,0x90,0x00,0x00,,,,,"Set torque = 0"
538165,RX,0x181,4,0x30,0x30,0x00,0x00,0x01,,,,"Speed feedback = 0 rpm"
538185,TX,0x201,3,0x90,0x90,0x00,0x00,,,,,"Set torque = 0"
538212,TX,0x201,3,0x90,0x90,0x00,0x00,,,,,"Set torque = 0"
538238,TX,0x201,3,0x90,0x90,0x00,0x00,,,,,"Set torque = 0"
538251,RX,0x181,6,0x40,0x40,0x10,0x43,0x80,0x00,0x0B,,"Status word = 0x4310"
538258,RX,0x181,4,0x30,0x30,0x00,0x00,0x01,,,,"Speed feedback = 0 rpm"
538265,TX,0x201,3,0x90,0x90,0x00,0x00,,,,,"Set torque = 0"
538292,TX,0x201,3,0x90,0x90,0x00,0x00,,,,,"Set torque = 0"
538318,TX,0x201,3,0x90,0x90,0x00,0x00,,,,,"Set torque = 0"
538344,TX,0x201,3,0x90,0x90,0x00,0x00,,,,,"Set torque = 0"
538351,RX,0x181,6,0x40,0x40,0x10,0x43,0x80,0x00,0x0B,,"Status word = 0x4310"
538358,RX,0x181,4,0x30,0x30,0x00,0x00,0x01,,,,"Speed feedback = 0 rpm"
538370,TX,0x201,3,0x90,0x90,0x00,0x00,,,,,"Set torque = 0"
538396,TX,0x201,3,0x90,0x90,0x00,0x00,,,,,"Set torque = 0"
538422,TX,0x201,3,0x90,0x90,0x00,0x00,,,,,"Set torque = 0"
538448,TX,0x201,3,0x90,0x90,0x00,0x00,,,,,"Set torque = 0"
538454,RX,0x181,6,0x40,0x40,0x10,0x43,0x80,0x00,0x0B,,"Status word = 0x4310"
538461,RX,0x181,4,0x30,0x30,0x00,0x00,0x01,,,,"Speed feedback = 0 rpm"
538474,TX,0x201,3,0x90,0x90,0x00,0x00,,,,,"Set torque = 0"
538500,TX,0x201,3,0x90,0x90,0x00,0x00,,,,,"Set torque = 0"
538527,TX,0x201,3,0x90,0x90,0x00,0x00,,,,,"Set torque = 0"
538551,RX,0x181,6,0x40,0x40,0x10,0x43,0x80,0x00,0x0B,,"Status word = 0x4310"
538558,TX,0x201,3,0x90,0x90,0x00,0x00,,,,,"Set torque = 0"
538564,RX,0x181,4,0x30,0x30,0x00,0x00,0x01,,,,"Speed feedback = 0 rpm"
538584,TX,0x201,3,0x90,0x90,0x00,0x00,,,,,"Set torque = 0"
538610,TX,0x201,3,0x90,0x90,0x00,0x00,,,,,"Set torque = 0"
538636,TX,0x201,3,0x90,0x90,0x00,0x00,,,,,"Set torque = 0"
538651,RX,0x181,6,0x40,0x40,0x10,0x43,0x80,0x00,0x0B,,"Status word = 0x4310"
538658,RX,0x181,4,0x30,0x30,0x00,0x00,0x01,,,,"Speed feedback = 0 rpm"
538665,TX,0x201,3,0x90,0x90,0x00,0x00,,,,,"Set torque = 0"
538692,TX,0x201,3,0x90,0x90,0x00,0x00,,,,,"Set torque = 0"
538718,TX,0x201,3,0x90,0x90,0x00,0x00,,,,,"Set torque = 0"
538744,TX,0x201,3,0x90,0x90,0x00,0x00,,,,,"Set torque = 0"
538751,RX,0x181,6,0x40,0x40,0x10,0x43,0x80,0x00,0x0B,,"Status word = 0x4310"
538758,RX,0x181,4,0x30,0x30,0x00,0x00,0x01,,,,"Speed feedback = 0 rpm"
538770,TX,0x201,3,0x90,0x90,0x00,0x00,,,,,"Set torque = 0"
538796,TX,0x201,3,0x90,0x90,0x00,0x00,,,,,"Set torque = 0"
538822,TX,0x201,3,0x90,0x90,0x00,0x00,,,,,"Set torque = 0"
538849,TX,0x201,3,0x90,0x90,0x00,0x00,,,,,"Set torque = 0"
538855,RX,0x181,6,0x40,0x40,0x10,0x43,0x80,0x00,0x0B,,"Status word = 0x4310"
538862,RX,0x181,4,0x30,0x30,0x00,0x00,0x01,,,,"Speed feedback = 0 rpm"
538875,TX,0x201,3,0x90,0x90,0x00,0x00,,,,,"Set torque = 0"
538901,TX,0x201,3,0x90,0x90,0x00,0x00,,,,,"Set torque = 0"
538927,TX,0x201,3,0x90,0x90,0x00,0x00,,,,,"Set torque = 0"
538950,RX,0x181,6,0x40,0x40,0x10,0x43,0x80,0x00,0x0B,,"Status word = 0x4310"
538957,TX,0x201,3,0x90,0x90,0x00,0x00,,,,,"Set torque = 0"
538964,RX,0x181,4,0x30,0x30,0x00,0x00,0x01,,,,"Speed feedback = 0 rpm"
538984,TX,0x201,3,0x90,0x90,0x00,0x00,,,,,"Set torque = 0"
539010,TX,0x201,3,0x90,0x90,0x00,0x00,,,,,"Set torque = 0"
539036,TX,0x201,3,0x90,0x90,0x00,0x00,,,,,"Set torque = 0"
539050,RX,0x181,6,0x40,0x40,0x10,0x43,0x80,0x00,0x0B,,"Status word = 0x4310"
539057,RX,0x181,4,0x30,0x30,0x00,0x00,0x01,,,,"Speed feedback = 0 rpm"
539064,TX,0x201,3,0x90,0x90,0x00,0x00,,,,,"Set torque = 0"
539091,TX,0x201,3,0x90,0x90,0x00,0x00,,,,,"Set torque = 0"
539117,TX,0x201,3,0x90,0x90,0x00,0x00,,,,,"Set torque = 0"
539143,TX,0x201,3,0x90,0x90,0x00,0x00,,,,,"Set torque = 0"
539150,RX,0x181,6,0x40,0x40,0x10,0x43,0x80,0x00,0x0B,,"Status word = 0x4310"
539157,RX,0x181,4,0x30,0x30,0x00,0x00,0x01,,,,"Speed feedback = 0 rpm"
539170,TX,0x201,3,0x90,0x90,0x00,0x00,,,,,"Set torque = 0"
539196,TX,0x201,3,0x90,0x90,0x00,0x00,,,,,"Set torque = 0"
539222,TX,0x201,3,0x90,0x90,0x00,0x00,,,,,"Set torque = 0"
539248,TX,0x201,3,0x90,0x90,0x00,0x00,,,,,"Set torque = 0"
539254,RX,0x181,6,0x40,0x40,0x10,0x43,0x80,0x00,0x0B,,"Status word = 0x4310"
539261,RX,0x181,4,0x30,0x30,0x00,0x00,0x01,,,,"Speed feedback = 0 rpm"
539274,TX,0x201,3,0x90,0x90,0x00,0x00,,,,,"Set torque = 0"
539301,TX,0x201,3,0x90,0x90,0x00,0x00,,,,,"Set torque = 0"
539327,TX,0x201,3,0x90,0x90,0x00,0x00,,,,,"Set torque = 0"
539350,RX,0x181,6,0x40,0x40,0x10,0x43,0x80,0x00,0x0B,,"Status word = 0x4310"
539356,TX,0x201,3,0x90,0x90,0x00,0x00,,,,,"Set torque = 0"
539363,RX,0x181,4,0x30,0x30,0x00,0x00,0x01,,,,"Speed feedback = 0 rpm"
539383,TX,0x201,3,0x90,0x90,0x00,0x00,,,,,"Set torque = 0"
539409,TX,0x201,3,0x90,0x90,0x00,0x00,,,,,"Set torque = 0"
539435,TX,0x201,3,0x90,0x90,0x00,0x00,,,,,"Set torque = 0"
539449,RX,0x181,6,0x40,0x40,0x10,0x43,0x80,0x00,0x0B,,"Status word = 0x4310"
539457,RX,0x181,4,0x30,0x30,0x00,0x00,0x01,,,,"Speed feedback = 0 rpm"
539463,TX,0x201,3,0x90,0x90,0x00,0x00,,,,,"Set torque = 0"
539490,TX,0x201,3,0x90,0x90,0x00,0x00,,,,,"Set torque = 0"
539516,TX,0x201,3,0x90,0x90,0x00,0x00,,,,,"Set torque = 0"
539542,TX,0x201,3,0x90,0x90,0x00,0x00,,,,,"Set torque = 0"
539549,RX,0x181,6,0x40,0x40,0x10,0x43,0x80,0x00,0x0B,,"Status word = 0x4310"
539556,RX,0x181,4,0x30,0x30,0x00,0x00,0x01,,,,"Speed feedback = 0 rpm"
539568,TX,0x201,3,0x90,0x90,0x00,0x00,,,,,"Set torque = 0"
539594,TX,0x201,3,0x90,0x90,0x00,0x00,,,,,"Set torque = 0"
539621,TX,0x201,3,0x90,0x90,0x00,0x00,,,,,"Set torque = 0"
539647,TX,0x201,3,0x90,0x90,0x00,0x00,,,,,"Set torque = 0"
539653,RX,0x181,6,0x40,0x40,0x10,0x43,0x80,0x00,0x0B,,"Status word = 0x4310"
539660,RX,0x181,4,0x30,0x30,0x00,0x00,0x01,,,,"Speed feedback = 0 rpm"
539673,TX,0x201,3,0x90,0x90,0x00,0x00,,,,,"Set torque = 0"
539699,TX,0x201,3,0x90,0x90,0x00,0x00,,,,,"Set torque = 0"
539725,TX,0x201,3,0x90,0x90,0x00,0x00,,,,,"Set torque = 0"
539749,RX,0x181,6,0x40,0x40,0x10,0x43,0x80,0x00,0x0B,,"Status word = 0x4310"
539756,TX,0x201,3,0x90,0x90,0x00,0x00,,,,,"Set torque = 0"
539763,RX,0x181,4,0x30,0x30,0x00,0x00,0x01,,,,"Speed feedback = 0 rpm"
539783,TX,0x201,3,0x90,0x90,0x00,0x00,,,,,"Set torque = 0"
539809,TX,0x201,3,0x90,0x90,0x00,0x00,,,,,"Set torque = 0"
539835,TX,0x201,3,0x90,0x90,0x00,0x00,,,,,"Set torque = 0"
539849,RX,0x181,6,0x40,0x40,0x10,0x43,0x80,0x00,0x0B,,"Status word = 0x4310"
539856,RX,0x181,4,0x30,0x30,0x00,0x00,0x01,,,,"Speed feedback = 0 rpm"
539863,TX,0x201,3,0x90,0x90,0x00,0x00,,,,,"Set torque = 0"
539889,TX,0x201,3,0x90,0x90,0x00,0x00,,,,,"Set torque = 0"
539915,TX,0x201,3,0x90,0x90,0x00,0x00,,,,,"Set torque = 0"
539942,TX,0x201,3,0x90,0x90,0x00,0x00,,,,,"Set torque = 0"
539949,RX,0x181,6,0x40,0x40,0x10,0x43,0x80,0x00,0x0B,,"Status word = 0x4310"
539956,RX,0x181,4,0x30,0x30,0x00,0x00,0x01,,,,"Speed feedback = 0 rpm"
539968,TX,0x201,3,0x90,0x90,0x00,0x00,,,,,"Set torque = 0"
539994,TX,0x201,3,0x90,0x90,0x00,0x00,,,,,"Set torque = 0"
540020,TX,0x201,3,0x90,0x90,0x00,0x00,,,,,"Set torque = 0"
540046,TX,0x201,3,0x90,0x90,0x00,0x00,,,,,"Set torque = 0"
540052,RX,0x181,6,0x40,0x40,0x10,0x43,0x80,0x00,0x0B,,"Status word = 0x4310"
540059,RX,0x181,4,0x30,0x30,0x00,0x00,0x01,,,,"Speed feedback = 0 rpm"
540072,TX,0x201,3,0x90,0x90,0x00,0x00,,,,,"Set torque = 0"
540098,TX,0x201,3,0x90,0x90,0x00,0x00,,,,,"Set torque = 0"
540124,TX,0x201,3,0x90,0x90,0x00,0x00,,,,,"Set torque = 0"
540148,RX,0x181,6,0x40,0x40,0x10,0x43,0x80,0x00,0x0B,,"Status word = 0x4310"
540155,TX,0x201,3,0x90,0x90,0x00,0x00,,,,,"Set torque = 0"
540162,RX,0x181,4,0x30,0x30,0x00,0x00,0x01,,,,"Speed feedback = 0 rpm"
540182,TX,0x201,3,0x90,0x90,0x00,0x00,,,,,"Set torque = 0"
540208,TX,0x201,3,0x90,0x90,0x00,0x00,,,,,"Set torque = 0"
540234,TX,0x201,3,0x90,0x90,0x00,0x00,,,,,"Set torque = 0"
540248,RX,0x181,6,0x40,0x40,0x10,0x43,0x80,0x00,0x0B,,"Status word = 0x4310"
540255,RX,0x181,4,0x30,0x30,0x00,0x00,0x01,,,,"Speed feedback = 0 rpm"
540262,TX,0x201,3,0x90,0x90,0x00,0x00,,,,,"Set torque = 0"
540289,TX,0x201,3,0x90,0x90,0x00,0x00,,,,,"Set torque = 0"
540315,TX,0x201,3,0x90,0x90,0x00,0x00,,,,,"Set torque = 0"
540341,TX,0x201,3,0x90,0x90,0x00,0x00,,,,,"Set torque = 0"
540348,RX,0x181,6,0x40,0x40,0x10,0x43,0x80,0x00,0x0B,,"Status word = 0x4310"
540355,RX,0x181,4,0x30,0x30,0x00,0x00,0x01,,,,"Speed feedback = 0 rpm"
540367,TX,0x201,3,0x90,0x90,0x00,0x00,,,,,"Set torque = 0"
540394,TX,0x201,3,0x90,0x90,0x00,0x00,,,,,"Set torque = 0"
540420,TX,0x201,3,0x90,0x90,0x00,0x00,,,,,"Set torque = 0"
540446,TX,0x201,3,0x90,0x90,0x00,0x00,,,,,"Set torque = 0"
540452,RX,0x181,6,0x40,0x40,0x10,0x43,0x80,0x00,0x0B,,"Status word = 0x4310"
540459,RX,0x181,4,0x30,0x30,0x00,0x00,0x01,,,,"Speed feedback = 0 rpm"
540472,TX,0x201,3,0x90,0x90,0x00,0x00,,,,,"Set torque = 0"
540498,TX,0x201,3,0x90,0x90,0x00,0x00,,,,,"Set torque = 0"
540524,TX,0x201,3,0x90,0x90,0x00,0x00,,,,,"Set torque = 0"
540548,RX,0x181,6,0x40,0x40,0x10,0x43,0x80,0x00,0x0B,,"Status word = 0x4310"
540555,RX,0x181,4,0x30,0x30,0x00,0x00,0x01,,,,"Speed feedback = 0 rpm"
540562,TX,0x201,3,0x90,0x90,0x00,0x00,,,,,"Set torque = 0"
540588,TX,0x201,3,0x90,0x90,0x00,0x00,,,,,"Set torque = 0"
540616,TX,0x201,3,0x90,0x90,0x00,0x00,,,,,"Set torque = 0"
540642,TX,0x201,3,0x90,0x90,0x00,0x00,,,,,"Set torque = 0"
540648,RX,0x181,6,0x40,0x40,0x10,0x43,0x80,0x00,0x0B,,"Status word = 0x4310"
540655,RX,0x181,4,0x30,0x30,0x00,0x00,0x01,,,,"Speed feedback = 0 rpm"
540668,TX,0x201,3,0x90,0x90,0x00,0x00,,,,,"Set torque = 0"
540695,TX,0x201,3,0x90,0x90,0x00,0x00,,,,,"Set torque = 0"
540721,TX,0x201,3,0x90,0x90,0x00,0x00,,,,,"Set torque = 0"
540747,TX,0x201,3,0x90,0x90,0x00,0x00,,,,,"Set torque = 0"
540753,RX,0x181,6,0x40,0x40,0x10,0x43,0x80,0x00,0x0B,,"Status word = 0x4310"
540760,RX,0x181,4,0x30,0x30,0x00,0x00,0x01,,,,"Speed feedback = 0 rpm"
540773,TX,0x201,3,0x90,0x90,0x00,0x00,,,,,"Set torque = 0"
540799,TX,0x201,3,0x90,0x90,0x00,0x00,,,,,"Set torque = 0"
540825,TX,0x201,3,0x90,0x90,0x00,0x00,,,,,"Set torque = 0"
540847,RX,0x181,6,0x40,0x40,0x10,0x43,0x80,0x00,0x0B,,"Status word = 0x4310"
540854,RX,0x181,4,0x30,0x30,0x00,0x00,0x01,,,,"Speed feedback = 0 rpm"
540861,TX,0x201,3,0x90,0x90,0x00,0x00,,,,,"Set torque = 0"
540888,TX,0x201,3,0x90,0x90,0x00,0x00,,,,,"Set torque = 0"
540914,TX,0x201,3,0x90,0x90,0x00,0x00,,,,,"Set torque = 0"
540940,TX,0x201,3,0x90,0x90,0x00,0x00,,,,,"Set torque = 0"
540947,RX,0x181,6,0x40,0x40,0x10,0x43,0x80,0x00,0x0B,,"Status word = 0x4310"
540954,RX,0x181,4,0x30,0x30,0x00,0x00,0x01,,,,"Speed feedback = 0 rpm"
540966,TX,0x201,3,0x90,0x90,0x00,0x00,,,,,"Set torque = 0"
540992,TX,0x201,3,0x90,0x90,0x00,0x00,,,,,"Set torque = 0"
541019,TX,0x201,3,0x90,0x90,0x00,0x00,,,,,"Set torque = 0"
541045,TX,0x201,3,0x90,0x90,0x00,0x00,,,,,"Set torque = 0"
541051,RX,0x181,6,0x40,0x40,0x10,0x43,0x80,0x00,0x0B,,"Status word = 0x4310"
541058,RX,0x181,4,0x30,0x30,0x00,0x00,0x01,,,,"Speed feedback = 0 rpm"
541071,TX,0x201,3,0x90,0x90,0x00,0x00,,,,,"Set torque = 0"
541097,TX,0x201,3,0x90,0x90,0x00,0x00,,,,,"Set torque = 0"
541125,TX,0x201,3,0x90,0x90,0x00,0x00,,,,,"Set torque = 0"
541147,RX,0x181,6,0x40,0x40,0x10,0x43,0x80,0x00,0x0B,,"Status word = 0x4310"
541154,TX,0x201,3,0x90,0x90,0x00,0x00,,,,,"Set torque = 0"
541161,RX,0x181,4,0x30,0x30,0x00,0x00,0x01,,,,"Speed feedback = 0 rpm"
541181,TX,0x201,3,0x90,0x90,0x00,0x00,,,,,"Set torque = 0"
541207,TX,0x201,3,0x90,0x90,0x00,0x00,,,,,"Set torque = 0"
541233,TX,0x201,3,0x90,0x90,0x00,0x00,,,,,"Set torque = 0"
541247,RX,0x181,6,0x40,0x40,0x10,0x43,0x80,0x00,0x0B,,"Status word = 0x4310"
541254,RX,0x181,4,0x30,0x30,0x00,0x00,0x01,,,,"Speed feedback = 0 rpm"
541260,TX,0x201,3,0x90,0x90,0x00,0x00,,,,,"Set torque = 0"
541287,TX,0x201,3,0x90,0x90,0x00,0x00,,,,,"Set torque = 0"
541313,TX,0x201,3,0x90,0x90,0x00,0x00,,,,,"Set torque = 0"
541340,TX,0x201,3,0x90,0x90,0x00,0x00,,,,,"Set torque = 0"
541346,RX,0x181,6,0x40,0x40,0x10,0x43,0x80,0x00,0x0B,,"Status word = 0x4310"
541353,RX,0x181,4,0x30,0x30,0x00,0x00,0x01,,,,"Speed feedback = 0 rpm"
541366,TX,0x201,3,0x90,0x90,0x00,0x00,,,,,"Set torque = 0"
541392,TX,0x201,3,0x90,0x90,0x00,0x00,,,,,"Set torque = 0"
541418,TX,0x201,3,0x90,0x90,0x00,0x00,,,,,"Set torque = 0"
541444,TX,0x201,3,0x90,0x90,0x00,0x00,,,,,"Set torque = 0"
541450,RX,0x181,6,0x40,0x40,0x10,0x43,0x80,0x00,0x0B,,"Status word = 0x4310"
541457,RX,0x181,4,0x30,0x30,0x00,0x00,0x01,,,,"Speed feedback = 0 rpm"
541470,TX,0x201,3,0x90,0x90,0x00,0x00,,,,,"Set torque = 0"
541496,TX,0x201,3,0x90,0x90,0x00,0x00,,,,,"Set torque = 0"
541522,TX,0x201,3,0x90,0x90,0x00,0x00,,,,,"Set torque = 0"
541546,RX,0x181,6,0x40,0x40,0x10,0x43,0x80,0x00,0x0B,,"Status word = 0x4310"
541553,TX,0x201,3,0x90,0x90,0x00,0x00,,,,,"Set torque = 0"
541558,RX,0x181,4,0x30,0x30,0x00,0x00,0x01,,,,"Speed feedback = 0 rpm"
541578,TX,0x201,3,0x90,0x90,0x00,0x00,,,,,"Set torque = 0"
541604,TX,0x201,3,0x90,0x90,0x00,0x00,,,,,"Set torque = 0"
541630,TX,0x201,3,0x90,0x90,0x00,0x00,,,,,"Set torque = 0"
541646,RX,0x181,6,0x40,0x40,0x10,0x43,0x80,0x00,0x0B,,"Status word = 0x4310"
541653,RX,0x181,4,0x30,0x30,0x00,0x00,0x01,,,,"Speed feedback = 0 rpm"
541660,TX,0x201,3,0x90,0x90,0x00,0x00,,,,,"Set torque = 0"
541690,TX,0x201,3,0x90,0x90,0x00,0x00,,,,,"Set torque = 0"
541716,TX,0x201,3,0x90,0x90,0x00,0x00,,,,,"Set torque = 0"
541742,TX,0x201,3,0x90,0x90,0x00,0x00,,,,,"Set torque = 0"
541748,RX,0x181,6,0x40,0x40,0x10,0x43,0x80,0x00,0x0B,,"Status word = 0x4310"
541755,RX,0x181,4,0x30,0x30,0x00,0x00,0x01,,,,"Speed feedback = 0 rpm"
541768,TX,0x201,3,0x90,0x90,0x00,0x00,,,,,"Set torque = 0"
541794,TX,0x201,3,0x90,0x90,0x00,0x00,,,,,"Set torque = 0"
541820,TX,0x201,3,0x90,0x90,0x00,0x00,,,,,"Set torque = 0"
541846,TX,0x201,3,0x90,0x90,0x00,0x00,,,,,"Set torque = 0"
541852,RX,0x181,6,0x40,0x40,0x10,0x43,0x80,0x00,0x0B,,"Status word = 0x4310"
541859,RX,0x181,4,0x30,0x30,0x00,0x00,0x01,,,,"Speed feedback = 0 rpm"
541872,TX,0x201,3,0x90,0x90,0x00,0x00,,,,,"Set torque = 0"
541898,TX,0x201,3,0x90,0x90,0x00,0x00,,,,,"Set torque = 0"
541924,TX,0x201,3,0x90,0x90,0x00,0x00,,,,,"Set torque = 0"
541946,RX,0x181,6,0x40,0x40,0x10,0x43,0x80,0x00,0x0B,,"Status word = 0x4310"
541952,TX,0x201,3,0x90,0x90,0x00,0x00,,,,,"Set torque = 0"
541959,RX,0x181,4,0x30,0x30,0x00,0x00,0x01,,,,"Speed feedback = 0 rpm"
541979,TX,0x201,3,0x90,0x90,0x00,0x00,,,,,"Set torque = 0"
542005,TX,0x201,3,0x90,0x90,0x00,0x00,,,,,"Set torque = 0"
542031,TX,0x201,3,0x90,0x90,0x00,0x00,,,,,"Set torque = 0"
542045,RX,0x181,6,0x40,0x40,0x10,0x43,0x80,0x00,0x0B,,"Status word = 0x4310"
542052,RX,0x181,4,0x30,0x30,0x00,0x00,0x01,,,,"Speed feedback = 0 rpm"
542059,TX,0x201,3,0x90,0x90,0x00,0x00,,,,,"Set torque = 0"
542086,TX,0x201,3,0x90,0x90,0x00,0x00,,,,,"Set torque = 0"
542112,TX,0x201,3,0x90,0x90,0x00,0x00,,,,,"Set torque = 0"
542138,TX,0x201,3,0x90,0x90,0x00,0x00,,,,,"Set torque = 0"
542145,RX,0x181,6,0x40,0x40,0x10,0x43,0x80,0x00,0x0B,,"Status word = 0x4310"
542152,RX,0x181,4,0x30,0x30,0x00,0x00,0x01,,,,"Speed feedback = 0 rpm"
542164,TX,0x201,3,0x90,0x90,0x00,0x00,,,,,"Set torque = 0"
542190,TX,0x201,3,0x90,0x90,0x00,0x00,,,,,"Set torque = 0"
542216,TX,0x201,3,0x90,0x90,0x00,0x00,,,,,"Set torque = 0"
542242,TX,0x201,3,0x90,0x90,0x00,0x00,,,,,"Set torque = 0"
542249,RX,0x181,6,0x40,0x40,0x10,0x43,0x80,0x00,0x0B,,"Status word = 0x4310"
542255,RX,0x181,4,0x30,0x30,0x00,0x00,0x01,,,,"Speed feedback = 0 rpm"
542269,TX,0x201,3,0x90,0x90,0x00,0x00,,,,,"Set torque = 0"
542295,TX,0x201,3,0x90,0x90,0x00,0x00,,,,,"Set torque = 0"
542321,TX,0x201,3,0x90,0x90,0x00,0x00,,,,,"Set torque = 0"
542345,RX,0x181,6,0x40,0x40,0x10,0x43,0x80,0x00,0x0B,,"Status word = 0x4310"
542352,TX,0x201,3,0x90,0x90,0x00,0x00,,,,,"Set torque = 0"
542358,RX,0x181,4,0x30,0x30,0x00,0x00,0x01,,,,"Speed feedback = 0 rpm"
542378,TX,0x201,3,0x90,0x90,0x00,0x00,,,,,"Set torque = 0"
542405,TX,0x201,3,0x90,0x90,0x00,0x00,,,,,"Set torque = 0"
542431,TX,0x201,3,0x90,0x90,0x00,0x00,,,,,"Set torque = 0"
542445,RX,0x181,6,0x40,0x40,0x10,0x43,0x80,0x00,0x0B,,"Status word = 0x4310"
542452,RX,0x181,4,0x30,0x30,0x00,0x00,0x01,,,,"Speed feedback = 0 rpm"
542458,TX,0x201,3,0x90,0x90,0x00,0x00,,,,,"Set torque = 0"
542485,TX,0x201,3,0x90,0x90,0x00,0x00,,,,,"Set torque = 0"
542511,TX,0x201,3,0x90,0x90,0x00,0x00,,,,,"Set torque = 0"
542537,TX,0x201,3,0x90,0x90,0x00,0x00,,,,,"Set torque = 0"
542545,RX,0x181,6,0x40,0x40,0x10,0x43,0x80,0x00,0x0B,,"Status word = 0x4310"
542552,RX,0x181,4,0x30,0x30,0x00,0x00,0x01,,,,"Speed feedback = 0 rpm"
542563,TX,0x201,3,0x90,0x90,0x00,0x00,,,,,"Set torque = 0"
542589,TX,0x201,3,0x90,0x90,0x00,0x00,,,,,"Set torque = 0"
542615,TX,0x201,3,0x90,0x90,0x00,0x00,,,,,"Set torque = 0"
542641,TX,0x201,3,0x90,0x90,0x00,0x00,,,,,"Set torque = 0"
542647,RX,0x181,6,0x40,0x40,0x10,0x43,0x80,0x00,0x0B,,"Status word = 0x4310"
542654,RX,0x181,4,0x30,0x30,0x00,0x00,0x01,,,,"Speed feedback = 0 rpm"
542667,TX,0x201,3,0x90,0x90,0x00,0x00,,,,,"Set torque = 0"
542693,TX,0x201,3,0x90,0x90,0x00,0x00,,,,,"Set torque = 0"
542720,TX,0x201,3,0x90,0x90,0x00,0x00,,,,,"Set torque = 0"
542744,RX,0x181,6,0x40,0x40,0x10,0x43,0x80,0x00,0x0B,,"Status word = 0x4310"
542751,TX,0x201,3,0x90,0x90,0x00,0x00,,,,,"Set torque = 0"
542758,RX,0x181,4,0x30,0x30,0x00,0x00,0x01,,,,"Speed feedback = 0 rpm"
542778,TX,0x201,3,0x90,0x90,0x00,0x00,,,,,"Set torque = 0"
542804,TX,0x201,3,0x90,0x90,0x00,0x00,,,,,"Set torque = 0"
542830,TX,0x201,3,0x90,0x90,0x00,0x00,,,,,"Set torque = 0"
542844,RX,0x181,6,0x40,0x40,0x10,0x43,0x80,0x00,0x0B,,"Status word = 0x4310"
542851,RX,0x181,4,0x30,0x30,0x00,0x00,0x01,,,,"Speed feedback = 0 rpm"
542858,TX,0x201,3,0x90,0x90,0x00,0x00,,,,,"Set torque = 0"
542885,TX,0x201,3,0x90,0x90,0x00,0x00,,,,,"Set torque = 0"
542911,TX,0x201,3,0x90,0x90,0x00,0x00,,,,,"Set torque = 0"
542937,TX,0x201,3,0x90,0x90,0x00,0x00,,,,,"Set torque = 0"
542944,RX,0x181,6,0x40,0x40,0x10,0x43,0x80,0x00,0x0B,,"Status word = 0x4310"
542951,RX,0x181,4,0x30,0x30,0x00,0x00,0x01,,,,"Speed feedback = 0 rpm"
542963,TX,0x201,3,0x90,0x90,0x00,0x00,,,,,"Set torque = 0"
542989,TX,0x201,3,0x90,0x90,0x00,0x00,,,,,"Set torque = 0"
543015,TX,0x201,3,0x90,0x90,0x00,0x00,,,,,"Set torque = 0"
543042,TX,0x201,3,0x90,0x90,0x00,0x00,,,,,"Set torque = 0"
543048,RX,0x181,6,0x40,0x40,0x10,0x43,0x80,0x00,0x0B,,"Status word = 0x4310"
543055,RX,0x181,4,0x30,0x30,0x00,0x00,0x01,,,,"Speed feedback = 0 rpm"
543068,TX,0x201,3,0x90,0x90,0x00,0x00,,,,,"Set torque = 0"
543094,TX,0x201,3,0x90,0x90,0x00,0x00,,,,,"Set torque = 0"
543120,TX,0x201,3,0x90,0x90,0x00,0x00,,,,,"Set torque = 0"
543144,RX,0x181,6,0x40,0x40,0x10,0x43,0x80,0x00,0x0B,,"Status word = 0x4310"
543150,TX,0x201,3,0x90,0x90,0x00,0x00,,,,,"Set torque = 0"
543157,RX,0x181,4,0x30,0x30,0x00,0x00,0x01,,,,"Speed feedback = 0 rpm"
543177,TX,0x201,3,0x90,0x90,0x00,0x00,,,,,"Set torque = 0"
543203,TX,0x201,3,0x90,0x90,0x00,0x00,,,,,"Set torque = 0"
543229,TX,0x201,3,0x90,0x90,0x00,0x00,,,,,"Set torque = 0"
543243,RX,0x181,6,0x40,0x40,0x10,0x43,0x80,0x00,0x0B,,"Status word = 0x4310"
543250,RX,0x181,4,0x30,0x30,0x00,0x00,0x01,,,,"Speed feedback = 0 rpm"
543257,TX,0x201,3,0x90,0x90,0x00,0x00,,,,,"Set torque = 0"
543284,TX,0x201,3,0x90,0x90,0x00,0x00,,,,,"Set torque = 0"
543310,TX,0x201,3,0x90,0x90,0x00,0x00,,,,,"Set torque = 0"
543336,TX,0x201,3,0x90,0x90,0x00,0x00,,,,,"Set torque = 0"
543343,RX,0x181,6,0x40,0x40,0x10,0x43,0x80,0x00,0x0B,,"Status word = 0x4310"
543350,RX,0x181,4,0x30,0x30,0x00,0x00,0x01,,,,"Speed feedback = 0 rpm"
543363,TX,0x201,3,0x90,0x90,0x00,0x00,,,,,"Set torque = 0"
543389,TX,0x201,3,0x90,0x90,0x00,0x00,,,,,"Set torque = 0"
543415,TX,0x201,3,0x90,0x90,0x00,0x00,,,,,"Set torque = 0"
